 # author: MA Kubiak / Space Research Center PAS Warsaw Poland, contact: mkubiak@cbk.waw.pl                          
 # code version Program.keplerV_ellipt_V2      , Dates: calkV:20/04/2026  ; part_pr:20/04/2026                       
 # czas no T v_mas, kier.naplywu(dl, szer) macierz obrotu (ecl to helio), r, theta, phi(ecl,spher), V_detector(ecl,cart), IBEX_energy_channel
 #     2026.052479000000        0.1419110000000000E-01     7443.000000000000        -25.78400000689422         255.7450000000000         5.169000000000000        0.2459841265748581        0.9692738567985851         0.000000000000000       -0.9615244635393438        0.2440174711049008        0.1261989691358298        0.1223213615382913       -0.3104294319752456E-01    0.9920049496797150        0.9751360000000000         119.7095910000000       -0.2053800000000000E-01    -25.99600000000000        -14.71700000000000        0.4500000000000000E-01 00
 # routs_end= 150.00;    Maxwellian,    elliptOrb=Off                                                                                        
 # Numerical parameters: GridKl=10  GridKf=09  GridKV=05  epsV= 0.0000100  epssJon=.0010000                                                  
 # Numerical parameters: GridKl=10  GridKf=09  GridKV=05  epsV= 0.0000100  epssJon=.0010000; tessel128                                                                                                                                                                                                                                                                                                                                                                                                                                                                 
# Axis to the Sun: alpha_ecl= 295.5150000000000000 delta_Ecl= 0.1070000000000000 delta_Ax= 90.0000000000000000  repoint= 00131
 #  flag_atom: He                                                   
 #  flag_general:                                                   
 #                                                                  
 #                                                                  
  # Ly_a_Profil: zero                                               
  # flag_Itot: zero                                                 
 #  v_SW_Eqtr: speed3D.hybrid2026c_patched.dat                      
 #  n_SW_Eqtr: density3D.hybrid2026c_patched.dat                    
 #  phot_Eqtr: 0.8500000  phion_Helium_T12F107_2026c.dat            
 #  sigma_SW: p+He->H +He+, He + alpha (2 chnls);src:simuLosses.nb  
 #  flag_el:slow  swEqtrElectrons5.2026c.patched.dat                
 #  SW_lati: interpolation                                          
 #  phot_lati: analit pole-flattened after Pryor & Auchere          
 #
 #
 #
 #Spin  flux speed	speed^2 speed^3    long_ecl lat_ecl
   0.5000000000000000       0.3820518602079408E-02    33.33374986655833        1116.556231232167        37579.46195204102        193.4362026361722        89.48867694108638    
    1.500000000000000       0.4256836762409954E-02    33.91962500515982        1156.115985750579        39592.39722868153        201.4357463143921        88.49618687433654    
    2.500000000000000       0.4753882705760164E-02    34.51639786871718        1197.119314389216        41715.36416735512        203.0657939208708        87.49771019510548    
    3.500000000000000       0.5321748508608708E-02    35.12347215369442        1239.558141407360        43950.91805686636        203.7661123118836        86.49836433989833    
    4.500000000000000       0.5972351283865009E-02    35.74065666551437        1283.455840363928        46303.55200127885        204.1556944126026        85.49872817999572    
    5.500000000000000       0.6720151622617854E-02    36.36785844782066        1328.842528995328        48778.23393176767        204.4039048750437        84.49895997387561    
    6.500000000000000       0.7582368473433152E-02    37.00483867903353        1375.737317158451        51379.44018897516        204.5759600756626        83.49912064353447    
    7.500000000000000       0.8580129986670409E-02    37.65162710402500        1424.180506515248        54113.04671840333        204.7023116515914        82.49923863138564    
    8.500000000000000       0.9738562880637492E-02    38.30780699627952        1474.176017981153        56982.83815168196        204.7990862976119        81.49932899885637    
    9.500000000000000       0.1108893822523798E-01    38.97347625832769        1525.769899625825        59995.34076678465        204.8756224410880        80.49940046707248    
    10.50000000000000       0.1266870740246149E-01    39.64817761640892        1578.961742122778        63154.29915952834        204.9377018256777        79.49945843540220    
    11.50000000000000       0.1452495134267726E-01    40.33194436777187        1633.791605642727        66466.12327301806        204.9890955405095        78.49950642545002    
    12.50000000000000       0.1671501454206938E-01    41.02437696583167        1690.262179741299        69934.93687401959        205.0323681303598        77.49954683205573    
    13.50000000000000       0.1931085325516499E-01    41.72542758671042        1748.406321971027        73566.96781001928        205.0693243935169        76.49958134056574    
    14.50000000000000       0.2240179314848604E-01    42.43471151053465        1808.226018533666        77366.46689522681        205.1012713283571        75.49961117146134    
    15.50000000000000       0.2610029374092961E-01    43.15204558160011        1869.740765677539        81338.98221237469        205.1291786956216        74.49963723030243    
    16.50000000000000       0.3054777061459375E-01    43.87704233623995        1932.949921775873        85488.72715790774        205.1537812015912        73.49966020315132    
    17.50000000000000       0.3592443497647945E-01    44.60943393390398        1997.862721167764        89820.67355503644        205.1756456508098        72.49968061928242    
    18.50000000000000       0.4245965312215033E-01    45.34882765138151        2064.474923680011        94338.86344307674        205.1952163216260        71.49969889355489    
    19.50000000000000       0.5044761710072743E-01    46.09484220471316        2132.782179327819        99047.39379056644        205.2128463812242        70.49971535574883    
    20.50000000000000       0.6026914708953461E-01    46.84707957167161        2202.775762397626        103949.9840075413        205.2288201067227        69.49973027131543    
    21.50000000000000       0.7241729569098427E-01    47.60514340227920        2274.446508369328        109050.4175561547        205.2433689054717        68.49974385633669    
    22.50000000000000       0.8753785947554372E-01    48.36857395297445        2347.775558369879        114351.6361145348        205.2566830635526        67.49975628849640    
    23.50000000000000       0.1064767475658277        49.13679603916559        2422.730519672724        119855.5386046321        205.2689204948419        66.49976771524966    
    24.50000000000000       0.1303535871614663        49.90915436079137        2499.266658708953        125562.8781284455        205.2802133475742        65.49977825999233    
    25.50000000000000       0.1606533115414223        50.68496641817794        2577.333425567396        131473.8293254741        205.2906730565068        64.49978802677849    
    26.50000000000000       0.1993635644400751        51.46351992131519        2656.873000545069        137587.7676112948        205.3003942512635        63.49979710396997    
    27.50000000000000       0.2491554741576479        52.24404936775671        2737.818027035220        143903.0870953785        205.3094578119978        62.49980556708979    
    28.50000000000000       0.3136413623360419        53.02577712683676        2820.095758975599        150417.4910584821        205.3179332817980        61.49981348107472    
    29.50000000000000       0.3977521918854028        53.80800970085850        2903.637052190284        157128.5820111217        205.3258807884650        60.49982090206987    
    30.50000000000000       0.5081736510558277        54.58944771237071        2988.302036858987        164027.8142798576        205.3333525882639        59.49982787887015    
    31.50000000000000       0.6541684354472036        55.36936740108339        3074.006622850068        171110.6388979266        205.3403943156511        58.49983445408721    
    32.50000000000000       0.8484572500869694        56.14663769600763        3160.617703918314        178368.0887862507        205.3470460023048        57.49984066510103    
    33.50000000000000        1.108756197551459        56.92038109893052        3248.023869717676        185792.4262856714        205.3533429136635        56.49984654484108    
    34.50000000000000        1.459726465264551        57.68948952492256        3336.081172699112        193372.5322397843        205.3593162399979        55.49985212243158    
    35.50000000000000        1.935785826882165        58.45284050834218        3424.638093323724        201096.0413726311        205.3649936707017        54.49985742372771    
    36.50000000000000        2.585387305033642        59.20940976688492        3513.547537086082        208950.2687448802        205.3703998741965        53.49986247176383    
    37.50000000000000        3.476691784090036        59.95818124123681        3602.658488188544        216921.6310386589        205.3755569010695        52.49986728712985    
    38.50000000000000        4.705942500432220        60.69822920037647        3691.825196111608        224996.3872746172        205.3804845244034        51.49987188828902    
    39.50000000000000        6.409335749413438        61.42856306140816        3780.888114699227        233158.8503040947        205.3852005284282        50.49987629184750    
    40.50000000000000        8.779796252040907        62.14825752312770        3869.691062972965        241393.0519698662        205.3897209544279        49.49988051278393    
    41.50000000000000        12.09079714424118        62.85637487406748        3958.071136066666        249681.7331871999        205.3940603111130        48.49988456464593    
    42.50000000000000        16.73010239743725        63.55202947351660        4045.867136512138        258007.1441991149        205.3982317553125        47.49988845971877    
    43.50000000000000        23.24688309206832        64.23440753655930        4132.923283894948        266351.4962583361        205.4022472477608        46.49989220917084    
    44.50000000000000        32.41881955756589        64.90286152588472        4219.102174754888        274698.2788974136        205.4061176879000        45.49989582317956    
    45.50000000000000        45.34361070988859        65.55676946970564        4304.267494843719        283030.6587866558        205.4098530309255        44.49989931104064    
    46.50000000000000        63.56709197023223        66.19565292829824        4388.300089189883        291333.1154340530        205.4134623897495        43.49990268126334    
    47.50000000000000        89.25793225150372        66.81902291769023        4471.077485059502        299589.3904979216        205.4169541241052        42.49990594165356    
    48.50000000000000        125.4449127752356        67.42651528758890        4552.493329398440        307784.5743101467        205.4203359186499        41.49990909938688    
    49.50000000000000        176.3357077501414        68.01782213511218        4632.448464552830        315904.2362064030        205.4236148516226        40.49991216107265    
    50.50000000000000        247.7375891597956        68.59267502947586        4710.849003356345        323934.2666750762        205.4267974553673        39.49991513281049    
    51.50000000000000        347.6061594758140        69.15085901549649        4787.608857733309        331861.2088237569        205.4298897698278        38.49991802024019    
    52.50000000000000        486.7536478460961        69.69221578825983        4862.650343167616        339672.3445532683        205.4328973899541        37.49992082858608    
    53.50000000000000        679.7409351301900        70.21660227719175        4935.898600342310        347355.1392362301        205.4358255078157        36.49992356269624    
    54.50000000000000        945.9684281582953        70.72391547093893        5007.285596262719        354897.7284309074        205.4386789501058        35.49992622707763    
    55.50000000000000        1311.003679926846        71.21409193083703        5076.750121540357        362288.9343469527        205.4414622116163        34.49992882592727    
    56.50000000000000        1808.106130485143        71.68707419351789        5144.233009687735        369517.7642556448        205.4441794851871        33.49993136316023    
    57.50000000000000        2479.992157458001        72.14290148639192        5209.691048235448        376575.0223368509        205.4468346885579        32.49993384243470    
    58.50000000000000        3380.718833580487        72.58164786339135        5273.088043782478        383452.3524287833        205.4494314884958        31.49993626717456    
    59.50000000000000        4577.540104452320        73.00340994412927        5334.393187179584        390142.0881157424        205.4519733225218        30.49993864058957    
    60.50000000000000        6152.727563680784        73.40829886180613        5393.579660626279        396637.0869928015        205.4544634185136        29.49994096569377    
    61.50000000000000        8204.944535691635        73.79645069053730        5450.626406695591        402930.9638956275        205.4569048124305        28.49994324532200    
    62.50000000000000        10849.98002826593        74.16801986417664        5505.517099766701        409017.9812665514        205.4593003643707        27.49994548214487    
    63.50000000000000        14220.34759856843        74.52316126613023        5558.237728525618        414892.8199332198        205.4616527731485        26.49994767868238    
    64.50000000000000        18463.74021471424        74.86206270386248        5608.781287471021        420551.0968407021        205.4639645895534        25.49994983731638    
    65.50000000000000        23739.44330002214        75.18491267403297        5657.142902346038        425988.8208861930        205.4662382284335        24.49995196030168    
    66.50000000000000        30212.37675440352        75.49192160983596        5703.323168626812        431202.7966845963        205.4684759797313        23.49995404977654    
    67.50000000000000        38045.37249615766        75.78333095345455        5747.329470609982        436190.7773565339        205.4706800185810        22.49995610777199    
    68.50000000000000        47388.16880470596        76.05934926262253        5789.165985501412        440950.2977248934        205.4728524145669        21.49995813622048    
    69.50000000000000        58364.89083298307        76.32022917152172        5828.845728021381        445480.0980812437        205.4749951402304        20.49996013696387    
    70.50000000000000        71059.77629061877        76.56623549511482        5866.385556624583        449779.5449787205        205.4771100789022        19.49996211176074    
    71.50000000000000        85501.58962112688        76.79764765042441        5901.806495074648        453848.6686843006        205.4791990319302        18.49996406229306    
    72.50000000000000        101648.8857297147        77.01475028853825        5935.132217573072        457687.9856265158        205.4812637253636        17.49996599017254    
    73.50000000000000        119376.8211296717        77.21782256268392        5966.387265322297        461298.2823544142        205.4833058161491        16.49996789694635    
    74.50000000000000        138467.2927087391        77.40714549356113        5995.598154550161        464680.7457911962        205.4853268978886        15.49996978410249    
    75.50000000000000        158603.8634957186        77.58299969732184        6022.792954784007        467836.9105566349        205.4873285062039        14.49997165307484    
    76.50000000000000        179374.5699240211        77.74566056239038        6048.000412620272        470768.5454703587        205.4893121237465        13.49997350524783    
    77.50000000000000        200279.7879976799        77.89539450200424        6071.249343486413        473477.5833558114        205.4912791848919        12.49997534196078    
    78.50000000000000        220748.7679179306        78.03245361587784        6092.567680368474        475965.9988620551        205.4932310801487        11.49997716451208    
    79.50000000000000        240163.6537964269        78.15707209307901        6111.981788013151        478235.7159957829        205.4951691603142        10.49997897416304    
    80.50000000000000        257889.1360203640        78.26946134966447        6129.515612395238        480288.4997918542        205.4970947404043        9.499980772141500    
    81.50000000000000        273307.5246273340        78.36981201687986        6145.190969544082        482125.9899727315        205.4990091033815        8.499982559645442    
    82.50000000000000        285853.6680073524        78.45829001354161        6159.026818605545        483749.6037943048        205.5009135037054        7.499984337846212    
    83.50000000000000        295048.8515752163        78.53503184671546        6171.038469073725        485160.4377655446        205.5028091707274        6.499986107891676    
    84.50000000000000        300532.6491410263        78.60014797496957        6181.238042445879        486359.3151012295        205.5046973119489        5.499987870909335    
    85.50000000000000        302086.6998698896        78.65371690316267        6189.633448889484        487346.6546352515        205.5065791161623        4.499989628009221    
    86.50000000000000        299648.5912059717        78.69577906340143        6196.227405550177        488122.3536661546        205.5084557564928        3.499991380286694    
    87.50000000000000        293315.1597725771        78.72634549500710        6201.018840166545        488685.9590892942        205.5103283933565        2.499993128825292    
    88.50000000000000        283336.6322740794        78.74539652938152        6204.002599649184        489036.6230326178        205.5121981773530        1.499994874699376    
    89.50000000000000        270102.2846486968        78.75289035697004        6205.170826471072        489173.2692072869        205.5140662521058       0.4999966189767618    
    90.50000000000000        254112.8920930699        78.74874583149311        6204.510234111642        489094.2694088524        205.5159337570669      -0.5000016372785971    
    91.50000000000000        235946.8313752972        78.73283709528113        6202.001261017711        488797.3432282727        205.5178018302991       -1.499999893004044    
    92.50000000000000        215985.9733471525        78.70529661367415        6197.666579419059        488285.3829683946        205.5196716112522       -2.499998147135666    
    93.50000000000000        195593.8899352159        78.66512077521435        6191.347904530647        487539.6557586812        205.5215442435448       -3.499996398605621    
    94.50000000000000        174653.4630052717        78.61295680895834        6183.152199818896        486573.3924484585        205.5234208777697       -4.499994646339556    
    95.50000000000000        153963.4146248427        78.54829129886883        6173.001727088606        485377.7699131825        205.5253026743338       -5.499992889253996    
    96.50000000000000        134006.3242730942        78.47088762067392        6160.864080112521        483949.5240031041        205.5271908063504       -6.499991126253559    
    97.50000000000000        115175.7502942730        78.38049892356135        6146.706363142992        482285.4615332801        205.5290864625977       -7.499989356228254    
    98.50000000000000        97766.76760490614        78.27684604062668        6130.491819944904        480382.0732759879        205.5309908505605       -8.499987578050616    
    99.50000000000000        81976.36047120488        78.15964230817286        6112.183803961762        478236.0083029571        205.5329051995709       -9.499985790572804    
    100.5000000000000        67911.44947348862        78.02860894773053        6091.748231537838        475844.3656520604        205.5348307640667       -10.49998399262352    
    101.5000000000000        55597.43528526570        77.88343289679590        6069.147006132067        473203.9225965671        205.5367688269858       -11.49998218300483    
    102.5000000000000        44991.43597271024        77.72381134645525        6044.345316993123        470312.0284864287        205.5387207033165       -12.49998036048895    
    103.5000000000000        35999.13741413558        77.54946022752681        6017.312932695292        467166.7486626687        205.5406877438261       -13.49997852381460    
    104.5000000000000        28489.14770951391        77.36005686982749        5988.015092901604        463765.7748650684        205.5426713389897       -14.49997667168348    
    105.5000000000000        22306.90882259145        77.15531987501436        5956.425563729613        460108.0212505138        205.5446729231461       -15.49997480275634    
    106.5000000000000        17287.67585835852        76.93498694413583        5922.522891893223        456193.1456621936        205.5466939789071       -16.49997291564880    
    107.5000000000000        13266.33054975005        76.69877107951473        5886.283595617799        452020.7499753833        205.5487360418509       -17.49997100892709    
    108.5000000000000        10084.94105736516        76.44643170178372        5847.693632633776        447591.7615462093        205.5508007055326       -18.49996908110329    
    109.5000000000000        7598.180678812991        76.17770359097429        5806.736976512280        442907.0474846701        205.5528896268479       -19.49996713063030    
    110.5000000000000        5676.547841279546        75.89237322909102        5763.407829803976        437968.8748984699        205.5550045317907       -20.49996515589655    
    111.5000000000000        4207.600355705293        75.59022175739911        5717.701598597612        432779.8304406012        205.5571472216498       -21.49996315522015    
    112.5000000000000        3096.041203379187        75.27105410026749        5669.619671635875        427343.3990885106        205.5593195796916       -22.49996112684266    
    113.5000000000000        2262.896953241838        74.93469141545329        5619.167930059824        421663.7437080966        205.5615235783887       -23.49995906892235    
    114.5000000000000        1643.943535081215        74.58097114240761        5566.356970286721        415745.7479892355        205.5637612872512       -24.49995697952690    
    115.5000000000000        1187.851394079599        74.20977777283196        5511.206726144032        409595.5262436623        205.5660348813334       -25.49995485662542    
    116.5000000000000        854.2453714703331        73.82099086538760        5453.738574147542        403219.5128432958        205.5683466504919       -26.49995269807986    
    117.5000000000000        611.8657299367952        73.41453527934094        5393.982696647487        396625.2604839575        205.5706990094827       -27.49995050163550    
    118.5000000000000        436.8205214926046        72.99038496068239        5331.978501077000        389821.4595324772        205.5730945089959       -28.49994826491074    
    119.5000000000000        311.0613780965296        72.54853635210084        5267.770807372623        382817.5193632629        205.5755358477391       -29.49994598538578    
    120.5000000000000        221.1109014841795        72.08901409104195        5201.410231951060        375623.5443977433        205.5780258856961       -30.49994366039018    
    121.5000000000000        157.0056959376627        71.61185008035997        5132.950205395114        368250.0066524355        205.5805676587023       -31.49994128708938    
    122.5000000000000        111.4539093994367        71.11716494370550        5062.458397157466        360708.9335743505        205.5831643945029       -32.49993886246958    
    123.5000000000000        79.15479713710469        70.60509256687119        4990.005494090605        353012.6463781222        205.5858195304755       -33.49993638332124    
    124.5000000000000        56.28463719361559        70.07584840526374        4915.675013361368        345174.8115420613        205.5885367332332       -34.49993384622081    
    125.5000000000000        40.10006414091724        69.52965335252208        4839.551817393507        337209.1296505946        205.5913199203494       -35.49993124751045    
    126.5000000000000        28.64515592509261        68.96681155178719        4761.733043187676        329130.4841391245        205.5941732844844       -36.49992858327533    
    127.5000000000000        20.53092830251350        68.38771735798294        4682.328497696996        320954.9131660565        205.5971013202363       -37.49992584931886    
    128.5000000000000        14.77432518139881        67.79285524675737        4601.459853748947        312699.4373000426        205.6001088540886       -38.49992304113449    
    129.5000000000000        10.68111228678397        67.18274102102302        4519.252126350712        304381.1335526844        205.6032010778838       -39.49992015387450    
    130.5000000000000        7.762232228462422        66.55795390683281        4435.837469571001        296017.4630314683        205.6063835863258       -40.49991718231507    
    131.5000000000000        5.673482162922437        65.91915641285760        4351.357547331178        287626.4845652718        205.6096624190914       -41.49991412081691    
    132.5000000000000        4.172668099757786        65.26705294658016        4265.957039084643        279226.1078054318        205.6130441082345       -42.49991096328091    
    133.5000000000000        3.089328467878361        64.60240989696152        4179.785977149560        270834.3036284584        205.6165357316785       -43.49990770309834    
    134.5000000000000        2.303351442702121        63.92601930724184        4092.994308405205        262468.5123666077        205.6201449737362       -44.49990433309429    
    135.5000000000000        1.729972468149352        63.23874060411086        4005.737103824285        254146.1476937989        205.6238801937656       -45.49990084546349    
    136.5000000000000        1.309214601688446        62.54148839955165        3918.172567856767        245884.3798967831        205.6277505042678       -46.49989723169751    
    137.5000000000000       0.9985101492855241        61.83513357021000        3830.448792030495        237698.8227893902        205.6317658599883       -47.49989348250150    
    138.5000000000000       0.7675753064699942        61.12062827977132        3742.719865831220        229605.1157721973        205.6359371598752       -48.49988958769891    
    139.5000000000000       0.5947812596143772        60.39896022000335        3655.139067945836        221618.2020758840        205.6402763641199       -49.49988553612241    
    140.5000000000000       0.4645728086239048        59.67097101325997        3567.836939019888        213750.3636978984        205.6447966289523       -50.49988131548783    
    141.5000000000000       0.3657707154071477        58.93768164679747        3480.960902017215        206014.8750020789        205.6495124624218       -51.49987691224882    
    142.5000000000000       0.2902631150686714        58.19998979708159        3394.638094870436        198422.5978471378        205.6544399050798       -52.49987231142806    
    143.5000000000000       0.2321369846356571        57.45875624750094        3308.986701050200        190983.1126542446        205.6595967403433       -53.49986749642102    
    144.5000000000000       0.1870676338392606        56.71480099106202        3224.114981786395        183704.6142866680        205.6650027403899       -54.49986244876605    
    145.5000000000000       0.1518706685291454        55.96892181782174        3140.124212836960        176594.2631872117        205.6706799547966       -55.49985714787515    
    146.5000000000000       0.1241865302210911        55.22185912983952        3057.104924180553        169657.9078817194        205.6766530508538       -56.49985157071617    
    147.5000000000000       0.1022583606101734        54.47430936122942        2975.138286631129        162900.2133316383        205.6829497166846       -57.49984569143620    
    148.5000000000000       0.8476917528044304E-01    53.72692759691759        2894.297247917978        156324.8498592808        205.6896011411279       -58.49983948091379    
    149.5000000000000       0.7072526849974219E-01    52.98026654379508        2814.639397013016        149933.8847541481        205.6966425880023       -59.49983290622252    
    150.5000000000000       0.5937315373378343E-01    52.23488985731724        2736.220733534240        143729.0514782494        205.7041140871468       -60.49982592998582    
    151.5000000000000       0.5013795499696030E-01    51.49132258392640        2659.089762399015        137711.2382334883        205.7120612709210       -61.49981850959602    
    152.5000000000000       0.4257787046638304E-01    50.75004993524718        2583.288025061013        131880.6029950036        205.7205363931884       -62.49981059626270    
    153.5000000000000       0.3635128342742210E-01    50.01154568099758        2508.853361429711        126236.8632843737        205.7295995789871       -63.49980213384598    
    154.5000000000000       0.3119328816075078E-01    49.27621859036545        2435.813984400154        120778.8209751251        205.7393203682099       -64.49979305741509    
    155.5000000000000       0.2689605187824487E-01    48.54446791723266        2364.195112151807        115504.9583686335        205.7497796372949       -65.49978329145404    
    156.5000000000000       0.2329647827623468E-01    47.81665403327600        2294.015908760746        110413.2090807787        205.7610720115208       -66.49977274760911    
    157.5000000000000       0.2026554169827951E-01    47.09310648451296        2225.290445480560        105501.0550799513        205.7733089205300       -67.49976132183589    
    158.5000000000000       0.1770067776984035E-01    46.37418582692882        2158.034173358513        100766.0420618440        205.7866225064947       -68.49974889075004    
    159.5000000000000       0.1551967835244664E-01    45.66016009643353        2092.251822625612        96204.89525514562        205.8011706760522       -69.49973530691000    
    160.5000000000000       0.1365661312922678E-01    44.95131833810089        2027.948502406054        91814.34503967492        205.8171437065670       -70.49972039264850    
    161.5000000000000       0.1205813858432035E-01    44.24794286443578        1965.127671019788        87591.03186118157        205.8347729947988       -71.49970393190350    
    162.5000000000000       0.1068094795296750E-01    43.55031086791251        1903.790662096937        83531.43303651840        205.8543428048689       -72.49968565924834    
    163.5000000000000       0.9489691373460760E-02    42.85866043338147        1843.933883514501        79631.69795885465        205.8762062878347       -73.49966524493350    
    164.5000000000000       0.8455330641084924E-02    42.17323606644095        1785.553371390606        75887.99453393070        205.9008077017858       -74.49964227413805    
    165.5000000000000       0.7553999273689984E-02    41.49428098342946        1728.643743455060        72296.41850188999        205.9287138254604       -75.49961621763649    
    166.5000000000000       0.6765868796408161E-02    40.82202352713848        1673.197763577948        68853.01733733078        205.9606593317516       -76.49958638942985    
    167.5000000000000       0.6074624013547348E-02    40.15679701789115        1619.215407948642        65554.30066183217        205.9976139374248       -77.49955188404162    
    168.5000000000000       0.5466360625619492E-02    39.49877662738219        1566.682778707517        62395.97849040684        206.0408845817365       -78.49951148110287    
    169.5000000000000       0.4929609725244138E-02    38.84816646011467        1515.587468136996        59373.90960489917        206.0922759815792       -79.49946349542209    
    170.5000000000000       0.4454698749523361E-02    38.20528964002478        1465.925779903418        56484.54176008519        206.1543525664798       -80.49940553237920    
    171.5000000000000       0.4033292650744508E-02    37.57025226286226        1417.675879693573        53723.29969031549        206.2308852568277       -81.49933407069217    
    172.5000000000000       0.3658481973552572E-02    36.94329500005922        1370.826016094014        51086.28987407129        206.3276555389640       -82.49924371148596    
    173.5000000000000       0.3324361371812816E-02    36.32466697944812        1325.364306116754        48569.68145635864        206.4540014274985       -83.49912573442847    
    174.5000000000000       0.3025805061033267E-02    35.71449445011730        1281.269006560555        46169.16454455334        206.6260489108976       -84.49896507945751    
    175.5000000000000       0.2758512909286655E-02    35.11305074626372        1238.528924863528        43881.11021413322        206.8742483094144       -85.49873330672172    
    176.5000000000000       0.2518744810357321E-02    34.52053090870864        1197.126433454649        41701.61024392915        207.2638132323440       -86.49836949966398    
    177.5000000000000       0.2303217535945290E-02    33.93708837803678        1157.040584595902        39626.66862268002        207.9641013719528       -87.49771541372799    
    178.5000000000000       0.2109176134419428E-02    33.36300404862677        1118.258712090820        37652.80134517644        209.5940818947805       -88.49619222702827    
    179.5000000000000       0.1934319932557107E-02    32.79867193373515        1080.770216790444        35776.42921165402        217.5933709683811       -89.48868288732324    
    180.5000000000000       0.1775794546105363E-02    32.24052162038821        1044.314441052399        33982.50470120120        13.43687395322852       -89.48867309119633    
    181.5000000000000       0.1632597744228694E-02    31.69546928533614        1009.327351854490        32290.36840959376        21.43595528606618       -88.49618223451016    
    182.5000000000000       0.1502857252912544E-02    31.15941923085353        975.4878819612449        30680.80260103894        23.06591846038583       -87.49770540498349    
    183.5000000000000       0.1385088742178558E-02    30.63297724642928        942.8111234065180        29152.54085962219        23.76620180047180       -86.49835948643505    
    184.5000000000000       0.1278056455642976E-02    30.11633000076319        911.2791580704769        27702.50237029032        24.15576474579150       -85.49872329164567    
    185.5000000000000       0.1180646935462867E-02    29.60955153378873        880.8662131873615        26327.28836247465        24.40396314269130       -84.49895506344598    
    186.5000000000000       0.1091903149017646E-02    29.11273040384578        851.5479623023353        25023.68567108412        24.57601004984521       -83.49911571787884    
    187.5000000000000       0.1010939294172531E-02    28.62585438806277        823.2942138585613        23788.31073410769        24.70235557677850       -82.49923369459871    
    188.5000000000000       0.9369941209187926E-03    28.14901707620626        796.0814139418687        22618.17694735696        24.79912561722684       -81.49932405357923    
    189.5000000000000       0.8694107900812808E-03    27.68220522162286        769.8806747151367        21510.18563471269        24.87565813809825       -80.49939551510796    
    190.5000000000000       0.8075399488178020E-03    27.22542978105892        744.6645144230520        20461.37541714883        24.93773459959167       -79.49945347803566    
    191.5000000000000       0.7508654171640966E-03    26.77864876592562        720.4034336448977        19468.81740767486        24.98912590679633       -78.49950146362991    
    192.5000000000000       0.6988962503556304E-03    26.34189938640069        697.0729691549275        18529.89109120949        25.03239647980075       -77.49954186650208    
    193.5000000000000       0.6511958887017116E-03    25.91506710365077        674.6408070755870        17641.73898964586        25.06935102941924       -76.49957637183796    
    194.5000000000000       0.6073716951642640E-03    25.49814440075021        653.0814218832547        16801.88614498063        25.10129649085013       -75.49960620000272    
    195.5000000000000       0.5670741971104284E-03    25.09105234588888        632.3661088704057        16007.81659770865        25.12920257806592       -74.49963225647022    
    196.5000000000000       0.5299890987075589E-03    24.69372690883607        612.4678708601941        15257.17654576717        25.15380396198646       -73.49965522723762    
    197.5000000000000       0.4958299698388520E-03    24.30612341794318        593.3614309800560        14547.76226732807        25.17566741992389       -72.49967564152911    
    198.5000000000000       0.4643304669907706E-03    23.92805855870899        575.0152920882862        13877.21526108804        25.19523720891619       -71.49969391416458    
    199.5000000000000       0.4352750261598425E-03    23.55953736098167        557.4082359286251        13243.64596264850        25.21286647923186       -70.49971037489287    
    200.5000000000000       0.4084371955635497E-03    23.20033404039087        540.5085465472205        12644.85383689248        25.22883949439074       -69.49972528914002    
    201.5000000000000       0.3836396568743236E-03    22.85043709682831        524.2958595705945        12079.13121725459        25.24338765068775       -68.49973887296768    
    202.5000000000000       0.3607071563582932E-03    22.50967318442028        508.7427121726601        11544.57838536056        25.25670122512338       -67.49975130404276    
    203.5000000000000       0.3394851465417631E-03    22.17793148658085        493.8255930696138        11039.50971619776        25.26893812404676       -66.49976272980656    
    204.5000000000000       0.3198300887319541E-03    21.85506457826139        479.5200460239477        10562.26824610577        25.28023048939949       -65.49977327364321    
    205.5000000000000       0.3016105102959173E-03    21.54086939108829        465.7998703274985        10111.19775635232        25.29068975063786       -64.49978303959693    
    206.5000000000000       0.2847112608046573E-03    21.23523860790155        452.6442136799038        9684.889681991574        25.30041053288844       -63.49979211602132    
    207.5000000000000       0.2690232765377696E-03    20.93798624685633        440.0294031416836        9281.892170738078        25.30947371246480       -62.49980057843224    
    208.5000000000000       0.2544513784187107E-03    20.64900232552859        427.9359595623486        8900.946863327827        25.31794882915655       -61.49980849176033    
    209.5000000000000       0.2409095112637875E-03    20.36814347346320        416.3435771150236        8540.813501734534        25.32589600791565       -60.49981591214546    
    210.5000000000000       0.2283134320438551E-03    20.09524307960785        405.2318393438340        8200.299323479723        25.33336750253355       -59.49982288837793    
    211.5000000000000       0.2165912816678471E-03    19.83016097346392        394.5820287098661        7878.305192083952        25.34040894530881       -58.49982946306537    
    212.5000000000000       0.2056754407999069E-03    19.57276005894969        384.3763282392364        7573.803996066463        25.34706036602889       -57.49983567358431    
    213.5000000000000       0.1955030806394855E-03    19.32287762839250        374.5964787878280        7285.791806266677        25.35335702846827       -56.49984155286111    
    214.5000000000000       0.1860181314613964E-03    19.08036669882066        365.2255213652111        7013.341279748596        25.35933012142804       -55.49984713001722    
    215.5000000000000       0.1771673855750587E-03    18.84505601299722        356.2461666330054        6755.549874845940        25.36500733299888       -54.49985243090543    
    216.5000000000000       0.1689033172072296E-03    18.61679949755925        347.6427361348711        6511.595396258631        25.37041333044297       -53.49985747855798    
    217.5000000000000       0.1611824045362186E-03    18.39544540787716        339.3999000277248        6280.695625720507        25.37557016331295       -52.49986229356281    
    218.5000000000000       0.1539642246263700E-03    18.18082881838016        331.5023833833747        6062.098322513369        25.38049760376514       -51.49986689438149    
    219.5000000000000       0.1472127886732705E-03    17.97280715578805        323.9363276018734        5855.119047795477        25.38521343519776       -50.49987129761860    
    220.5000000000000       0.1408946001554923E-03    17.77123046628685        316.6880765191406        5659.102763335369        25.38973369814607       -49.49987551825141    
    221.5000000000000       0.1349785108883907E-03    17.57594088400239        309.7441696631140        5473.422928504514        25.39407290064493       -48.49987956982629    
    222.5000000000000       0.1294369724388395E-03    17.38681197728130        303.0928023623672        5297.521185926387        25.39824419891161       -47.49988346462737    
    223.5000000000000       0.1242437410290744E-03    17.20369615453046        296.7217935057281        5130.847378070530        25.40225955312610       -46.49988721382197    
    224.5000000000000       0.1193747483882816E-03    17.02645267870509        290.6196473927174        4972.888949577640        25.40612986222661       -45.49989082758665    
    225.5000000000000       0.1148080833995676E-03    16.85495091977317        284.7756258017599        4823.170784053597        25.40986508094962       -44.49989431521623    
    226.5000000000000       0.1105233032163956E-03    16.68905863119582        279.1793109543510        4681.242254021410        25.41347432178845       -43.49989768521914    
    227.5000000000000       0.1065014477755496E-03    16.52865254068981        273.8209727651609        4546.686076613026        25.41696594409361       -42.49990094540063    
    228.5000000000000       0.1027252696926835E-03    16.37361575073693        268.6914370015224        4419.113073766521        25.42034763217185       -41.49990410293565    
    229.5000000000000       0.9917832867356593E-04    16.22382587041873        263.7816625729121        4298.150290338305        25.42362646394069       -40.49990716443290    
    230.5000000000000       0.9584570020750125E-04    16.07916748463251        259.0831574321459        4183.450854710431        25.42680897144869       -39.49991013599143    
    231.5000000000000       0.9271336848054895E-04    15.93952647796730        254.5877691378411        4074.687697573601        25.42990119436818       -38.49991302325058    
    232.5000000000000       0.8976862355897664E-04    15.80479382911754        250.2877892596941        3971.555130710508        25.43290872739867       -37.49991583143424    
    233.5000000000000       0.8699958251502228E-04    15.67485864868556        246.1757070147739        3873.761892725921        25.43583676237895       -36.49991856538996    
    234.5000000000000       0.8439547106561175E-04    15.54962021475630        242.2446026512639        3781.040439493653        25.43869012578889       -35.49992122962437    
    235.5000000000000       0.8194632366987953E-04    15.42897954930720        238.4878435059977        3693.138385301648        25.44147331222356       -34.49992382833415    
    236.5000000000000       0.7964259147455051E-04    15.31283285727835        234.8988595816723        3609.812430274977        25.44419051434035       -33.49992636543396    
    237.5000000000000       0.7747589828808998E-04    15.20109025621235        231.4717482351690        3530.842747063990        25.44684564970994       -32.49992884458172    
    238.5000000000000       0.7543822234493685E-04    15.09365846958710        228.2006907496119        3456.017943843979        25.44944238494302       -31.49993126920102    
    239.5000000000000       0.7352216825079927E-04    14.99044842497649        225.0801890759454        3385.140362137812        25.45198415741518       -30.49993364250132    
    240.5000000000000       0.7172103203646656E-04    14.89137897789005        222.1051750984028        3318.028252117457        25.45447419486933       -29.49993596749641    
    241.5000000000000       0.7002843938530106E-04    14.79636671753716        219.2706747659667        3254.507262169059        25.45691553313935       -28.49993824702097    
    242.5000000000000       0.6843857851994582E-04    14.70533377387134        216.5720454010293        3194.415666635654        25.45931103220711       -27.49994048374530    
    243.5000000000000       0.6694595029730941E-04    14.61820321459745        214.0048222927116        3137.600375438858        25.46166339077875       -26.49994268018925    
    244.5000000000000       0.6554556397402132E-04    14.53490364618088        211.5648540309370        3083.919762423499        25.46397515954294       -25.49994483873448    
    245.5000000000000       0.6423271865673575E-04    14.45536541094316        209.2481749863342        3033.240330032339        25.46624875325436       -24.49994696163560    
    246.5000000000000       0.6300298386264448E-04    14.37951920473887        207.0509554050992        2985.435262202067        25.46848646176843       -23.49994905103070    
    247.5000000000000       0.6185238985455948E-04    14.30730411118001        204.9697436423701        2940.389799616260        25.47069046013835       -22.49995110895074    
    248.5000000000000       0.6077729624318681E-04    14.23866226618258        203.0012924516976        2897.996898986062        25.47286281787327       -21.49995313732792    
    249.5000000000000       0.5977432465946812E-04    14.17353750743147        201.1425109231040        2858.155885231773        25.47500550744462       -20.49995513800405    
    250.5000000000000       0.5884052590231415E-04    14.11188099764604        199.3906291377098        2820.775986360830        25.47712041211834       -19.49995711273757    
    251.5000000000000       0.5797307829056766E-04    14.05364375779493        197.7429686493474        2785.770959126305        25.47920933318206       -18.49995906321031    
    252.5000000000000       0.5716936311970818E-04    13.99878271066882        196.1971197768048        2753.062930539047        25.48127399662913       -17.49996099103388    
    253.5000000000000       0.5642701228664778E-04    13.94725454664601        194.7507484362050        2722.577767457778        25.48331605935465       -16.49996289775542    
    254.5000000000000       0.5574378339305197E-04    13.89901638432228        193.4016134248544        2694.245359094821        25.48533711491299       -15.49996478486274    
    255.5000000000000       0.5511770405332129E-04    13.85402825654898        192.1476387188193        2668.001148348701        25.48733869888182       -14.49996665378970    
    256.5000000000000       0.5454695828255246E-04    13.81225339624010        190.9869167003212        2643.786042271214        25.48932229387245       -13.49996850592069    
    257.5000000000000       0.5402992427184802E-04    13.77365512757828        189.9176143446883        2621.544244122191        25.49128933422320       -12.49997034259487    
    258.5000000000000       0.5356516984325996E-04    13.73820405525384        188.9381778228488        2601.227590127857        25.49324121040886       -11.49997216511061    
    259.5000000000000       0.5315142961457920E-04    13.70587131076727        188.0471351874710        2582.791185647114        25.49517927319620       -10.49997397472920    
    260.5000000000000       0.5278740947475425E-04    13.67662633636304        187.2430277432642        2566.191784410358        25.49710483757327       -9.499975772678361    
    261.5000000000000       0.5247201338355406E-04    13.65044311530460        186.5245890652449        2551.391628159153        25.49901918647762       -8.499977560156060    
    262.5000000000000       0.5220429351305860E-04    13.62729978768107        185.8907319210096        2538.358097176219        25.50092357434682       -7.499979338333640    
    263.5000000000000       0.5198350022091830E-04    13.60717782400325        185.3405219288607        2527.063064786979        25.50281923051276       -6.499981108358853    
    264.5000000000000       0.5180899580133170E-04    13.59006174916986        184.8731674689173        2517.482615820772        25.50470736245995       -5.499982871359212    
    265.5000000000000       0.5168029932871814E-04    13.57594195350712        184.4880996931147        2509.598741825937        25.50658915896649       -4.499984628444757    
    266.5000000000000       0.5159704570016243E-04    13.56481065961900        184.1848547389194        2503.396745925181        25.50846579314551       -3.499986380710754    
    267.5000000000000       0.5155890731377038E-04    13.55666022455073        183.9630240441692        2498.864140992208        25.51033842540387       -2.499988129240753    
    268.5000000000000       0.5151638219553271E-04    13.55142317714259        183.8206339197935        2495.957769300882        25.51220820633406       -1.499989875109147    
    269.5000000000000       0.5161702172543825E-04    13.54927006185311        183.7621829774946        2494.766583317587        25.51407627955492      -0.4999916193836650    
    270.5000000000000       0.5171325654456195E-04    13.55002434821850        183.7828734460443        2495.192715745558        25.51594378451600       0.5000066368717066    
    271.5000000000000       0.5185464906239718E-04    13.55374964007005        183.8844415555463        2497.271755717973        25.51781185928026        1.500004892594272    
    272.5000000000000       0.5204161738091086E-04    13.56044896024850        184.0670371164568        2501.008158390619        25.51968164329960        2.500003146720192    
    273.5000000000000       0.5227471111994343E-04    13.57012723812665        184.3309147369602        2506.409611144397        25.52155428019761        3.500001398181575    
    274.5000000000000       0.5255469974912087E-04    13.58279227426945        184.6764629729057        2513.487698698293        25.52343092057394        4.499999645904020    
    275.5000000000000       0.5288249327244232E-04    13.59845455511451        185.1041999436800        2522.257834782428        25.52531272484498        5.499997888804106    
    276.5000000000000       0.5325922685489827E-04    13.61712776194276        185.6147879932932        2532.739587407349        25.52720086613590        6.499996125786396    
    277.5000000000000       0.5368601810739708E-04    13.63882285288013        186.2088622277492        2544.952957916556        25.52909653323932        7.499994355740816    
    278.5000000000000       0.5416427191609098E-04    13.66355823220453        186.8873289367966        2558.924973669672        25.53100093365683        8.499992577539984    
    279.5000000000000       0.5469553850120258E-04    13.69135509984588        187.6512305332433        2574.686756206464        25.53291529674004        9.499990790035957    
    280.5000000000000       0.5528147718035303E-04    13.72223460547788        188.5016653289781        2592.271840121871        25.53484087694890        10.49998899205734    
    281.5000000000000       0.5592393163138889E-04    13.75622147808473        189.4398952687874        2611.718596636441        25.53677895724617        11.49998718240630    
    282.5000000000000       0.5662492693099464E-04    13.79334384222951        190.4673431182015        2633.070251918225        25.53873085264800        12.49998535985487    
    283.5000000000000       0.5738657617945432E-04    13.83363058693677        191.5855151078123        2656.373204369729        25.54069791395222        13.49998352314173    
    284.5000000000000       0.5821131761705222E-04    13.87711724470954        192.7961791301873        2681.681109457458        25.54268153166784        14.49998167096860    
    285.5000000000000       0.5910180362194987E-04    13.92384295800218        194.1012791731764        2709.053102366174        25.54468314017067        15.49997980199609    
    286.5000000000000       0.6006088432729797E-04    13.97384415302693        195.5027509683700        2738.549799617357        25.54670422211290        16.49997791483973    
    287.5000000000000       0.6109178567372743E-04    14.02716303797584        197.0027814817049        2770.239289978153        25.54874631311668        17.49997600806574    
    288.5000000000000       0.6219798837277654E-04    14.08384340679154        198.6036857464215        2804.194464754078        25.55081100678471        18.49997408018606    
    289.5000000000000       0.6338317978969346E-04    14.14393242812269        200.3079641743269        2840.494445654463        25.55289996006432        19.49997212965346    
    290.5000000000000       0.6465111626374418E-04    14.20747556517955        202.1181550054942        2879.221424662634        25.55501489900537        20.49997015485636    
    291.5000000000000       0.6600596241999440E-04    14.27452342663528        204.0370440503255        2920.465556160175        25.55715762495649        21.49996815411271    
    292.5000000000000       0.6745232377172793E-04    14.34512955425814        206.0676022319838        2964.323707342346        25.55933002124936        22.49996612566390    
    293.5000000000000       0.6899519233310731E-04    14.41935232481755        208.2130496829980        3010.901146098976        25.56153406042623        23.49996406766817    
    294.5000000000000       0.7063971606015194E-04    14.49724847553250        210.4766672253009        3060.307510748235        25.56377181207250        24.49996197819301    
    295.5000000000000       0.7239160120214573E-04    14.57888341758939        212.8621148964500        3112.664300622578        25.56604545132340        25.49995985520731    
    296.5000000000000       0.7425697008835455E-04    14.66432555760155        215.3732668365877        3168.101385732481        25.56835726812259        26.49995769657297    
    297.5000000000000       0.7624236838688846E-04    14.75364404536684        218.0141475291248        3226.755780965451        25.57070967731962        27.49995550003508    
    298.5000000000000       0.7835516934803931E-04    14.84691688503995        220.7891909532524        3288.777996473660        25.57310522970527        28.49995326321175    
    299.5000000000000       0.8060332261042850E-04    14.94422247976840        223.7029881529960        3354.326518555219        25.57554662409542        29.49995098358310    
    300.5000000000000       0.8299566176194700E-04    15.04564051402514        226.7603295552277        3423.569311709146        25.57803672059006        30.49994865847844    
    301.5000000000000       0.8554179290688962E-04    15.15125684326162        229.9663611636532        3496.687748287075        25.58057855515019        31.49994628506291    
    302.5000000000000       0.8825209503963070E-04    15.26116091063187        233.3265196666027        3573.875658721603        25.58317535565562        32.49994386032254    
    303.5000000000000       0.9113792415577777E-04    15.37544732190880        236.8465891217461        3655.341054214790        25.58583055962940        33.49994138104752    
    304.5000000000000       0.9421161021022087E-04    15.49421147436673        240.5325798915347        3741.303918183360        25.58854783384124        34.49993884381393    
    305.5000000000000       0.9748690603247059E-04    15.61755652769376        244.3909626832775        3832.002358021737        25.59133109603335        35.49993624496368    
    306.5000000000000       0.1009780313603904E-03    15.74557209103762        248.4279781927744        3927.676057233152        25.59418453904841        36.49993358058163    
    307.5000000000000       0.1047013711452329E-03    15.87837270474701        252.6509377649981        4028.599669441433        25.59711265768173        37.49993084647071    
    308.5000000000000       0.1086732535800673E-03    16.01604433117197        257.0664192480292        4135.037364994304        25.60012027862981        38.49992803812408    
    309.5000000000000       0.1129129146361479E-03    16.15870937745681        261.6825012499481        4247.300933841492        25.60321259396616        39.49992515069356    
    310.5000000000000       0.1174392056604731E-03    16.30646165804117        266.5065571898726        4365.693933597241        25.60639519864479        40.49992217895483    
    311.5000000000000       0.1222741637636773E-03    16.45942259013696        271.5471627629668        4490.560743000150        25.60967413261439        41.49991911726813    
    312.5000000000000       0.1274422419952658E-03    16.61772819294817        276.8137379364330        4622.280182231919        25.61305592822406        42.49991595953383    
    313.5000000000000       0.1329661796479673E-03    16.78145944030272        282.3140709570679        4761.199784131515        25.61654766371856        43.49991269914252    
    314.5000000000000       0.1388780801583994E-03    16.95080990265279        288.0602521896702        4907.794332557725        25.62015702376158        44.49990932891870    
    315.5000000000000       0.1452038567959076E-03    17.12584500622694        294.0602121001165        5062.442855746506        25.62389236809355        45.49990584105642    
    316.5000000000000       0.1519825847473928E-03    17.30678156345442        300.3276163763869        5225.692593364663        25.62776280963451        46.49990222704635    
    317.5000000000000       0.1592469752062712E-03    17.49369922710206        306.8716618094807        5397.988605398061        25.63177830358881        47.49989847759289    
    318.5000000000000       0.1670414820101890E-03    17.68679342582801        313.7061120880418        5579.917150800416        25.63594974940863        48.49989458251855    
    319.5000000000000       0.1754076708768577E-03    17.88617496366297        320.8421145135045        5772.013110793949        25.64028910783971        49.49989053065489    
    320.5000000000000       0.1843967720999248E-03    18.09200573863299        328.2931538060979        5974.896828873217        25.64480953572358        50.49988630971671    
    321.5000000000000       0.1940606821872293E-03    18.30442897986545        336.0725207421414        6189.206268478617        25.64952554178527        51.49988190615635    
    322.5000000000000       0.2044581360905457E-03    18.52358261515210        344.1938129756161        6415.612136563906        25.65445316732518        52.49987730499508    
    323.5000000000000       0.2156545706975005E-03    18.74963782893764        352.6724353515784        6654.863109379170        25.65961019659184        53.49987248962686    
    324.5000000000000       0.2277221441546401E-03    18.98275399790452        361.5239124088860        6907.739612655915        25.66501640268921        54.49986744158833    
    325.5000000000000       0.2407393069052453E-03    19.22309688612550        370.7646402979991        7175.078706860797        25.67069383622906        55.49986214028952    
    326.5000000000000       0.2547934169155480E-03    19.47082928685098        380.4114556345723        7457.760844388473        25.67666716566097        56.49985656269615    
    327.5000000000000       0.2699813077404075E-03    19.72612476837909        390.4823422974673        7756.737727367015        25.68296408041122        57.49985068295294    
    328.5000000000000       0.2864096032801889E-03    19.98915666929534        400.9959153617044        8073.016178473523        25.68961577078843        58.49984447193560    
    329.5000000000000       0.3041941031531752E-03    20.26007702756444        411.9706633203247        8407.640027672003        25.69665750227491        59.49983789671473    
    330.5000000000000       0.3234664229764047E-03    20.53907809301739        423.4274712200167        8761.770306216182        25.70412930660067        60.49983091991026    
    331.5000000000000       0.3443705480147175E-03    20.82631462936557        435.3863674342865        9136.584522031275        25.71207681828300        61.49982349891038    
    332.5000000000000       0.3670650214838588E-03    21.12192880989470        447.8675519659236        9533.310939280234        25.72055229365910        62.49981558492025    
    333.5000000000000       0.3917362353889629E-03    21.42613753546980        460.8954371546586        9953.371874014658        25.72961586061605        63.49980712179465    
    334.5000000000000       0.4185776010520846E-03    21.73907690957203        474.4916232355515        10398.14740027501        25.73933706234524        64.49979804459662    
    335.5000000000000       0.4478107983714451E-03    22.06087321239792        488.6780141881454        10869.08091567958        25.74979677912492        65.49978827780316    
    336.5000000000000       0.4796838399329869E-03    22.39170238337546        503.4797300886386        11367.78916022525        25.76108964073075        66.49977773305223    
    337.5000000000000       0.5144694049868414E-03    22.73172390819458        518.9220320268929        11895.95766479191        25.77332708210636        67.49976630628946    
    338.5000000000000       0.5524840773628799E-03    23.08107838035966        535.0301981354204        12455.33983847064        25.78664125171683        68.49975387411904    
    339.5000000000000       0.5940571784045636E-03    23.43985663003413        551.8279128950280        13047.69720311214        25.80119006372706        69.49974028908539    
    340.5000000000000       0.6395930653313382E-03    23.80823659443040        569.3440270230810        13675.05404024275        25.81716380458208        70.49972537350445    
    341.5000000000000       0.6895306278794493E-03    24.18641257605671        587.6094252036951        14339.59922787059        25.83479388209734        71.49970891129378    
    342.5000000000000       0.7443411103198748E-03    24.57430190749447        606.6414766310590        15043.07044228584        25.85436457399233        72.49969063700165    
    343.5000000000000       0.8046056292182136E-03    24.97229258543353        626.4830681135583        15788.29229977271        25.87622904824051        73.49967022084716    
    344.5000000000000       0.8709061909115077E-03    25.38017284999452        647.1465489155735        16576.97094010064        25.90083158424213        74.49964724797022    
    345.5000000000000       0.9439938988020968E-03    25.79831847752931        668.6762337520470        17412.17599375906        25.92873898796709        75.49962118909509    
    346.5000000000000       0.1024634224108956E-02    26.22665035218782        691.0932511343200        18296.14774217299        25.96068596766978        76.49959135815756    
    347.5000000000000       0.1113751716572820E-02    26.66536441957589        714.4343999995212        19231.86001819757        25.99764228688437        77.49955684959525    
    348.5000000000000       0.1212400845306394E-02    27.11452116008610        738.7301262714398        20222.13559771529        26.04091494804531        78.49951644292294    
    349.5000000000000       0.1321737119278563E-02    27.57416235301497        764.0107745946437        21269.90324320076        26.09230875551966        79.49946845278861    
    350.5000000000000       0.1443165049563915E-02    28.04443818601236        790.3136344502615        22378.49676585702        26.15438826352252        80.49941048434363    
    351.5000000000000       0.1578222620401614E-02    28.52535701968220        817.6689694491986        23551.07375698012        26.23092457648331        81.49933901596930    
    352.5000000000000       0.1728686441238063E-02    29.01690366639487        846.1061798473741        24790.85813019284        26.32769946420348        82.49924864827284    
    353.5000000000000       0.1896666906906628E-02    29.51923285110091        875.6661823430829        26101.74329033132        26.45405140175120        83.49913066008394    
    354.5000000000000       0.2084497060844669E-02    30.03209367214316        906.3646959571304        27486.52917599892        26.62610717864363        84.49896998988699    
    355.5000000000000       0.2295001275799966E-02    30.55577090479390        938.2530494952116        28949.89075393484        26.87431864275166        85.49873819507145    
    356.5000000000000       0.2531303510908783E-02    31.08992086598505        971.3417210140460        30494.59931463865        27.26390272118048        86.49837435312675    
    357.5000000000000       0.2797238783892637E-02    31.63478577414599        1005.680755538137        32125.53916300021        27.96422591196441        87.49772020384886    
    358.5000000000000       0.3097092784590523E-02    32.19009490679781        1041.286943469324        33846.07999492236        29.59429086789339        88.49619686685205    
    359.5000000000000       0.3435869599393642E-02    32.75591537978180        1078.204542110484        35661.35857252926        37.59404229997121        89.48868673718796    
