 # author: MA Kubiak / Space Research Center PAS Warsaw Poland, contact: mkubiak@cbk.waw.pl                          
 # code version Program.keplerV_ellipt_V2      , Dates: calkV:20/04/2026  ; part_pr:20/04/2026                       
 # czas no T v_mas, kier.naplywu(dl, szer) macierz obrotu (ecl to helio), r, theta, phi(ecl,spher), V_detector(ecl,cart), IBEX_energy_channel
 #     2025.950530000000        0.1419110000000000E-01     7443.000000000000        -25.78400000689422         255.7450000000000         5.169000000000000        0.2459841265748581        0.9692738567985851         0.000000000000000       -0.9615244635393438        0.2440174711049008        0.1261989691358298        0.1223213615382913       -0.3104294319752456E-01    0.9920049496797150        0.9761260000000000         82.07528300000000       -0.2351800000000000E-01    -29.58100000000000         3.960999999999999       -0.2900000000000000E-01 00
 # routs_end= 150.00;    Maxwellian,    elliptOrb=Off                                                                                        
 # Numerical parameters: GridKl=10  GridKf=09  GridKV=05  epsV= 0.0000100  epssJon=.0010000                                                  
 # Numerical parameters: GridKl=10  GridKf=09  GridKV=05  epsV= 0.0000100  epssJon=.0010000; tessel128                                                                                                                                                                                                                                                                                                                                                                                                                                                                 
# Axis to the Sun: alpha_ecl= 257.9930000000000000 delta_Ecl= 0.0700000000000000 delta_Ax= 105.0000000000000000  repoint= 00077
 #  flag_atom: He                                                   
 #  flag_general:                                                   
 #                                                                  
 #                                                                  
  # Ly_a_Profil: zero                                               
  # flag_Itot: zero                                                 
 #  v_SW_Eqtr: speed3D.hybrid2026c_patched.dat                      
 #  n_SW_Eqtr: density3D.hybrid2026c_patched.dat                    
 #  phot_Eqtr: 0.8500000  phion_Helium_T12F107_2026c.dat            
 #  sigma_SW: p+He->H +He+, He + alpha (2 chnls);src:simuLosses.nb  
 #  flag_el:slow  swEqtrElectrons5.2026c.patched.dat                
 #  SW_lati: interpolation                                          
 #  phot_lati: analit pole-flattened after Pryor & Auchere          
 #
 #
 #
 #Spin  flux speed	speed^2 speed^3    long_ecl lat_ecl
   0.5000000000000000       0.1468771432018212        32.58924838616428        1066.931603699015        35088.60577712741        79.84988844176976        74.92189455896634    
    1.500000000000000       0.1481116256418265        33.09036166686578        1099.964475704464        36729.09206160410        83.54758118751165        74.85722722571087    
    2.500000000000000       0.1492451097152196        33.59928679252008        1134.022023276864        38446.09992920995        87.19786475913666        74.72871440932545    
    3.500000000000000       0.1502727607188918        34.11579023651718        1169.110987825056        40241.86357297965        90.77174304058521        74.53794868843110    
    4.500000000000000       0.1511874699638458        34.63952456892515        1205.229744888421        42118.22487767522        94.24380531030380        74.28719833879875    
    5.500000000000000       0.1519842657061075        35.17023190551370        1242.382228605720        44077.34920788970        97.59307456389266        73.97928104859989    
    6.500000000000000       0.1526583963086268        35.70760492136910        1280.568504324358        46121.24518826526        100.8034163035703        73.61742159885395    
    7.500000000000000       0.1532019944673023        36.25137778372348        1319.790735557048        48252.05480201840        103.8635389219117        73.20510826675036    
    8.500000000000000       0.1536128727332111        36.80132232064927        1360.053331690242        50472.08468934699        106.7666679172564        72.74595993271956    
    9.500000000000000       0.1538845837717586        37.35716591185678        1401.356497200628        52783.42403446134        109.5099996706185        72.24361191069052    
    10.50000000000000       0.1540151115767645        37.91871559303947        1443.705605514224        55188.47552702318        112.0940394916118        71.70162446910184    
    11.50000000000000       0.1540009537677385        38.48575286745199        1487.103252963237        57689.50070897978        114.5219113840519        71.12341462744715    
    12.50000000000000       0.1538401141715539        39.05805623697458        1531.551000357851        60288.71889218719        116.7987025801740        70.51220944436191    
    13.50000000000000       0.1535340623849349        39.63541626252349        1577.050308088092        62988.34524896706        118.9308814284799        69.87101766669895    
    14.50000000000000       0.1530793301925628        40.21754103576762        1623.595069107268        65790.14223271211        120.9258068260916        69.20261609591022    
    15.50000000000000       0.1524802396456879        40.80420674544830        1671.183541550830        68696.12798832617        122.7913325936795        68.50954709089443    
    16.50000000000000       0.1517337328176369        41.39513365517497        1719.808304677980        71707.95974318622        124.5355008115965        67.79412402350928    
    17.50000000000000       0.1508436489381979        41.98995371232493        1769.453262956453        74826.72328044423        126.1663131338906        67.05844204738041    
    18.50000000000000       0.1498126712699319        42.58841296852779        1820.110156736225        78053.93785279039        127.6915672113801        66.30439210816012    
    19.50000000000000       0.1486418650608906        43.19014051461943        1871.760009622796        81390.43577402552        129.1187454460927        65.53367664300345    
    20.50000000000000       0.1473342851752884        43.79479404202666        1924.384472202763        84837.01435535346        130.4549444857325        64.74782585635211    
    21.50000000000000       0.1458924859880510        44.40204751214385        1977.964831842922        88394.36875620630        131.7068355389387        63.94821381028598    
    22.50000000000000       0.1443243171773916        45.01153142165241        2032.477313517198        92062.81285873972        132.8806473683377        63.13607383645684    
    23.50000000000000       0.1426288439839627        45.62277980763768        2087.887041788798        95841.77628276429        133.9821654851609        62.31251297489082    
    24.50000000000000       0.1408128465718058        46.23557971278208        2144.181141802420        99732.14850250077        135.0167425254098        61.47852528634893    
    25.50000000000000       0.1388826180495462        46.84939177951597        2201.314184994446        103732.4180258501        135.9893160014049        60.63500398235782    
    26.50000000000000       0.1368416715934979        47.46392368306159        2259.262432020137        107842.5129465662        136.9044306009672        59.78275238154744    
    27.50000000000000       0.1346969231885099        48.07873923809638        2317.986566331915        112061.1292324657        137.7662629752759        58.92249374153766    
    28.50000000000000       0.1324535499939360        48.69346368736220        2377.451076197304        116387.0909265558        138.5786475483386        58.05488003927834    
    29.50000000000000       0.1301175163165671        49.30765913302240        2437.612360782572        120818.4926263061        139.3451023289409        57.18049978471912    
    30.50000000000000       0.1276950686169705        49.92100673868684        2498.436922118919        125354.0530467144        140.0688540397492        56.29988495683006    
    31.50000000000000       0.1251924998570298        50.53304357406151        2559.874818315189        129991.0969248658        140.7528621233943        55.41351715007882    
    32.50000000000000       0.1226181863708479        51.14337586576855        2621.881139329147        134727.1702921301        141.3998413627194        54.52183301545435    
    33.50000000000000       0.1199770388410834        51.75160359913669        2684.408448628436        139559.4620643666        142.0122829786003        53.62522907435024    
    34.50000000000000       0.1172782528432666        52.35731232892289        2747.405731292116        144484.6982847809        142.5924741568305        52.72406597699869    
    35.50000000000000       0.1145240482696204        52.96016684547728        2810.828691534986        149499.9821605152        143.1425160155367        51.81867227026856    
    36.50000000000000       0.1117287827705510        53.55971710431065        2874.618889855344        154601.1022206687        143.6643400640417        50.90934773288910    
    37.50000000000000       0.1088942769269543        54.15561879502240        2938.727362494980        159784.4232855923        144.1597232287541        49.99636632975744    
    38.50000000000000       0.1060266361197798        54.74753308129391        3003.104221283137        165046.0706536502        144.6303015357932        49.07997883105928    
    39.50000000000000       0.1031367665113238        55.33502000461606        3067.686834021519        170380.9388512136        145.0775825468043        48.16041513653059    
    40.50000000000000       0.1002317465303055        55.91768579413892        3132.415881972179        175783.9990167110        145.5029566460957        47.23788634032870    
    41.50000000000000       0.9731577734227956E-01    56.49520188513335        3197.237601553086        181250.4899929756        145.9077072755086        46.31258656764618    
    42.50000000000000       0.9439637500684393E-01    57.06721449409003        3262.094102691192        186775.1356620918        146.2930202095310        45.38469461035989    
    43.50000000000000       0.9148118363654373E-01    57.63334988285666        3326.923683457714        192352.1412075101        146.6599919579419        44.45437538562187    
    44.50000000000000       0.8857616456347024E-01    58.19321838303898        3391.661307952754        197975.2304223047        147.0096373773328        43.52178123832482    
    45.50000000000000       0.8568781443286683E-01    58.74649849095287        3456.248464166062        203638.5092076201        147.3428965666221        42.58705310576858    
    46.50000000000000       0.8282172371270695E-01    59.29286466389686        3520.625003965162        209335.7681736934        147.6606411154362        41.65032156057762    
    47.50000000000000       0.7998311338544029E-01    59.83195129530940        3584.724685816288        215060.0648518349        147.9636797681629        40.71170774593002    
    48.50000000000000       0.7717777749091670E-01    60.36344865324927        3648.486895364847        220804.7950750540        148.2527635607162        39.77132421542377    
    49.50000000000000       0.7441049386848883E-01    60.88698471915654        3711.842388088955        226562.3981670843        148.5285904816438        38.82927568839411    
    50.50000000000000       0.7168659856382586E-01    61.40227165458938        3774.731255457157        232326.0086413947        148.7918097041973        37.88565973017634    
    51.50000000000000       0.6900903392976733E-01    61.90894246330691        3837.082693150772        238087.5714533704        149.0430254313813        36.94056736565920    
    52.50000000000000       0.6638281046445325E-01    62.40672209283158        3898.836543869062        243839.8767223421        149.2828003917962        35.99408363347136    
    53.50000000000000       0.6381025592780834E-01    62.89529099723756        3959.926302993284        249574.9678872586        149.5116590202720        35.04628808726775    
    54.50000000000000       0.6129513327719465E-01    63.37435171073213        4020.287597976799        255284.9518372726        149.7300903538347        34.09725524981965    
    55.50000000000000       0.5883978315094021E-01    63.84360529641096        4079.855223980179        260961.7179141786        149.9385506704348        33.14705502494355    
    56.50000000000000       0.5644655124608590E-01    64.30277946912587        4138.566851902982        266597.3045057406        150.1374658950605        32.19575307172106    
    57.50000000000000       0.5411767013756398E-01    64.75160949320082        4196.360738857901        272183.6940781326        150.3272337953412        31.24341114495044    
    58.50000000000000       0.5185477293302242E-01    65.18981645710195        4253.172853394763        277712.5280256761        150.5082259864865        30.29008740532257    
    59.50000000000000       0.4965950627931790E-01    65.61714615005813        4308.942206401765        283175.6552295097        150.6807897633802        29.33583670242154    
    60.50000000000000       0.4753229413251622E-01    66.03334056778797        4363.607077217166        288564.7573212816        150.8452497758339        28.38071083330517    
    61.50000000000000       0.4547495005032460E-01    66.43810858993429        4417.101143071262        293870.9685173311        151.0019095613802        27.42475877911750    
    62.50000000000000       0.4348698047410801E-01    66.83130376562623        4469.377558648981        299087.3222796976        151.1510529485305        26.46802692191864    
    63.50000000000000       0.4156956639271591E-01    67.21260314256786        4520.365673131231        304204.3783447854        151.2929453421190        25.51055924368221    
    64.50000000000000       0.3972228011091636E-01    67.58185225294764        4570.017760445591        309214.9724157772        151.4278349011886        24.55239750920399    
    65.50000000000000       0.3794550552045744E-01    67.93876837903834        4618.268787594468        314110.1284225676        151.5559536188275        23.59358143448133    
    66.50000000000000       0.3623845771994960E-01    68.28319912384457        4665.071847558214        318882.7020383026        151.6775183124308        22.63414884196267    
    67.50000000000000       0.3460068594786322E-01    68.61487415411698        4710.364146776910        323523.8890216703        151.7927315320164        21.67413580392233    
    68.50000000000000       0.3303129278331727E-01    68.93363018879450        4754.098106532049        328026.4535013823        151.9017823934754        20.71357677508947    
    69.50000000000000       0.3152930530446467E-01    69.23927038791682        4796.221987255315        332382.7282444810        152.0048473429537        19.75250471554863    
    70.50000000000000       0.3009343802741395E-01    69.53159548624079        4836.684215431060        336585.0691386356        152.1020908579569        18.79095120482823    
    71.50000000000000       0.2872187623459842E-01    69.81042587464606        4875.436576355377        340626.2042753526        152.1936660902174        17.82894654800673    
    72.50000000000000       0.2741301476584470E-01    70.07556079054190        4912.428448950340        344498.6267075978        152.2797154548702        16.86651987458637    
    73.50000000000000       0.2616487624225138E-01    70.32685053193718        4947.617271204190        348195.7348207920        152.3603711700372        15.90369923081549    
    74.50000000000000       0.2497583834158090E-01    70.56413333633753        4980.959453342084        351710.8549784931        152.4357557505147        14.94051166607782    
    75.50000000000000       0.2384406344570226E-01    70.78726175013888        5012.414307540173        355037.6828413844        152.5059824588954        13.97698331391278    
    76.50000000000000       0.2276754806712979E-01    70.99611917519786        5041.946545221527        358170.5692237066        152.5711557171203        13.01313946818088    
    77.50000000000000       0.2174466663708409E-01    71.19057730715993        5069.520141920635        361103.8599725395        152.6313714811612        12.04900465484540    
    78.50000000000000       0.2077354998179553E-01    71.37053030546528        5095.103354026298        363832.4512250039        152.6867175812523        11.08460269980288    
    79.50000000000000       0.1985241186921580E-01    71.53585855418622        5118.663513496253        366351.2320047460        152.7372740298435        10.11995679315995    
    80.50000000000000       0.1897944215408598E-01    71.68644235072320        5140.169022824927        368655.3050194394        152.7831132992164        9.155089550324279    
    81.50000000000000       0.1815278831585930E-01    71.82218275572897        5159.592460226878        370740.3362157326        152.8243005704918        8.190023070250444    
    82.50000000000000       0.1737066405674435E-01    71.94297690427624        5176.907027814934        372602.1741430025        152.8608939555648        7.224778991157266    
    83.50000000000000       0.1663143163332256E-01    72.04876738483291        5192.093791713888        374237.6488395528        152.8929446933200        6.259378544013079    
    84.50000000000000       0.1593347087667649E-01    72.13949813635853        5205.135305956802        375643.8823442137        152.9204973213138        5.293842604066920    
    85.50000000000000       0.1527492373339310E-01    72.21507448106752        5216.009699328193        376817.6344700120        152.9435898239529        4.328191740687777    
    86.50000000000000       0.1464252665681090E-01    72.27627505901356        5224.822245613519        377769.5431566529        152.9622537580501        3.362446265760783    
    87.50000000000000       0.1406870152321950E-01    72.32045097012154        5231.185795208914        378457.1801100308        152.9765143564984        2.396626280877913    
    88.50000000000000       0.1351763230420103E-01    72.35014791274489        5235.463021775469        378919.2982642679        152.9863906106728        1.430751723550931    
    89.50000000000000       0.1299912184202088E-01    72.36447226196718        5237.522477103752        379141.4026708758        152.9918953320398       0.4648424126670888    
    90.50000000000000       0.1251160369975995E-01    72.36340631077256        5237.360334706295        379122.9433721321        152.9930351933323      -0.5010819065977936    
    91.50000000000000       0.1205361220900417E-01    72.34694144882880        5234.975487784241        378863.8163479678        152.9898107495275       -1.467001518198700    
    92.50000000000000       0.1162380421736049E-01    72.31509155888898        5230.371540098583        378364.5853455474        152.9822164387462       -2.432896690765292    
    93.50000000000000       0.1122081899592709E-01    72.26787282806811        5223.553817727691        377626.1497447304        152.9702405630759       -3.398747633063223    
    94.50000000000000       0.1084341531018682E-01    72.20531439208595        5214.530943730534        376649.9186948708        152.9538652492023       -4.364534449165483    
    95.50000000000000       0.1049024559897493E-01    72.12742074606322        5203.309264908622        375437.1901735201        152.9330663886157       -5.330237093123730    
    96.50000000000000       0.1016005540140365E-01    72.03420163775171        5189.897253752936        373989.6361697931        152.9078135570398       -6.295835322925618    
    97.50000000000000       0.9851692729969713E-02    71.92568511782623        5174.307457086604        372309.5192220720        152.8780699126040       -7.261308653518848    
    98.50000000000000       0.9564077277366007E-02    71.80192546576494        5156.557584762706        370399.8023318170        152.8437920721563       -8.226636308674905    
    99.50000000000000       0.9296162046071146E-02    71.66297201759716        5136.665949064296        368263.6463429077        152.8049299649773       -9.191797171456553    
    100.5000000000000       0.9047030774489445E-02    71.50888656186791        5114.654004014368        365904.6855159788        152.7614266630188       -10.15676973304166    
    101.5000000000000       0.8815809437615867E-02    71.33976233586350        5090.549006265095        363327.3041326319        152.7132181866404       -11.12153203964322    
    102.5000000000000       0.8601660438996033E-02    71.15566235791611        5064.375078006725        360535.6619838109        152.6602332846615       -12.08606163724952    
    103.5000000000000       0.8403828226808683E-02    70.95666713999518        5036.160094483294        357534.4371203519        152.6023931873773       -13.05033551389072    
    104.5000000000000       0.8221623462188916E-02    70.74290237201751        5005.939589865575        354329.2356605611        152.5396113310059       -14.01433003911777    
    105.5000000000000       0.8054393533404889E-02    70.51446506667044        4973.746054558808        350925.4250419657        152.4717930518409       -14.97802090035602    
    106.5000000000000       0.7901590321933639E-02    70.27145379432200        4939.613319140223        347328.6071053353        152.3988352481667       -15.94138303576933    
    107.5000000000000       0.7762763384368043E-02    70.01401563740488        4903.583112755795        343545.3011351699        152.3206260077699       -16.90439056324064    
    108.5000000000000       0.7637373483620231E-02    69.74227368193505        4865.694689504748        339581.8268314385        152.2370441986226       -17.86701670504094    
    109.5000000000000       0.7525010868788352E-02    69.45639300217809        4825.994148430423        335445.2879109982        152.1479590200403       -18.82923370771996    
    110.5000000000000       0.7425299958926457E-02    69.15656384677862        4784.531946440330        331143.2926908612        152.0532295113160       -19.79101275670957    
    111.5000000000000       0.7337840533158269E-02    68.84293160318988        4741.352954485892        326682.8911078565        151.9527040144938       -20.75232388508152    
    112.5000000000000       0.7262268631267643E-02    68.51569184419432        4696.509742636246        322071.9639243752        151.8462195875844       -21.71313587584708    
    113.5000000000000       0.7198251334553845E-02    68.17504454877962        4650.056124633829        317318.5359502225        151.7336013641143       -22.67341615712469    
    114.5000000000000       0.7145495462579175E-02    67.82118430463285        4602.045686561464        312430.6075339004        151.6146618544531       -23.63313068943226    
    115.5000000000000       0.7103695874831875E-02    67.45436626713605        4552.540773895898        307417.0692569839        151.4892001838658       -24.59224384428339    
    116.5000000000000       0.7072631683798112E-02    67.07477965417262        4501.595027508794        302285.8897545933        151.3570012616829       -25.55071827317894    
    117.5000000000000       0.7052083128266871E-02    66.68262513506032        4449.263974979196        297045.2003332129        151.2178348753686       -26.50851476598646    
    118.5000000000000       0.7041889612621617E-02    66.27818015686340        4395.613803795300        291704.1746988361        151.0714547025838       -27.46559209758905    
    119.5000000000000       0.7041857210691260E-02    65.86165282463502        4340.701339051407        286270.9694518454        150.9175972335771       -28.42190686155894    
    120.5000000000000       0.7051958507596411E-02    65.43330916404284        4284.591399400715        280754.4958086020        150.7559805953927       -29.37741328946933    
    121.5000000000000       0.7072079754982385E-02    64.99344195258105        4227.352264061198        275163.9257232939        150.5863032684335       -30.33206305429752    
    122.5000000000000       0.7102241056220958E-02    64.54227368565707        4169.042621833795        269507.3747709913        150.4082426848632       -31.28580505618980    
    123.5000000000000       0.7142238801029187E-02    64.08014850334487        4109.736992627102        263794.4250067862        150.2214536971513       -32.23858518865319    
    124.5000000000000       0.7192212688897564E-02    63.60724560528754        4049.488074467556        258032.4133608477        150.0255669037410       -33.19034608300481    
    125.5000000000000       0.7252152067442966E-02    63.12387807213968        3988.365631781510        252230.2274716871        149.8201868173520       -34.14102682864397    
    126.5000000000000       0.7322097833328074E-02    62.63046099763704        3926.451955677617        246397.8230793138        149.6048898597754       -35.09056266640999    
    127.5000000000000       0.7402346826660999E-02    62.12709953579782        3863.789054806824        240541.1478761527        149.3792221651767       -36.03888465194559    
    128.5000000000000       0.7492789688751591E-02    61.61450068076468        3800.494554171968        234673.1911422395        149.1426971718618       -36.98591928559243    
    129.5000000000000       0.7593768952817536E-02    61.09253486911445        3736.579636440965        228796.7026667754        148.8947929801596       -37.93158810489954    
    130.5000000000000       0.7705206492055438E-02    60.56202500060284        3672.174235727135        222925.4529350662        148.6349494515021       -38.87580723531472    
    131.5000000000000       0.7827557236487368E-02    60.02285141735285        3607.289598349625        217061.9248287656        148.3625650209219       -39.81848689404420    
    132.5000000000000       0.7960751793025301E-02    59.47565352450238        3542.030346589230        211217.1346398778        148.0769931919919       -40.75953084139900    
    133.5000000000000       0.8105093978591931E-02    58.92068127931935        3476.451456852722        205397.2805910634        147.7775386796915       -41.69883577318137    
    134.5000000000000       0.8260953422756810E-02    58.35830374531581        3410.621584619204        199609.6615011763        147.4634531627546       -42.63629064678638    
    135.5000000000000       0.8428483840322675E-02    57.78893215474240        3344.612960044440        193861.6867805308        147.1339306027209       -43.57177593268925    
    136.5000000000000       0.8607916403239557E-02    57.21294928065498        3278.492866698205        188160.1128273270        146.7881020821465       -44.50516278183355    
    137.5000000000000       0.8799421438683668E-02    56.63076862008457        3212.330572809979        182511.6589707379        146.4250301092237       -45.43631209810907    
    138.5000000000000       0.9003403940104453E-02    56.04275614432637        3146.188431778778        176922.2526586644        146.0437023304187       -46.36507350358619    
    139.5000000000000       0.9220067395883575E-02    55.44934107263722        3080.134271757933        171398.0761304914        145.6430245866766       -47.29128418242433    
    140.5000000000000       0.9449684943724247E-02    54.85096131453567        3014.235172307346        165945.0382835004        145.2218132423327       -48.21476758736385    
    141.5000000000000       0.9692574978305856E-02    54.24799645971366        2948.549613762824        160568.0931386442        144.7787867092038       -49.13533199040785    
    142.5000000000000       0.9948739216337675E-02    53.64077186129251        2883.128560592154        155271.3927892509        144.3125560815934       -50.05276885666044    
    143.5000000000000       0.1021893568411009E-01    53.02988743581654        2818.051312091468        150061.2290660805        143.8216147913886       -50.96685101726843    
    144.5000000000000       0.1050267531189589E-01    52.41566406023880        2753.364290013234        144940.9585858298        143.3043271864623       -51.87733061396751    
    145.5000000000000       0.1080070217539731E-01    51.79857337695968        2689.128745120693        139914.9864203526        142.7589159307978       -52.78393678381639    
    146.5000000000000       0.1111289451064805E-01    51.17902673296042        2625.396891208914        134986.7554488450        142.1834481219710       -53.68637304826445    
    147.5000000000000       0.1143964026578050E-01    50.55743145534450        2562.218996718273        130159.4074500455        141.5758200220247       -54.58431436570861    
    148.5000000000000       0.1178090012357409E-01    49.93423394759264        2499.646828064567        125435.9814370287        140.9337403030161       -55.47740380112382    
    149.5000000000000       0.1213677147389408E-01    49.30985452762986        2437.727803162959        120819.0363243694        140.2547117208868       -56.36524876020404    
    150.5000000000000       0.1250722185695306E-01    48.68473815235069        2376.509448584954        116310.9485903794        139.5360111539313       -57.24741672876900    
    151.5000000000000       0.1289226881329020E-01    48.05926652445515        2316.030995023108        111913.3193628605        138.7746679792852       -58.12343045108371    
    152.5000000000000       0.1329181095733439E-01    47.43387711476865        2256.335232025098        107627.8688725996        137.9674408182705       -58.99276247341038    
    153.5000000000000       0.1370579131621163E-01    46.80898398905170        2197.460588026067        103455.8548387301        137.1107927668044       -59.85482897192260    
    154.5000000000000       0.1413405908778409E-01    46.18501613004806        2139.444550158680        99398.30480995483        136.2008653505809       -60.70898277762966    
    155.5000000000000       0.1457638203300809E-01    45.56235373185181        2082.318224062496        95455.68560133400        135.2334516196728       -61.55450550606839    
    156.5000000000000       0.1503245088268184E-01    44.94141810962833        2026.114725910733        91628.49919567526        134.2039690407144       -62.39059869754549    
    157.5000000000000       0.1550170746441045E-01    44.32256899423972        1970.859397742366        87916.59018957005        133.1074331785776       -63.21637387658753    
    158.5000000000000       0.1598420604978974E-01    43.70626725572300        1916.584898256589        84320.20766221834        131.9384336101140       -64.03084144975377    
    159.5000000000000       0.1647914149909266E-01    43.09287754266776        1863.313210149444        80838.77860318743        130.6911141117625       -64.83289838297145    
    160.5000000000000       0.1698587683111779E-01    42.48270882236859        1811.059987460763        77471.25885958725        129.3591599461578       -65.62131463840721    
    161.5000000000000       0.1750401833788051E-01    41.87622957228961        1759.852978909682        74217.32269683052        127.9357960766823       -66.39471841372763    
    162.5000000000000       0.1803275451134355E-01    41.27374677490869        1709.703889645564        71075.51789973064        126.4138013938243       -67.15158032272159    
    163.5000000000000       0.1857101482036668E-01    40.67559212871569        1660.625463272590        68044.44581494138        124.7855455562476       -67.89019679723827    
    164.5000000000000       0.1911815870731271E-01    40.08213495122721        1612.632123807988        65122.77740597519        123.0430568077457       -68.60867318992328    
    165.5000000000000       0.1967378815450217E-01    39.49375249472944        1565.737112220644        62309.05673156215        121.1781310343877       -69.30490733008445    
    166.5000000000000       0.2023588392514429E-01    38.91070278856564        1519.942828509869        59601.15836127474        119.1824941645908       -69.97657464470231    
    167.5000000000000       0.2080427915031577E-01    38.33342157618420        1475.264618730425        56997.72430662816        117.0480314039660       -70.62111641084081    
    168.5000000000000       0.2137761859591092E-01    37.76215002328361        1431.701122223845        54496.39258198714        114.7670971098990       -71.23573324881617    
    169.5000000000000       0.2195443853816912E-01    37.19725698514360        1389.260209557189        52095.36925142587        112.3329174254134       -71.81738656684168    
    170.5000000000000       0.2253342111450753E-01    36.63892935845611        1347.934057512876        49791.92434611668        109.7400928920633       -72.36281125682488    
    171.5000000000000       0.2311325007027162E-01    36.08751011371177        1307.726758743261        47584.08617132161        106.9851987685826       -72.86854339040943    
    172.5000000000000       0.2369234237982770E-01    35.54323192197675        1268.632716352663        45469.32831236722        104.0674655073318       -73.33096677922987    
    173.5000000000000       0.2426890430250590E-01    35.00624324885327        1230.639807159223        43444.81802930420        100.9895004445334       -73.74638178637619    
    174.5000000000000       0.2484147685217497E-01    34.47672350765094        1193.737843445726        41507.88471563129        97.75798570133105       -74.11109842667994    
    175.5000000000000       0.2540840812754901E-01    33.95482225974955        1157.913813851547        39655.74139999735        94.38426082600201       -74.42155335601737    
    176.5000000000000       0.2596760956558516E-01    33.44052171440871        1123.142826072209        37885.04017412099        90.88467935281668       -74.67444681194340    
    177.5000000000000       0.2651781622032652E-01    32.93393883207515        1089.409132654468        36192.97114133260        87.28062607722195       -74.86689127565843    
    178.5000000000000       0.2705733242148742E-01    32.43506286826723        1056.688092983031        34576.33079307775        83.59810567075327       -74.99655937638252    
    179.5000000000000       0.2758481997509091E-01    31.94396907215107        1024.961237529033        33032.31803240640        79.86686705987694       -75.06181552726672    
    180.5000000000000       0.2809901744992439E-01    31.46074071662438        994.2102327793237        31558.18633286868        76.11910544102055       -75.06181519968564    
    181.5000000000000       0.2859907661144466E-01    30.98547505609167        964.4181649396704        30151.35295555435        72.38786715976003       -74.99655839791549    
    182.5000000000000       0.2908385870356027E-01    30.51831212837577        935.5707912069240        28809.42517681049        68.70534739565238       -74.86688965885949    
    183.5000000000000       0.2955256085785551E-01    30.05940188277365        907.6547564032517        27530.12915033125        65.10129504352882       -74.67444457686086    
    184.5000000000000       0.3000438126569956E-01    29.60886515148628        880.6551090324375        26311.18914503279        61.60171473226052       -74.42155052901124    
    185.5000000000000       0.3043810161579165E-01    29.16679909712801        854.5556659264896        25150.34201527029        58.22799120818375       -74.11109503899446    
    186.5000000000000       0.3085262601028138E-01    28.73321768874269        829.3349647889970        24045.12902453057        54.99647795459887       -73.74637787263032    
    187.5000000000000       0.3124762811347687E-01    28.30827012544946        804.9806580114567        22993.60750772982        51.91851447086450       -73.33096237596919    
    188.5000000000000       0.3162162841684511E-01    27.89180648750643        781.4621307362380        21993.04564378758        49.00078283410424       -72.86853853482427    
    189.5000000000000       0.3197460360811021E-01    27.48390068089789        758.7629960041115        21041.44198663529        46.24589034310797       -72.36280598569471    
    190.5000000000000       0.3230528979361250E-01    27.08443496917067        736.8559222908621        20136.37273323330        43.65306742004547       -71.81738091572578    
    191.5000000000000       0.3261390873577147E-01    26.69340028631151        715.7204508923880        19275.78556987999        41.21888930056907       -71.23572725148074    
    192.5000000000000       0.3289996986945885E-01    26.31071617713067        695.3325812825535        18457.54303064294        38.93795650961187       -70.62111009889321    
    193.5000000000000       0.3316358832166691E-01    25.93635040240164        675.6716661345426        17679.71948617235        36.80349517911581       -69.97656804739530    
    194.5000000000000       0.3340469928947098E-01    25.57019792742341        656.7134080711207        16940.29252013468        34.80785965991291       -69.30490047425126    
    195.5000000000000       0.3362347667853832E-01    25.21221993789030        638.4379907740952        16237.49897174689        32.94293515461229       -68.60866610000808    
    196.5000000000000       0.3382035493954143E-01    24.86237298585364        620.8257540518933        15569.63391271078        31.20044759130689       -67.89018949539158    
    197.5000000000000       0.3399523675770300E-01    24.52053429820515        603.8533917487269        14934.90387069366        29.57219285768027       -67.15157282893671    
    198.5000000000000       0.3414882491311362E-01    24.18666165171086        587.5025920954926        14331.77565167036        28.05019920047820       -66.39471074599969    
    199.5000000000000       0.3428148552280609E-01    23.86066214747747        571.7530284563667        13758.69109660190        26.62683628218411       -65.62130681290178    
    200.5000000000000       0.3439386439291675E-01    23.54244824714541        556.5851458806484        13214.16965398601        25.29488299761468       -64.83289041419327    
    201.5000000000000       0.3448650781390429E-01    23.23191571163329        541.9791779583024        12696.77394363199        24.04756431472379       -64.03083335070971    
    202.5000000000000       0.3456021396568370E-01    22.92897353339860        527.9167047723035        12205.16775263573        22.87856550077065       -63.21636565894021    
    203.5000000000000       0.3461571678146072E-01    22.63351923139769        514.3792799130130        11738.05757425326        21.78203033673843       -62.39059037175513    
    204.5000000000000       0.3465371825433596E-01    22.34544099654691        501.3485561583980        11294.19590838003        20.75254840385475       -61.55449708152266    
    205.5000000000000       0.3467514435590382E-01    22.06464484595590        488.8076796073335        10872.43271304863        19.78513527114346       -60.70897426276074    
    206.5000000000000       0.3468080364534323E-01    21.79101073062510        476.7390962311725        10471.63152455627        18.87520840913562       -59.85482037431267    
    207.5000000000000       0.3467171371574907E-01    21.52444253338683        465.1268996419946        10090.75047011405        18.01856087153120       -58.99275379988548    
    208.5000000000000       0.3464861308055196E-01    21.26481209133039        453.9542262135603        9728.749531296507        17.21133418737952       -58.12342170779745    
    209.5000000000000       0.3461237828901871E-01    21.01200763584926        443.2055651914342        9384.671485251636        16.44999145568685       -57.24740792127679    
    210.5000000000000       0.3456402515783024E-01    20.76592255424201        432.8660815887266        9057.611740287253        15.73129130060921       -56.36523989352874    
    211.5000000000000       0.3450438585009941E-01    20.52644403653304        422.9211775236006        8746.704475391463        15.05226310187562       -55.47739487981387    
    212.5000000000000       0.3443440830682645E-01    20.29345765119777        413.3566576807805        8451.125483164817        14.41018374014890       -54.58430539388938    
    213.5000000000000       0.3435475218221021E-01    20.06683455553833        404.1582070592319        8170.074963822285        13.80255597353069       -53.68636402968363    
    214.5000000000000       0.3426649527352017E-01    19.84647088677327        395.3130100154544        7902.826215402606        13.22708847604651       -52.78392772188404    
    215.5000000000000       0.3417030600847614E-01    19.63224381649873        386.8078881030862        7648.665240395947        12.68167751153196       -51.87732151179159    
    216.5000000000000       0.3406714995935634E-01    19.42404287789104        378.6306136103413        7406.931014864322        12.16439017919550       -50.96684187768610    
    217.5000000000000       0.3395786761625103E-01    19.22175513588337        370.7692605541396        7176.993234023615        11.67344914450725       -50.05275968226584    
    218.5000000000000       0.3384318760991107E-01    19.02526230877924        363.2120698507354        6958.246693984975        11.20721875669406       -49.13532278357675    
    219.5000000000000       0.3372393114664840E-01    18.83445430417668        355.9480023510783        6750.127442493924        10.76419244887720       -48.21475835027544    
    220.5000000000000       0.3360093471125790E-01    18.64922430178670        348.9665141414300        6552.104314186026        10.34298131648538       -47.29127491708061    
    221.5000000000000       0.3347492025692440E-01    18.46946343687998        342.2573185174115        6363.670269343692        9.942303772362127       -46.36506421182929    
    222.5000000000000       0.3334659070993510E-01    18.29506493006626        335.8105518757077        6184.346711864475        9.560976181779974       -45.43630278163655    
    223.5000000000000       0.3321664580448431E-01    18.12592355774737        329.6167284393593        6013.680773733699        9.197904386540760       -44.50515344221215    
    224.5000000000000       0.3308574218429257E-01    17.96193676745190        323.6667716188115        5851.245274240962        8.852076033894294       -43.57176657136711    
    225.5000000000000       0.3295449670445504E-01    17.80300272990918        317.9519286528227        5696.635383748495        8.522553632750375       -42.63628126510398    
    226.5000000000000       0.3282352220824505E-01    17.64902271185526        312.4638387054014        5549.469411729428        8.208468266322440       -41.69882637238138    
    227.5000000000000       0.3269337753788371E-01    17.49989987467028        307.1944780789456        5409.386517517690        7.909013896753503       -40.75952142263503    
    228.5000000000000       0.3256460934305767E-01    17.35553980128448        302.1361732949894        5276.046436493991        7.623442203331490       -39.81847745838871    
    229.5000000000000       0.3243773119993389E-01    17.21585088888862        297.2815965163030        5149.128392763730        7.351057901545072       -38.87579778376617    
    230.5000000000000       0.3231321985929440E-01    17.08074252547361        292.6236840379946        5028.328066880610        7.091214495435988       -37.93157863838870    
    231.5000000000000       0.3219153041702655E-01    16.95012705928980        288.1557039258646        4913.358985461702        6.843310420468796       -36.98590980498827    
    232.5000000000000       0.3207311438257365E-01    16.82392033338988        283.8712598336112        4803.951875450865        6.606785538474255       -36.03887515806054    
    233.5000000000000       0.3195838535170079E-01    16.70203976385546        279.7642113665337        4699.851918879158        6.381117950149110       -35.09055316000443    
    234.5000000000000       0.3184774232732671E-01    16.58440635603074        275.8287346618226        4600.819806639240        6.165821094139749       -34.14101731043074    
    235.5000000000000       0.3174156029168436E-01    16.47094255746205        272.0592389431314        4506.629057207770        5.960441104926725       -33.19033655365313    
    236.5000000000000       0.3164019292525772E-01    16.36157343937568        268.4503974858224        4417.066317431249        5.764554404593179       -32.23857564879191    
    237.5000000000000       0.3154397625501598E-01    16.25622565734439        264.9971007123372        4331.929636929411        5.577765506129958       -31.28579550641089    
    238.5000000000000       0.3145324384080679E-01    16.15482910338513        261.6945073704631        4251.029447931488        5.399705008232274       -30.33205349515897    
    239.5000000000000       0.3136831157078462E-01    16.05731625673806        258.5380135896984        4174.187354833725        5.230027763603607       -29.37740372149765    
    240.5000000000000       0.3128947704278512E-01    15.96362122474122        255.5232125106907        4101.234732039209        5.068411204626238       -28.42189728525178    
    241.5000000000000       0.3121703913464994E-01    15.87368210099193        252.6459627640110        4032.014024581864        4.914553811906663       -27.46558251341745    
    242.5000000000000       0.3115127677695644E-01    15.78743641928722        249.9022356232035        3966.374734955035        4.768173712679173       -26.50850517439671    
    243.5000000000000       0.3109247307900495E-01    15.70482794361510        247.2883268209080        3904.178243886745        4.629007397370376       -25.55070867459468    
    244.5000000000000       0.3104087903449599E-01    15.62579881827681        244.8005985635833        3845.291304301252        4.496808543807654       -24.59223423910730    
    245.5000000000000       0.3099675769480015E-01    15.55029735883681        242.4357216083903        3789.591571190890        4.371346939611687       -23.63312107804751    
    246.5000000000000       0.3096034483317174E-01    15.47827126696977        240.1904545262270        3736.962095877758        4.252407494259785       -22.67340653989660    
    247.5000000000000       0.3093187560195524E-01    15.40967285619044        238.0618044974553        3687.294943824925        4.139789333154951       -21.71312625312445    
    248.5000000000000       0.3091156922862643E-01    15.34445557899466        236.0469122235446        3640.488237237018        4.033304966796999       -20.75231425719775    
    249.5000000000000       0.3089963377425267E-01    15.28257545697405        234.1430902173851        3596.446815441485        3.932779528835268       -19.79100312398402    
    250.5000000000000       0.3089626686934179E-01    15.22399032543699        232.3477966863369        3555.081487017453        3.838050077396680       -18.82922407045896    
    251.5000000000000       0.3090165803367223E-01    15.16866033997703        230.6586472148945        3516.309136948277        3.748964954635421       -17.86700706353873    
    252.5000000000000       0.3091598798838509E-01    15.11654766677437        229.0734008315466        3480.052234967685        3.665383199948596       -16.90438091778040    
    253.5000000000000       0.3093943809208978E-01    15.06761706266057        227.5899750736936        3446.239061317294        3.587174012751240       -15.94137338662412    
    254.5000000000000       0.3097219242327850E-01    15.02183515299900        226.2064199920983        3414.802962943709        3.514216261109858       -14.97801124778944    
    255.5000000000000       0.3101444000880454E-01    14.97917100704823        224.9209314090779        3385.682506688561        3.446398032901298       -14.01432038338488    
    256.5000000000000       0.3106637265678671E-01    14.93959511246024        223.7318176803584        3358.820629427431        3.383616226496462       -13.05032585523875    
    257.5000000000000       0.3112818768187049E-01    14.90308077762721        222.6375397991366        3334.165456935063        3.325776178271453       -12.08605197591847    
    258.5000000000000       0.3120008845376802E-01    14.86960284810967        221.6366693287802        3311.669234677263        3.272791324524172       -11.12152237586661    
    259.5000000000000       0.3128229388816323E-01    14.83913874079367        220.7279178621178        3291.288925173462        3.224582895626348       -10.15676006704718    
    260.5000000000000       0.3137502573454975E-01    14.81166762359128        219.9101098395445        3272.985505699305        3.181079640471415       -9.191787503466493    
    261.5000000000000       0.3147851631725969E-01    14.78717118463151        219.1822035791419        3256.724370133244        3.142217579490710       -8.226626638906884    
    262.5000000000000       0.3159300401134769E-01    14.76563300740305        218.5432717424274        3242.474848624633        3.107939784705677       -7.261298982186326    
    263.5000000000000       0.3171873191938967E-01    14.74703853724053        217.9924973044743        3230.210026002519        3.078196185464771       -6.295825650238315    
    264.5000000000000       0.3185594142977217E-01    14.73137532239056        217.5291804590129        3219.906874074429        3.052943398682089       -5.330227419288241    
    265.5000000000000       0.3200487871298412E-01    14.71863259445260        217.1527240452682        3211.545862151248        3.032144582551980       -4.364524774385778    
    266.5000000000000       0.3216579039063694E-01    14.70880160449233        216.8626436800951        3205.111176280670        3.015769312861773       -3.398737957540963    
    267.5000000000000       0.3233893944043636E-01    14.70187589008092        216.6585753094737        3200.590870949364        3.003793481164799       -2.432887014700480    
    268.5000000000000       0.3252460485758458E-01    14.69785123619971        216.5402736812760        3197.976819367682        2.996199214208810       -1.466991841790102    
    269.5000000000000       0.3272307194549879E-01    14.69672516944025        216.5075956773860        3197.264296194544        2.992974814142892      -0.5010722300432400    
    270.5000000000000       0.3293463112234254E-01    14.69849678401101        216.5604942565975        3198.451817625932        2.994114719149189       0.4648520891700697    
    271.5000000000000       0.3315958110150600E-01    14.70316727678214        216.6990357750720        3201.541562580426        2.999619484266147        1.430761399804704    
    272.5000000000000       0.3339823442300389E-01    14.71073985406876        216.9233976239913        3206.539331516624        3.009495782288104        2.396635956684440    
    273.5000000000000       0.3365092576242490E-01    14.72122003131120        217.2338768943128        3213.454737264351        3.023756424743178        3.362455940920989    
    274.5000000000000       0.3391799295264939E-01    14.73461536225867        217.6308828778396        3222.301055158512        3.042420403068506        4.328201415001135    
    275.5000000000000       0.3419977888489897E-01    14.75093497074078        218.1149225172197        3233.094889366708        3.065512950220041        5.293852277331140    
    276.5000000000000       0.3449665558829214E-01    14.77019001331700        218.6866163963131        3245.856594424777        3.093065623074356        6.259388216023456    
    277.5000000000000       0.3480900187283945E-01    14.79239401407930        219.3467099856930        3260.610569122000        3.125116406103227        7.224788661706239    
    278.5000000000000       0.3513720215656455E-01    14.81756225109539        220.0960560592051        3277.384893893609        3.161709836929460        8.190032739127250    
    279.5000000000000       0.3548164319037050E-01    14.84571192906738        220.9356200956906        3296.211471462173        3.202897154505517        9.155099217314266    
    280.5000000000000       0.3584271782622992E-01    14.87686185188634        221.8664727334863        3317.125931704897        3.248736470796193        10.11996645804408    
    281.5000000000000       0.3622085764088356E-01    14.91103392574500        222.8898381460092        3340.168825032396        3.299292966994331        11.08461236235734    
    282.5000000000000       0.3661649958858222E-01    14.94825152356871        224.0070446732580        3365.384523420495        3.354639115455696        12.04901431484084    
    283.5000000000000       0.3703010755820488E-01    14.98854060077851        225.2195618902252        3392.822171736451        3.414854928707120        13.01314912538184    
    284.5000000000000       0.3746215829987662E-01    15.03192897368967        226.5289807706943        3422.535315825961        3.480028237062571        13.97699296807725    
    285.5000000000000       0.3791313137245318E-01    15.07844630309112        227.9370149377898        3454.582005729279        3.550254996576830        14.94052131695636    
    286.5000000000000       0.3838352995388581E-01    15.12812473985958        229.4455252428959        3489.025518156292        3.625639629277792        15.90370887815057    
    287.5000000000000       0.3887386262145048E-01    15.18099800178863        231.0564920023280        3525.933768615223        3.706295397848381        16.86652951811181    
    288.5000000000000       0.3938465760668924E-01    15.23710247686710        232.7720546632906        3565.380418040436        3.792344817179949        17.82895618744666    
    289.5000000000000       0.3991647176211380E-01    15.29647665375992        234.5944949037815        3607.444543863911        3.883920105494003        18.79096083989638    
    290.5000000000000       0.4046986544369355E-01    15.35916094893516        236.5262372322486        3652.210859111437        3.981163678030344        19.75251434594750    
    291.5000000000000       0.4104543825931247E-01    15.42519833903122        238.5698725688900        3699.770421938865        4.084228686631708        20.71358640050926    
    292.5000000000000       0.4164378796907814E-01    15.49463365497320        240.7281396033462        3750.220347489872        4.193279608920237        21.67414542403988    
    293.5000000000000       0.4226551553410040E-01    15.56751399228235        243.0039419955972        3803.664396856563        4.308492891165348        22.63415845644058    
    294.5000000000000       0.4291129435922817E-01    15.64388929739828        245.4003720639106        3860.213748653263        4.430057649388609        23.59359104296651    
    295.5000000000000       0.4358180389722679E-01    15.72381211658607        247.9207092480329        3919.987210480155        4.558176433746698        24.55240711132650    
    296.5000000000000       0.4427771275415532E-01    15.80733617820412        250.5683775072648        3983.110360612698        4.693066061781857        25.51056883905398    
    297.5000000000000       0.4499973194996284E-01    15.89451880592142        253.3470316325395        4049.717959233472        4.834958526739332        26.46803651013176    
    298.5000000000000       0.4574858137699811E-01    15.98541874467130        256.2604921033432        4119.952611283342        4.984101987829119        27.42476835974276    
    299.5000000000000       0.4652498195655853E-01    16.08009697297165        259.3127762958857        4193.965775791186        5.140761850063951        28.38072040589028    
    300.5000000000000       0.4732966373341423E-01    16.17861807609274        262.5081522603467        4271.919452384706        5.305221942146015        29.33584626648918    
    301.5000000000000       0.4816337319923546E-01    16.28104788855476        265.8510681423957        4353.984762884016        5.477785801812210        30.29009696036828    
    302.5000000000000       0.4902686040948040E-01    16.38745596342461        269.3462400296868        4440.344461809985        5.658778079093081        31.24342069044050    
    303.5000000000000       0.4992087757788994E-01    16.49791328725660        272.9985855616409        4531.191702229094        5.848546069107401        32.19576260708984    
    304.5000000000000       0.5084614156870584E-01    16.61249380697795        276.8132832059870        4626.731930363811        6.047461387317331        33.14706454959085    
    305.5000000000000       0.5180343231777521E-01    16.73127447370892        280.7957825226625        4727.183588177314        6.255921801624035        34.09726476310787    
    306.5000000000000       0.5279345061219633E-01    16.85433401520550        284.9517734405392        4832.777853091321        6.474353237308405        35.04629758851843    
    307.5000000000000       0.5381691191989546E-01    16.98175523933236        289.2872719000424        4943.761264288666        6.703211972636662        35.99409312196168    
    308.5000000000000       0.5487446309733577E-01    17.11362081232470        293.8084892335772        5060.393016071751        6.942987044975921        36.94057684061818    
    309.5000000000000       0.5596680116954732E-01    17.25002112610827        298.5221065113284        5182.952442111407        7.194202889524703        37.88566919078035    
    310.5000000000000       0.5709454738495926E-01    17.39104191682184        303.4348652213732        5311.729207773710        7.457422235282574        38.82928513376208    
    311.5000000000000       0.5825844988713763E-01    17.53677699676859        308.5540123626028        5447.035363192610        7.733249285686569        39.77133364461206    
    312.5000000000000       0.5945915735944038E-01    17.68732461842523        313.8871995607202        5589.203779613786        8.022333214457319        40.71171715792649    
    313.5000000000000       0.6069709149255226E-01    17.84276842532971        319.4418077838110        5738.570571062512        8.325372010652174        41.65033095429511    
    314.5000000000000       0.6197303417825478E-01    18.00321829968229        325.2264183057540        5895.515385935299        8.643116710739275        42.58706248003788    
    315.5000000000000       0.6328761764254141E-01    18.16877817802091        331.2496785334498        6060.431845569181        8.976376059709256        43.52179059188659    
    316.5000000000000       0.6464126345059652E-01    18.33954745945796        337.5203734747726        6233.730591393355        9.326021647845414        44.45438471711770    
    317.5000000000000       0.6603438758933573E-01    18.51562401442310        344.0475224641329        6415.842172397797        9.692993574783053        45.38470391832263    
    318.5000000000000       0.6746766313115117E-01    18.69712020045363        350.8409885656937        6607.235037287131        10.07830669789590        46.31259585048875    
    319.5000000000000       0.6894145198676879E-01    18.88414146822729        357.9107202349608        6808.396067158182        10.48305752781767        47.23789559633171    
    320.5000000000000       0.7045603358635111E-01    19.07679303509911        365.2669923698148        7019.837802835252        10.90843183997145        48.16042436382873    
    321.5000000000000       0.7201145155672527E-01    19.27518440488102        372.9206132896226        7242.106159234077        11.35571307722179        49.07998802762575    
    322.5000000000000       0.7360789054451194E-01    19.47943119668084        380.8829730123305        7475.781982440916        11.82629162499777        49.99637549338649    
    323.5000000000000       0.7524512348352329E-01    19.68964720599866        389.1657960687460        7721.476464524637        12.32167504617345        50.90935686117679    
    324.5000000000000       0.7692307578250150E-01    19.90595101354771        397.7813975403761        7979.839552725321        12.84349936821533        51.81868136059063    
    325.5000000000000       0.7864130647291851E-01    20.12845492707631        406.7422603027820        8251.548811292290        13.39354151900985        52.72407502648586    
    326.5000000000000       0.8039942264563289E-01    20.35728230596240        416.0617537897347        8537.332913078579        13.97373300950137        53.62523807986054    
    327.5000000000000       0.8219684380925420E-01    20.59254806399281        425.7533482455555        8837.948913365939        14.58617495959567        54.52184197354153    
    328.5000000000000       0.8403273158303700E-01    20.83436836327689        435.8310232959067        9154.196388158642        15.23315455703780        55.41352605695688    
    329.5000000000000       0.8590607210058204E-01    21.08286406613335        446.3094509720775        9486.925757347719        15.91716302484262        56.29989380833325    
    330.5000000000000       0.8781596493908609E-01    21.33815224063025        457.2036146045789        9837.026688180327        16.64091514819611        57.18050857625656    
    331.5000000000000       0.8976125518577714E-01    21.60035263641496        468.5291412069256        10205.44212637562        17.40737037229071        58.05488876578264    
    332.5000000000000       0.9174010682758853E-01    21.86956608365173        480.3013729059967        10593.13976032550        18.21975542258883        58.92250239740732    
    333.5000000000000       0.9375124377005202E-01    22.14591291130896        492.5369987036984        11001.16562076272        19.08158831091820        59.78276096058116    
    334.5000000000000       0.9579227294801092E-01    22.42948857198660        505.2521775819895        11430.58625094724        19.99670346458496        60.63501247768091    
    335.5000000000000       0.9786148689969901E-01    22.72041332048673        518.4647141017829        11882.56210714785        20.96927753832667        61.47853369033035    
    336.5000000000000       0.9995601962603850E-01    23.01878631862549        532.1920316569516        12358.28224439651        22.00385522377826        62.31252127905007    
    337.5000000000000       0.1020729510964030        23.32471335793974        546.4524114354109        12859.00755201604        23.10537403731282        63.13608203135990    
    338.5000000000000       0.1042095657027289        23.63830178171867        561.2648054172945        13386.06822238682        24.27918661918914        63.94822188542979    
    339.5000000000000       0.1063618543668432        23.95962971054515        576.6473255920509        13940.80995866717        25.53107848504216        64.74783380003704    
    340.5000000000000       0.1085267952271668        24.28879631121579        592.6197107205152        14524.68712389858        26.86727840195724        65.53368444219412    
    341.5000000000000       0.1107001530105667        24.62589017929040        609.2017429738563        15139.20549162927        28.29445758295255        66.30439974833567    
    342.5000000000000       0.1128778950604381        24.97100402216054        626.4140493904197        15785.95725745679        29.81971267983966        67.05844951237586    
    343.5000000000000       0.1150552440105985        25.32418313115995        644.2754164865248        16466.51790571437        31.45052609821650        67.79413129535251    
    344.5000000000000       0.1172286487437439        25.68551034039218        662.8071120472781        17182.61426858107        33.19469549157967        68.50955414964450    
    345.5000000000000       0.1193930715475674        26.05503265117927        682.0290777289324        17935.97855536134        35.06022251529925        69.20262291950628    
    346.5000000000000       0.1215426322983119        26.43278964571376        701.9614072408253        18728.40836959453        37.05514924910715        69.87102423083319    
    347.5000000000000       0.1236730292809282        26.81883941182166        722.6257435444442        19561.82612213324        39.18732951039234        70.51221572239430    
    348.5000000000000       0.1257780031512114        27.21319906857516        744.0419857901530        20438.14436598005        41.46412218949278        71.12342059038582    
    349.5000000000000       0.1278544303694510        27.61585151729508        766.2285951407490        21359.27863340399        43.89199562369105        71.70163008567809    
    350.5000000000000       0.1298920710998904        28.02682036193621        789.2067492620612        22327.32244009680        46.47603702861459        72.24361714756293    
    351.5000000000000       0.1318879878842892        28.44605079570594        812.9936560301313        23344.26901902886        49.21937038522611        72.74596475484418    
    352.5000000000000       0.1338339901036257        28.87355535858456        837.6108084936499        24412.36470276527        52.12250097346190        73.20511263795179    
    353.5000000000000       0.1357248899220066        29.30928961403564        863.0768431056190        25533.80389078531        55.18262513775949        73.61742548262387    
    354.5000000000000       0.1375529511552350        29.75324361638791        889.4127629395970        26710.95504802022        58.39296833366540        73.97928440913070    
    355.5000000000000       0.1393121660674899        30.20539578940834        916.6392680904314        27946.24703042898        61.74223890641095        74.28720114223073    
    356.5000000000000       0.1409961628625758        30.66575198273167        944.7791683308774        29242.28430936197        65.21430230907556        74.53795090425460    
    357.5000000000000       0.1425994643648141        31.13432846727446        973.8562040137645        30601.78783110377        68.78818149006571        74.72871601183564    
    358.5000000000000       0.1441168323805108        31.61113032656952        1003.893747515163        32027.53898667708        72.43846568693453        74.85722819537934    
    359.5000000000000       0.1455428562625219        32.09609922415328        1034.910881556136        33522.16372985348        76.13615875335805        74.92189488357383    
