 # author: MA Kubiak / Space Research Center PAS Warsaw Poland, contact: mkubiak@cbk.waw.pl                          
 # code version Program.keplerV_ellipt_V2      , Dates: calkV:21/04/2026  ; part_pr:21/04/2026                       
 # czas no T v_mas, kier.naplywu(dl, szer) macierz obrotu (ecl to helio), r, theta, phi(ecl,spher), V_detector(ecl,cart), IBEX_energy_channel
 #     2026.224501000000        0.1419110000000000E-01     7443.000000000000        -25.78400000689422         255.7450000000000         5.169000000000000        0.2459841265748581        0.9692738567985851         0.000000000000000       -0.9615244635393438        0.2440174711049008        0.1261989691358298        0.1223213615382913       -0.3104294319752456E-01    0.9920049496797150        0.9864860000000000         182.8958310000000        0.4415100000000000E-01     1.035000000000000        -29.63600000000000       -0.8000000000000000E-02 00
 # routs_end= 150.00;    Maxwellian,    elliptOrb=Off                                                                                        
 # Numerical parameters: GridKl=10  GridKf=09  GridKV=05  epsV= 0.0000100  epssJon=.0010000                                                  
 # Numerical parameters: GridKl=10  GridKf=09  GridKV=05  epsV= 0.0000100  epssJon=.0010000; tessel128                                                                                                                                                                                                                                                                                                                                                                                                                                                                 
# Axis to the Sun: alpha_ecl= 358.9320000000000000 delta_Ecl= 0.0780000000000000 delta_Ax= 90.0000000000000000  repoint= 00194
 #  flag_atom: He                                                   
 #  flag_general:                                                   
 #                                                                  
 #                                                                  
  # Ly_a_Profil: zero                                               
  # flag_Itot: zero                                                 
 #  v_SW_Eqtr: speed3D.hybrid2026c_patched.dat                      
 #  n_SW_Eqtr: density3D.hybrid2026c_patched.dat                    
 #  phot_Eqtr: 0.8500000  phion_Helium_T12F107_pat_2026c.dat        
 #  sigma_SW: p+He->H +He+, He + alpha (2 chnls);src:simuLosses.nb  
 #  flag_el:slow  swEqtrElectrons5.2026c.patched.dat                
 #  SW_lati: interpolation                                          
 #  phot_lati: analit pole-flattened after Pryor & Auchere          
 #
 #
 #
 #Spin  flux speed	speed^2 speed^3    long_ecl lat_ecl
   0.5000000000000000       0.8637596257060240E-07    31.32225382359348        985.6147786819652        31155.74255071167        260.0655508951644        89.49395021949624    
    1.500000000000000       0.9154084536592801E-07    31.85554660919379        1019.452245807486        32773.32058662910        265.9559828783648        88.49797132727429    
    2.500000000000000       0.9703094435900034E-07    32.39714215040919        1054.395899367310        34471.92141061130        267.1460879465338        87.49878176335184    
    3.500000000000000       0.1028687316413807E-06    32.94688874613478        1090.462157580354        36254.55527004584        267.6569246678997        86.49912954153770    
    4.500000000000000       0.1090789329973447E-06    33.50461440055102        1127.665778813205        38124.21692600403        267.9410175999752        85.49932293648837    
    5.500000000000000       0.1156909002141160E-06    34.07011746148443        1166.019306736971        40083.86294342379        268.1219956525720        84.49944613198178    
    6.500000000000000       0.1227343213845172E-06    34.64310867997007        1205.528628722870        42136.15931777134        268.2474379553848        83.49953152148926    
    7.500000000000000       0.1302450811241204E-06    35.22346964173015        1246.210735038375        44284.39723617913        268.3395548347471        82.49959422540677    
    8.500000000000000       0.1382613522804666E-06    35.81090156966878        1288.069429319323        46531.22869413915        268.4101067421385        81.49964224969744    
    9.500000000000000       0.1468267287126140E-06    36.40515814675214        1331.111164012884        48879.47416166328        268.4659031152019        80.49968022978237    
    10.50000000000000       0.1559913848417947E-06    37.00601111741961        1375.342842906659        51332.01316155262        268.5111596451000        79.49971103537753    
    11.50000000000000       0.1658088196982549E-06    37.61313912578645        1420.763901962052        53891.36119640167        268.5486258548576        78.49973653812144    
    12.50000000000000       0.1763427635876381E-06    38.22627055060661        1467.375861400254        56560.13892878411        268.5801715079322        77.49975801077632    
    13.50000000000000       0.1876656525853837E-06    38.84520803139988        1515.184993158871        59341.26538038739        268.6071124178829        76.49977634902029    
    14.50000000000000       0.1998614907036563E-06    39.46963966656516        1564.188192308799        62237.16371886362        268.6304014521048        75.49979220146933    
    15.50000000000000       0.2130396477493731E-06    40.09986239674058        1614.432668991795        65253.47442920855        268.6507456042098        74.49980604937139    
    16.50000000000000       0.2273347608794790E-06    40.73591512225644        1665.943867265111        68394.53901981575        268.6686804974219        73.49981825732196    
    17.50000000000000       0.2428883716139574E-06    41.37759669025837        1718.726078638480        71663.37889682218        268.6846193454216        72.49982910659232    
    18.50000000000000       0.2598722170557809E-06    42.02456578900969        1772.770485251171        75062.17864522144        268.6988860348094        71.49983881764895    
    19.50000000000000       0.2784864134813889E-06    42.67650097213815        1828.068312952412        78593.09330940181        268.7117380288184        70.49984756574432    
    20.50000000000000       0.2989633830842131E-06    43.33283682219775        1884.587636751258        82256.70719645300        268.7233825677812        69.49985549194444    
    21.50000000000000       0.3215651085872986E-06    43.99295523798823        1942.289496521724        86053.04631083952        268.7339883487130        68.49986271107919    
    22.50000000000000       0.3465958170153880E-06    44.65617257875601        2001.126643623688        89981.47861631529        268.7436940904505        67.49986931757256    
    23.50000000000000       0.3744251037219292E-06    45.32202424908196        2061.069872780688        94042.53685906045        268.7526149120255        66.49987538978445    
    24.50000000000000       0.4054878078707715E-06    45.99017834117129        2122.100933105528        98237.48246829322        268.7608471490401        65.49988099328903    
    25.50000000000000       0.4403119268736296E-06    46.66032650817282        2184.201647666403        102567.4835111470        268.7684720368171        64.49988618338189    
    26.50000000000000       0.4794990683434712E-06    47.33227245181466        2247.363285212607        107034.3413170238        268.7755585596596        63.49989100701961    
    27.50000000000000       0.5238138582205498E-06    48.00610449701666        2311.603646702287        111641.7621793635        268.7821656784794        62.49989550433585    
    28.50000000000000       0.5742237707393606E-06    48.68215884503199        2376.965039185476        116395.3182763909        268.7883440894696        61.49989970983867    
    29.50000000000000       0.6319458339935235E-06    49.36074806361949        2443.488308553847        121300.5807653441        268.7941376251001        60.49990365336407    
    30.50000000000000       0.6985491188378163E-06    50.04246354279302        2511.244686133204        126365.6423193418        268.7995843795227        59.49990736084209    
    31.50000000000000       0.7760461415719502E-06    50.72806860505906        2580.326250526659        131600.5003898464        268.8047176196280        58.49991085491691    
    32.50000000000000       0.8671043694912333E-06    51.41861013574351        2650.859537408176        137018.2957991556        268.8095665279214        57.49991415545250    
    33.50000000000000       0.9753040520215501E-06    52.11552736156558        2723.019691550399        142636.6725185273        268.8141568123593        56.49991727994783    
    34.50000000000000       0.1105542099354486E-05    52.82085819579741        2797.056094601129        148480.1657474669        268.8185112101404        55.49992024387968    
    35.50000000000000       0.1264694403285471E-05    53.53771091593556        2873.348623602464        154585.2663474096        268.8226499063614        54.49992306098765    
    36.50000000000000       0.1462678249529887E-05    54.27042323996631        2952.433692860603        161003.3626810508        268.8265908838659        53.49992574351235    
    37.50000000000000       0.1714322131767497E-05    55.02536750754621        3035.106061004162        167810.4101283586        268.8303502171293        52.49992830239535    
    38.50000000000000       0.2042515283225546E-05    55.81122367237140        3122.464789462346        175112.3121594892        268.8339423203569        51.49993074744812    
    39.50000000000000       0.2483868530809261E-05    56.63957190841031        3216.000352778025        183054.3376724690        268.8373801579086        50.49993308749524    
    40.50000000000000       0.3099245722287811E-05    57.52445023384508        3317.566707931836        191821.0761922595        268.8406754235631        49.49993533049648    
    41.50000000000000       0.3993677988650980E-05    58.48056089087808        3429.187440157808        201621.2705691712        268.8438386938768        48.49993748365103    
    42.50000000000000       0.5354925608671603E-05    59.51924435471657        3552.574558907905        212645.1276410532        268.8468795599063        47.49993955348736    
    43.50000000000000       0.7529885171221941E-05    60.64175488267106        3688.273558008836        224983.2873812739        268.8498067407754        46.49994154594042    
    44.50000000000000       0.1117817968291680E-04    61.83265275092615        3834.758427402058        238534.9627700517        268.8526281819445        45.49994346641850    
    45.50000000000000       0.1758616261458116E-04    63.05852774434890        3988.134353240137        252967.0561929034        268.8553511405345        44.49994531986140    
    46.50000000000000       0.2931711643560288E-04    64.27629458167884        4143.059721235003        267789.1376243250        268.8579822596577        43.49994711079092    
    47.50000000000000       0.5155620339964344E-04    65.44438106004735        4294.097540006464        282474.2730661309        268.8605276333724        42.49994884335518    
    48.50000000000000       0.9493198845953661E-04    66.53610226818893        4437.507393171730        296637.8026987745        268.8629928636201        41.49995052136728    
    49.50000000000000       0.1813799919565169E-03    67.54003088418843        4571.391561134325        310059.7221068691        268.8653831102748        40.49995214833947    
    50.50000000000000       0.3563996591538796E-03    68.45847738739167        4695.640742557185        322693.1927063917        268.8677031352636        39.49995372751307    
    51.50000000000000       0.7143232855008575E-03    69.29936725967691        4810.919166757832        334569.3423613338        268.8699573415645        38.49995526188512    
    52.50000000000000       0.1449978788045514E-02    70.07201608799721        4918.141267739676        345749.2565335627        268.8721498077632        37.49995675423182    
    53.50000000000000       0.2963805141401240E-02    70.78661200519785        5018.424941899763        356322.1576986146        268.8742843187545        36.49995820712942    
    54.50000000000000       0.6071307795043523E-02    71.45186585226017        5112.752925839332        366369.2526286197        268.8763643930810        35.49995962297297    
    55.50000000000000       0.1241353395187324E-01    72.07402191632369        5201.810990308430        375944.6062822103        268.8783933073370        34.49996100399275    
    56.50000000000000       0.2524956660338387E-01    72.65729562049619        5286.031834895827        385078.1626754188        268.8803741179995        33.49996235226925    
    57.50000000000000       0.5093947523814090E-01    73.20491382645427        5365.739982157546        393791.2296356637        268.8823096810037        32.49996366974643    
    58.50000000000000       0.1016670000149047        73.71979442833134        5441.242923607628        402105.8071377766        268.8842026693313        31.49996495824374    
    59.50000000000000       0.2003087144264337        74.20473134032947        5512.851315261418        410046.1991522090        268.8860555888485        30.49996621946685    
    60.50000000000000       0.3888276739866722        74.66141660252016        5580.725264424167        417621.0024954825        268.8878707925963        29.49996745501742    
    61.50000000000000       0.7423653155736175        75.09089314453516        5644.939340507579        424830.2040963169        268.8896504937113        28.49996866640191    
    62.50000000000000        1.391964542697920        75.49442060438396        5705.609838952463        431679.2974924637        268.8913967771313        27.49996985503945    
    63.50000000000000        2.559575603528606        75.87289234385212        5762.807737393278        438169.5866336107        268.8931116102218        26.49997102226919    
    64.50000000000000        4.610684914810419        76.22741993263064        5816.645211009522        444307.8357011038        268.8947968524416        25.49997216935684    
    65.50000000000000        8.126918924120822        76.55931442333826        5867.272114050838        450105.8280101797        268.8964542641513        24.49997329750061    
    66.50000000000000        14.00664760610704        76.86937496711258        5914.765849599145        455567.5795659056        268.8980855146579        23.49997440783676    
    67.50000000000000        23.58292390337936        77.15856774431481        5959.233454522529        460700.8820460571        268.8996921895761        22.49997550144459    
    68.50000000000000        38.76840024492422        77.42742459655048        6000.720041845868        465506.8658500174        268.9012757975769        21.49997657935100    
    69.50000000000000        62.18703813820523        77.67688581189793        6039.338059550967        469994.8985763156        268.9028377765893        20.49997764253474    
    70.50000000000000        97.29356944932022        77.90766694275948        6075.169937351815        474171.3688721862        268.9043794995097        19.49997869193034    
    71.50000000000000        148.4094919216980        78.12074926875023        6108.343161219067        478048.3195811417        268.9059022794709        18.49997972843158    
    72.50000000000000        220.6520780930905        78.31688553436780        6138.953372571188        481634.4763478343        268.9074073747146        17.49998075289492    
    73.50000000000000        319.6697719688313        78.49702778577931        6167.130242886165        484942.8669392117        268.9088959931082        16.49998176614254    
    74.50000000000000        451.2395796798835        78.66182378517398        6192.958790268347        487981.6007507293        268.9103692963426        15.49998276896513    
    75.50000000000000        620.4267790763159        78.81231247883105        6216.587983838857        490766.6062035148        268.9118284038419        14.49998376212467    
    76.50000000000000        831.0159586944181        78.94903592521614        6238.090909292820        493305.1080619409        268.9132743964166        13.49998474635686    
    77.50000000000000        1083.950508645267        79.07303045007048        6257.620664712151        495614.0340147834        268.9147083196842        12.49998572237337    
    78.50000000000000        1377.155116716945        79.18472449896659        6275.235965018859        497699.3073478575        268.9161311872850        11.49998669086419    
    79.50000000000000        1703.831141268097        79.28497004118326        6291.064169083289        499575.1889410253        268.9175439839103        10.49998765249956    
    80.50000000000000        2052.810105144346        79.37426808499515        6305.178273087934        501249.6175418025        268.9189476681671        9.499988607931963    
    81.50000000000000        2408.594277656685        79.45310032061559        6317.649370011122        502730.4384476474        268.9203431752965        8.499989557797987    
    82.50000000000000        2751.596707394813        79.52207365019052        6328.569353401827        504028.0823197241        268.9217314197613        7.499990502720092    
    83.50000000000000        3061.022768629851        79.58139861090348        6337.968074454965        505145.6892689784        268.9231132977210        6.499991443308234    
    84.50000000000000        3315.400108444899        79.63156221078779        6345.919877330189        506091.7703804779        268.9244896894067        5.499992380161571    
    85.50000000000000        3495.920374564460        79.67269430788267        6352.443127295104        506868.2510908685        268.9258614614108        4.499993313869971    
    86.50000000000000        3588.684916151297        79.70496551516842        6357.563080314050        507477.9264883702        268.9272294689045        3.499994245015490    
    87.50000000000000        3585.848222013701        79.72849512276585        6361.297104545238        507922.6821122199        268.9285945577942        2.499995174173917    
    88.50000000000000        3487.223229999054        79.74315429676597        6363.623816181850        508199.8612129820        268.9299575668301        1.499996101916167    
    89.50000000000000        3300.397814872287        79.74895213049288        6364.543741790228        508309.4183042934        268.9313193296765       0.4999970288096565    
    90.50000000000000        3039.445950964463        79.74557029296160        6364.005855861518        508245.2160053967        268.9326806769567      -0.5000020445802313    
    91.50000000000000        2723.291670407214        79.73274549110545        6361.968419674514        508002.2877606793        268.9340424382810       -1.500001117688803    
    92.50000000000000        2373.781283774771        79.71018569813424        6358.385185730518        507575.1351918279        268.9354054442703       -2.500000189950720    
    93.50000000000000        2012.753813434027        79.67730541979176        6353.164089095582        506952.8920333300        268.9367705285842       -3.499999260798531    
    94.50000000000000        1659.915259257911        79.63372196223712        6346.245922342247        506128.6842687557        268.9381385299662       -4.499998329661330    
    95.50000000000000        1331.510169314435        79.57887323144628        6337.543516487169        505092.3674596218        268.9395102943131       -5.499997395963382    
    96.50000000000000        1038.840879611955        79.51210896609379        6326.956944708707        503832.4230986091        268.9408866767844       -6.499996459122606    
    97.50000000000000        788.3331121582045        79.43287481684551        6314.402496568207        502339.3801991848        268.9422685439584       -7.499995518549163    
    98.50000000000000        581.9416727253495        79.34058382876617        6299.792449217601        500603.4258740704        268.9436567760494       -8.499994573643926    
    99.50000000000000        417.9630787221731        79.23451616042519        6283.019689871661        498612.6358975034        268.9450522691976       -9.499993623796964    
    100.5000000000000        292.1170362198711        79.11407370385932        6263.998113526715        496357.7824410179        268.9464559378439       -10.49999266838584    
    101.5000000000000        198.7396176552738        78.97861486770989        6242.636441896904        493829.2191527812        268.9478687172047       -11.49999170677400    
    102.5000000000000        131.6656048901591        78.82751774199637        6218.848724279176        491018.1864887101        268.9492915658598       -12.49999073830902    
    103.5000000000000        84.98059112128834        78.66010828727138        6192.543104789192        487915.4865412872        268.9507254684701       -13.49998976232066    
    104.5000000000000        53.46203214499626        78.47589724445628        6163.659422012910        484515.9628404893        268.9521714386421       -14.49998877811901    
    105.5000000000000        32.80504416188413        78.27430830912792        6132.126494966183        480813.4521199680        268.9536305219571       -15.49998778499244    
    106.5000000000000        19.64641700535825        78.05464685287627        6097.857292419766        476800.2142342976        268.9551037991853       -16.49998678220530    
    107.5000000000000        11.49312736246232        77.81614627884677        6060.756735260310        472467.9080163431        268.9565923897076       -17.49998576899568    
    108.5000000000000        6.573422185954896        77.55802383872906        6020.730497526099        467808.6205098246        268.9580974551676       -18.49998474457294    
    109.5000000000000        3.679272167938309        77.27924606461772        5977.648845972800        462810.6745519945        268.9596202033818       -19.49998370811499    
    110.5000000000000        2.017763003138692        76.97866674015805        5931.368404854615        457461.1895175744        268.9611618925366       -20.49998265876542    
    111.5000000000000        1.085376606877567        76.65530980036603        5881.779614823710        451752.0228205278        268.9627238357053       -21.49998159563054    
    112.5000000000000       0.5735541549027054        76.30852898764566        5828.830704105855        445682.4453586199        268.9643074057204       -22.49998051777592    
    113.5000000000000       0.2981841349435558        75.93738236168286        5772.430394475353        439247.7392248372        268.9659140404414       -23.49997942422289    
    114.5000000000000       0.1527937167544207        75.54076305683789        5712.468625492150        432441.6251755505        268.9675452484653       -24.49997831394466    
    115.5000000000000       0.7730325654605482E-01    75.11648346448503        5648.678812304190        425240.6685364742        268.9692026153265       -25.49997718586203    
    116.5000000000000       0.3869506118271166E-01    74.66214754865190        5580.774250984369        417620.2398625486        268.9708878102463       -26.49997603883889    
    117.5000000000000       0.1921100257407809E-01    74.17521016213233        5508.462695750792        409556.7576031450        268.9726025934928       -27.49997487167709    
    118.5000000000000       0.9485430358207857E-02    73.65331417024088        5431.500344710686        401034.0614673743        268.9743488244251       -28.49997368311110    
    119.5000000000000       0.4673185113518357E-02    73.09344162383015        5349.568077374459        392029.7351431674        268.9761284703020       -29.49997247180196    
    120.5000000000000       0.2305300570716316E-02    72.49000777280193        5261.991704573955        382484.0707176421        268.9779436159464       -30.49997123633058    
    121.5000000000000       0.1143573512265966E-02    71.83608930185997        5167.938211702743        372323.3034321094        268.9797964743711       -31.49996997519077    
    122.5000000000000       0.5733176807024037E-03    71.12421244481466        5066.548772947805        361475.9411698580        268.9816893984841       -32.49996868678105    
    123.5000000000000       0.2923406479557888E-03    70.34714658152126        4957.053214540384        349884.8369070764        268.9836248940080       -33.49996736939586    
    124.5000000000000       0.1526997624141993E-03    69.49868923213319        4838.878944872225        337518.2428635585        268.9856056337701       -34.49996602121603    
    125.5000000000000       0.8236606952336649E-04    68.57567234504340        4711.897327348188        324391.7144719846        268.9876344735389       -35.49996464029783    
    126.5000000000000       0.4625222823850236E-04    67.58208550708288        4576.965583367505        310621.5166721377        268.9897144696117       -36.49996322456098    
    127.5000000000000       0.2724573562156473E-04    66.53478079481705        4436.642961886157        296491.8147564896        268.9918488983881       -37.49996177177547    
    128.5000000000000       0.1692743836913705E-04    65.46237937303178        4294.945488336472        282420.2600364439        268.9940412782008       -38.49996027954661    
    129.5000000000000       0.1111656460122884E-04    64.40010110744220        4156.582590508891        268874.8570826639        268.9962953937169       -39.49995874529836    
    130.5000000000000       0.7703574343245661E-05    63.37892913904317        4025.510004729590        256229.7741074117        268.9986153232758       -40.49995716625488    
    131.5000000000000       0.5606351138035772E-05    62.41827633115071        3904.026961406971        244683.0845544576        269.0010054695875       -41.49995553941957    
    132.5000000000000       0.4256636856974033E-05    61.52384596622363        3792.594812320151        234249.0365145789        269.0034705942885       -42.49995386155138    
    133.5000000000000       0.3348047755679615E-05    60.69072821208911        3690.320711691960        224813.1605951074        269.0060158569362       -43.49995212913861    
    134.5000000000000       0.2710305746914041E-05    59.90837737323758        3595.646654733601        216203.3180705266        269.0086468591269       -44.49995033836858    
    135.5000000000000       0.2245668713564579E-05    59.16512527868146        3506.938976926588        208247.1746151019        269.0113696945427       -45.49994848509369    
    136.5000000000000       0.1896021951826085E-05    58.45045085344209        3422.768252856806        200797.8069591449        269.0141910058836       -46.49994656479268    
    137.5000000000000       0.1625542124983084E-05    57.75593439380009        3342.014051451511        193741.9226041770        269.0171180498195       -47.49994457252643    
    138.5000000000000       0.1411364442233579E-05    57.07522499813439        3263.846424116458        186996.5997071153        269.0201587713154       -48.49994250288724    
    139.5000000000000       0.1238424092455662E-05    56.40374230489808        3187.676651725993        180503.4493193496        269.0233218889504       -49.49994034994094    
    140.5000000000000       0.1096447302410778E-05    55.73817998855711        3113.087878242013        174221.3679170522        269.0266169931805       -50.49993810715995    
    141.5000000000000       0.9782400241108849E-06    55.07621527623994        3039.792957811894        168122.0219188192        269.0300546598989       -51.49993576734588    
    142.5000000000000       0.8786129014593136E-06    54.41621764908096        2967.595043660941        162185.8597441355        269.0336465821495       -52.49993332254002    
    143.5000000000000       0.7937492264669928E-06    53.75704873335635        2896.360385753796        156399.3614394440        269.0374057234765       -53.49993076391892    
    144.5000000000000       0.7207790228454257E-06    53.09790561037185        2825.997829504091        150753.0321735888        269.0413464971774       -54.49992808167232    
    145.5000000000000       0.6575151036028175E-06    52.43817754949126        2756.441077045341        145239.7479894801        269.0454849767139       -55.49992526486001    
    146.5000000000000       0.6022906777860082E-06    51.77750323287592        2687.652865143120        139854.9165216675        269.0498391437946       -56.49992230124300    
    147.5000000000000       0.5538002754564730E-06    51.11574010028242        2619.619777779033        134595.8998499651        269.0544291822411       -57.49991917708338    
    148.5000000000000       0.5109829097781735E-06    50.45293509828710        2552.348553808681        129461.6693880334        269.0592778278151       -58.49991587690634    
    149.5000000000000       0.4729952144872375E-06    49.78942561182025        2485.874873243222        124453.3608819906        269.0644107868471       -59.49991238321520    
    150.5000000000000       0.4391140502144392E-06    49.12557870363452        2420.236327154717        119572.1761049571        269.0698572399963       -60.49990867614842    
    151.5000000000000       0.4087497194239067E-06    48.46181706744031        2355.474679043029        114819.5265194591        269.0756504520478       -61.49990473306475    
    152.5000000000000       0.3814107220025416E-06    47.79873650413925        2291.646835726756        110197.8108453043        269.0818285147423       -62.49990052803747    
    153.5000000000000       0.3566831742414253E-06    47.13688245616697        2228.802875168475        105708.7994320803        269.0884352577744       -63.49989603123434    
    154.5000000000000       0.3342336303600362E-06    46.47699255891732        2167.008902129139        101355.2590133797        269.0955213741281       -64.49989120815172    
    155.5000000000000       0.3137549530580048E-06    45.81947406186755        2106.296458503163        97137.28057095509        269.1031458209823       -65.49988601866103    
    156.5000000000000       0.2949942668306433E-06    45.16471702621962        2046.693429677810        93054.58178423588        269.1113775782741       -66.49988041581173    
    157.5000000000000       0.2777215642708713E-06    44.51266232287593        1988.183325127975        89103.62629793190        269.1202978761857       -67.49987434431523    
    158.5000000000000       0.2617479520917611E-06    43.86325713027728        1930.749604176162        85280.87423212086        269.1300030442250       -68.49986773860574    
    159.5000000000000       0.2469217259851266E-06    43.21658383791788        1874.387932445495        81583.66042964204        269.1406081941444       -69.49986052033329    
    160.5000000000000       0.2331181254776500E-06    42.57280091478775        1819.100541701010        78009.79701305844        269.1522520360139       -70.49985259508595    
    161.5000000000000       0.2202385114558895E-06    41.93234380922645        1764.913294362607        74558.66098485424        269.1651032561930       -71.49984384804851    
    162.5000000000000       0.2081880330787118E-06    41.29544722821971        1711.832868619144        71228.31299275848        269.1793690819345       -72.49983413817280    
    163.5000000000000       0.1968944387700833E-06    40.66253556364766        1659.880734680292        68017.72712330213        269.1953069602345       -73.49982329022876    
    164.5000000000000       0.1862877386969074E-06    40.03387317102005        1609.063057919360        64924.85103572655        269.2132407572881       -74.49981108377794    
    165.5000000000000       0.1763103351610942E-06    39.40979723923071        1559.390926118354        61947.93037894597        269.2335836607713       -75.49979723758474    
    166.5000000000000       0.1669106159785596E-06    38.79061232550652        1510.871045715872        59084.90208551000        269.2568712602448       -76.49978138710006    
    167.5000000000000       0.1580422804442219E-06    38.17662359924567        1463.508939133176        56333.62428788522        269.2838105049540       -77.49976305113707    
    168.5000000000000       0.1496663384909010E-06    37.56813426901034        1417.308657277296        53691.86074982375        269.3153542026042       -78.49974158116197    
    169.5000000000000       0.1417474419692823E-06    36.96540043215101        1372.269432908814        51157.09782834462        269.3528180845038       -79.49971608161023    
    170.5000000000000       0.1342557425932723E-06    36.36871141538411        1328.391917415697        48726.91444164286        269.3980717975280       -80.49968527988075    
    171.5000000000000       0.1271610076433233E-06    35.77835910013373        1285.675670896783        46398.83241742189        269.4538646937928       -81.49964730457140    
    172.5000000000000       0.1204394462105594E-06    35.19458466100971        1244.115719916301        44170.15616587859        269.5244122034193       -82.49959928632830    
    173.5000000000000       0.1140702430270635E-06    34.61763463014083        1203.706479691897        42038.18116879216        269.6165233444564       -83.49953659031370    
    174.5000000000000       0.1080323577446127E-06    34.04776409383351        1164.442044445123        40000.21693741411        269.7419578483755       -84.49945121156877    
    175.5000000000000       0.1023071965391313E-06    33.48521214070283        1126.314640585844        38053.51616206446        269.9229246938369       -85.49932803158619    
    176.5000000000000       0.9687765952967816E-07    32.93019473622628        1089.314243410467        36195.26276646471        270.2070001616446       -86.49913466091546    
    177.5000000000000       0.9172995502791750E-07    32.38289605082176        1053.428061958115        34422.55030330174        270.7178059210340       -87.49878692611860    
    178.5000000000000       0.8684789858122592E-07    31.84354391749219        1018.645737668384        32732.65175245153        271.9078412205328       -88.49797658960709    
    179.5000000000000       0.8221817239313429E-07    31.31234307759375        984.9546425356983        31122.77014569482        277.7979811702049       -89.49395594064417    
    180.5000000000000       0.7782989569215053E-07    30.78920534358998        952.3236436560603        29589.33761469601        80.06620367002137       -89.49394604243716    
    181.5000000000000       0.7367075879944468E-07    30.27472431120176        920.7649440729310        28130.87445565453        85.95618864512021       -88.49796658521291    
    182.5000000000000       0.6973026415861118E-07    29.76874688177134        890.2417734747410        26743.62895521535        87.14621125732465       -87.49877691308112    
    183.5000000000000       0.6599769962963822E-07    29.27144683936228        860.7391278884476        25424.99097150345        87.65701351352541       -86.49912464549261    
    184.5000000000000       0.6246426810131066E-07    28.78295873465536        832.2393061895281        24172.28989978081        87.94108753872345       -85.49931801518126    
    185.5000000000000       0.5911878878242377E-07    28.30334353792420        804.7202219549413        22982.73337565330        88.12205365372411       -84.49944119466659    
    186.5000000000000       0.5595377196468663E-07    27.83269344260710        778.1616603335583        21853.68644546062        88.24748773745627       -83.49952657312555    
    187.5000000000000       0.5296047250188320E-07    27.37108510283972        752.5428677886391        20782.57763359627        88.33959861484232       -82.49958926896066    
    188.5000000000000       0.5013070270956090E-07    26.91859305676784        727.8430677928985        19766.90704856593        88.41014594825829       -81.49963728708381    
    189.5000000000000       0.4745621691215042E-07    26.47526054349808        704.0400095883712        18804.19176652963        88.46593872096523       -80.49967526230905    
    190.5000000000000       0.4493002038748212E-07    26.04109185197277        681.1097796127241        17891.96369373361        88.51119234402083       -79.49970606397734    
    191.5000000000000       0.4254380623989502E-07    25.61613840999249        659.0313867625611        17027.95125162697        88.54865615838500       -78.49973156348307    
    192.5000000000000       0.4029134534454220E-07    25.20039142909157        637.7810306202081        16209.84570728491        88.58019980405132       -77.49975303342279    
    193.5000000000000       0.3816561117874691E-07    24.79381144748986        617.3340005749629        15435.38687367200        88.60713900789624       -76.49977136935796    
    194.5000000000000       0.3615958081376405E-07    24.39644282162517        597.6701933927400        14702.55918638524        88.63042657466661       -75.49978721982042    
    195.5000000000000       0.3426830310472664E-07    24.00815527257999        578.7614533074994        14009.12286666796        88.65076945157165       -74.49980106599550    
    196.5000000000000       0.3248413837481505E-07    23.62896570577957        560.5875977025892        13353.21006806637        88.66870322673323       -73.49981327243142    
    197.5000000000000       0.3080266823930360E-07    23.25876950465837        543.1230347283541        12732.82156635144        88.68464108678791       -72.49982412036306    
    198.5000000000000       0.2921705784224310E-07    22.89753080260166        526.3462322621992        12146.17685750363        88.69890689716401       -71.49983383022828    
    199.5000000000000       0.2772414971951133E-07    22.54514285893521        510.2329565866103        11591.46524588766        88.71175810428261       -70.49984257725686    
    200.5000000000000       0.2631609584923303E-07    22.20154633932365        494.7619275469534        11067.04578467135        88.72340193495793       -69.49985050249657    
    201.5000000000000       0.2499131196161804E-07    21.86664785284254        479.9108560474598        10571.29987701361        88.73400707521071       -68.49985772076242    
    202.5000000000000       0.2374254804745084E-07    21.54030629564985        465.6562015558476        10102.63289595610        88.74371223484563       -67.49986432646622    
    203.5000000000000       0.2256729887244496E-07    21.22247684989016        451.9792663429830        9659.664511733687        88.75263252540496       -66.49987039795771    
    204.5000000000000       0.2145998596621417E-07    20.91299013630760        438.8566902005924        9240.918553057452        88.76086427622849       -65.49987600080263    
    205.5000000000000       0.2041785272793181E-07    20.61177377143930        426.2699440749573        8845.126168323899        88.76848871736266       -64.49988119028940    
    206.5000000000000       0.1943618822105813E-07    20.31866643131134        414.1974677084172        8470.973222052666        88.77557482863386       -63.49988601336856    
    207.5000000000000       0.1851217700148550E-07    20.03357326626582        402.6211217674585        8117.299294224013        88.78218156713018       -62.49989051016862    
    208.5000000000000       0.1764186779902952E-07    19.75633271399321        391.5207572575627        7782.928849531418        88.78835962576008       -61.49989471519312    
    209.5000000000000       0.1682241868400481E-07    19.48684097546565        380.8791963508316        7466.818621297566        88.79415283415578       -60.49989865827430    
    210.5000000000000       0.1605060708510531E-07    19.22493000999679        370.6773375222473        7167.908118824631        88.79959928400511       -59.49990236533884    
    211.5000000000000       0.1532366093614728E-07    18.97047751257697        360.8985629317462        6885.250120411268        88.80473224004906       -58.49990585902795    
    212.5000000000000       0.1463885444151507E-07    18.72332816345389        351.5255540615191        6617.912185791944        88.80958088290890       -57.49990915920313    
    213.5000000000000       0.1399371092559567E-07    18.48333758974060        342.5420486058583        6365.027581018247        88.81417091888324       -56.49991228336108    
    214.5000000000000       0.1338579956481352E-07    18.25036297796861        333.9324326798405        6125.780345972635        88.81852508370599       -55.49991524697653    
    215.5000000000000       0.1281298820475074E-07    18.02425980888118        325.6815737187341        5899.397821756093        88.82266356117526       -54.49991806378743    
    216.5000000000000       0.1227311542411024E-07    17.80488326609151        317.7749069624949        5685.152500084373        88.82660433297902       -53.49992074603275    
    217.5000000000000       0.1176416977131452E-07    17.59209484144494        310.1986001479336        5482.362932977921        88.83036347256125       -52.49992330465268    
    218.5000000000000       0.1128440374230495E-07    17.38574689543164        302.9390056150456        5290.377986879374        88.83395539320381       -51.49992574945745    
    219.5000000000000       0.1083198895995062E-07    17.18570578756576        295.9834672980691        5108.596614752375        88.83739305843744       -50.49992808927051    
    220.5000000000000       0.1040537350149805E-07    16.99182989088702        289.3195021743826        4936.443968084070        88.84068816129414       -49.49993033205055    
    221.5000000000000       0.1000296822387550E-07    16.80398542806170        282.9353547752362        4773.384899681415        88.84385127765647       -48.49993248499596    
    222.5000000000000       0.9623385676936335E-08    16.62204093015587        276.8197702619769        4618.916192174790        88.84689199797124       -47.49993455463436    
    223.5000000000000       0.9265213883776601E-08    16.44586192526630        270.9617964865946        4472.560141183957        88.84981904080939       -46.49993654689987    
    224.5000000000000       0.8927231059096002E-08    16.27531876817097        265.3510331085887        4333.869652896040        88.85264035112850       -45.49993846720018    
    225.5000000000000       0.8608210900160398E-08    16.11028521405921        259.9775633664885        4202.425242864218        88.85536318559195       -44.49994032047442    
    226.5000000000000       0.8307067639290422E-08    15.95063523317258        254.8318315440598        4077.830852258706        88.85799418689408       -43.49994211124384    
    227.5000000000000       0.8022755404039184E-08    15.79625172737855        249.9049072938927        3959.719157695330        88.86053944871173       -42.49994384365606    
    228.5000000000000       0.7754285710714766E-08    15.64700916634911        245.1879056399993        3847.736437749915        88.86300457263643       -41.49994552152371    
    229.5000000000000       0.7500755895022440E-08    15.50279764492190        240.6727502276274        3741.560179766664        88.86539471822148       -40.49994714835856    
    230.5000000000000       0.7261289805588607E-08    15.36350182382863        236.3514737643465        3640.881157500319        88.86771464709958       -39.49994872740155    
    231.5000000000000       0.7035104261746633E-08    15.22901453953610        232.2166406053458        3545.412797654819        88.86996876197732       -38.49995026164933    
    232.5000000000000       0.6821432180938180E-08    15.09922944072233        228.2611015309461        3454.884645546687        88.87216114119099       -37.49995175387785    
    233.5000000000000       0.6619579558180757E-08    14.97404272484970        224.4780219806043        3369.042011238668        88.87429556940492       -36.49995320666295    
    234.5000000000000       0.6428881632213979E-08    14.85335596086463        220.8609760450781        3287.647969544173        88.87637556494917       -35.49995462239941    
    235.5000000000000       0.6248725891820377E-08    14.73707081063187        217.4037473791118        3210.477551180079        88.87840440422111       -34.49995600331732    
    236.5000000000000       0.6078536270705702E-08    14.62509502898165        214.1005206182653        3137.322053960593        88.88038514351599       -33.49995735149680    
    237.5000000000000       0.5917775275377714E-08    14.51733698988216        210.9456911718082        3067.983857550686        88.88232063860033       -32.49995866888166    
    238.5000000000000       0.5765937652225799E-08    14.41370914130600        207.9339623790998        3002.278223119006        88.88421356229964       -31.49995995729115    
    239.5000000000000       0.5622565910221943E-08    14.31412826044373        205.0603427914641        2940.032772506877        88.88606642033506       -30.49996121843069    
    240.5000000000000       0.5487216277353303E-08    14.21851283628501        202.3200543002071        2881.084908228760        88.88788156561296       -29.49996245390178    
    241.5000000000000       0.5359479891207633E-08    14.12678498880534        199.7085840707499        2825.282673656440        88.88966121114488       -28.49996366521074    
    242.5000000000000       0.5238990693894064E-08    14.03887032265251        197.2216679726289        2772.483941530445        88.89140744175252       -27.49996485377649    
    243.5000000000000       0.5125386016021230E-08    13.95469676425507        194.8552488086330        2722.555167662561        88.89312222469343       -26.49996602093805    
    244.5000000000000       0.5018333092677009E-08    13.87419663580155        192.6055271018288        2675.372152097750        88.89480741932572       -25.49996716796105    
    245.5000000000000       0.4917538007505356E-08    13.79730456642170        190.4688951133674        2630.818352831848        88.89646478591671       -24.49996829604347    
    246.5000000000000       0.4822706833372266E-08    13.72395801084144        188.4419430999662        2588.784716174015        88.89809599368660       -23.49996940632151    
    247.5000000000000       0.4733569268594016E-08    13.65409773509358        186.5214668909668        2549.169596008788        88.89970262816917       -22.49997049987440    
    248.5000000000000       0.4649882690510937E-08    13.58766662871916        184.7044282044965        2511.877683152360        88.90128619796040       -21.49997157772885    
    249.5000000000000       0.4571412798629861E-08    13.52461081165759        182.9879795215223        2476.820307076234        88.90284814091949       -20.49997264086358    
    250.5000000000000       0.4497944576151168E-08    13.46487950668095        181.3694549644216        2443.915045434897        88.90438982987808       -19.49997369021304    
    251.5000000000000       0.4429269961525677E-08    13.40842429370804        179.8463443372559        2413.084998753129        88.90591257790888       -18.49997472667086    
    252.5000000000000       0.4365209791306900E-08    13.35519957276569        178.4163012561341        2384.258793558821        88.90741764319789       -17.49997575109347    
    253.5000000000000       0.4305590141392744E-08    13.30516184618440        177.0771190367645        2357.369932511078        88.90890623356107       -16.49997676430301    
    254.5000000000000       0.4250252725955671E-08    13.25827043313302        175.8267457171850        2332.356953542693        88.91037951064162       -15.49997776709004    
    255.5000000000000       0.4199048778247172E-08    13.21448802090589        174.6632950589251        2309.163521626695        88.91183859381984       -14.49997876021651    
    256.5000000000000       0.4151844404219864E-08    13.17377916649308        173.5850027513025        2287.737427070420        88.91328456386572       -13.49997974441809    
    257.5000000000000       0.4108515773403574E-08    13.13611065623821        172.5902326051350        2268.030598116734        88.91471846636024       -12.49998072040636    
    258.5000000000000       0.4068951296498494E-08    13.10145224445418        171.6774932751914        2249.999337370589        88.91614131490955       -11.49998168887126    
    259.5000000000000       0.4033044045050501E-08    13.06977603591423        170.8454190373626        2233.603847843123        88.91755409417436       -10.49998265048306    
    260.5000000000000       0.4000703814929451E-08    13.04105629490827        170.0927623328147        2218.808006147688        88.91895776273417       -9.499983605894103    
    261.5000000000000       0.3971847461055114E-08    13.01526997968790        169.4184052229903        2205.579509204859        88.92035325580505       -8.499984555741005    
    262.5000000000000       0.3946404608715654E-08    12.99239644063833        168.8213496009854        2193.889620102042        88.92174148782784       -7.499985500646219    
    263.5000000000000       0.3924312929058095E-08    12.97241730119734        168.3007122853414        2183.713015053659        88.92312335494248       -6.499986441219606    
    264.5000000000000       0.3905510156811925E-08    12.95531643145516        167.8557224250738        2175.027676249991        88.92449973736319       -5.499987378060335    
    265.5000000000000       0.3889944477470194E-08    12.94108004661691        167.4857229330947        2167.814881704788        88.92587150166815       -4.499988311758292    
    266.5000000000000       0.3877580371380079E-08    12.92969666855915        167.1901681565884        2162.059120151455        88.92723950301659       -3.499989242895445    
    267.5000000000000       0.3868388204559558E-08    12.92115735665583        166.9686289234142        2157.748159731255        88.92860458730560       -2.499990172047605    
    268.5000000000000       0.3862352193950241E-08    12.91545514584783        166.8207771478302        2154.872723691705        88.92996759327823       -1.499991099785716    
    269.5000000000000       0.3859455863519132E-08    12.91258533481995        166.7463926879668        2153.426605198520        88.93132935459424      -0.4999920266771126    
    270.5000000000000       0.3859688853310072E-08    12.91254563942991        166.7453669932735        2153.406727546082        88.93269070187446       0.5000070467127876    
    271.5000000000000       0.3863049151837419E-08    12.91533601199179        166.8176981026775        2154.813038483585        88.93405246472923        1.500006119819254    
    272.5000000000000       0.3869540818484097E-08    12.92095877070709        166.9634941386359        2157.648580874269        88.93541547378175        2.500005192077018    
    273.5000000000000       0.3879178064781137E-08    12.92941826554382        167.1829647782637        2161.919331570108        88.93678056269648        3.500004262918587    
    274.5000000000000       0.3891983584423578E-08    12.94072119773223        167.4764298234086        2167.634377867872        88.93814857022359        4.500003331773006    
    275.5000000000000       0.3907989141630868E-08    12.95487648244881        167.8443163869237        2174.805883880877        88.93952034226969        5.500002398064606    
    276.5000000000000       0.3927237079163835E-08    12.97189543111302        168.2871643502070        2183.449219683970        88.94089673400595        6.500001461211245    
    277.5000000000000       0.3949774001398323E-08    12.99179170852610        168.8056261687046        2193.582986497115        88.94227861202502        7.500000520623023    
    278.5000000000000       0.3975659952356692E-08    13.01458138338571        169.4004695206947        2205.229108015115        88.94366685655812        8.499999575700899    
    279.5000000000000       0.4004955780547785E-08    13.04028281154251        170.0725755481748        2218.412837188389        88.94506236376481        9.499998625834836    
    280.5000000000000       0.4037730145866080E-08    13.06891719810297        170.8229552816951        2233.163130905788        88.94646604810821        10.49999767040234    
    281.5000000000000       0.4074068617387606E-08    13.10050767574402        171.6527272862449        2249.512267445662        88.94787884482945        11.49999670876692    
    282.5000000000000       0.4114066736333147E-08    13.13507965304493        172.5631289412494        2267.496135212024        88.94930171253601        12.49999574027605    
    283.5000000000000       0.4157831957518676E-08    13.17266109896499        173.5555261593221        2287.154496470745        88.95073563591953        13.49999476425942    
    284.5000000000000       0.4205483821958324E-08    13.21328221527065        174.6314071746076        2308.530943791289        88.95218162862020        14.49999378002717    
    285.5000000000000       0.4257144040905326E-08    13.25697577707751        175.7923945024284        2331.673230952683        88.95364073625626        15.49999278686755    
    286.5000000000000       0.4312953730738436E-08    13.30377692378966        177.0402423083473        2356.633317697885        88.95511403963840        16.49999178404482    
    287.5000000000000       0.4373061471442654E-08    13.35372324753454        178.3768421005871        2383.467593598374        88.95660265819123        17.49999077079712    
    288.5000000000000       0.4437624914340285E-08    13.40685481756450        179.8042271224540        2412.237089137139        88.95810775360594        18.49998974633368    
    289.5000000000000       0.4506817355444142E-08    13.46321455262574        181.3245859681839        2443.007876116254        88.95963053375051        19.49998870983227    
    290.5000000000000       0.4580823570734552E-08    13.52284832171249        182.9402698028253        2475.851363689465        88.96117225686717        20.49998766043657    
    291.5000000000000       0.4659847580616634E-08    13.58580400061134        184.6537712580484        2510.844024290918        88.96273423608925        21.49998659725268    
    292.5000000000000       0.4744103053698590E-08    13.65213256763015        186.4677589424136        2548.068265578107        88.96431784431383        22.49998551934609    
    293.5000000000000       0.4833822619003803E-08    13.72188781869644        188.3850748213741        2587.612561199538        88.96592451947052        23.49998442573813    
    294.5000000000000       0.4929250308930739E-08    13.79512636153847        190.4087397118923        2629.571766904238        88.96755577023120        24.49998331540182    
    295.5000000000000       0.5030656540944780E-08    13.87190779085552        192.5419641398494        2674.047565154856        88.96921318221115        25.49998218725783    
    296.5000000000000       0.5138325024727262E-08    13.95229460688917        194.7881523604269        2721.148783548478        88.97089842471838        26.49998104017001    
    297.5000000000000       0.5252562989824630E-08    14.03635259404120        197.1509202053340        2770.992036323526        88.97261325811454        27.49997987294007    
    298.5000000000000       0.5373700282100087E-08    14.12415018513973        199.6340840884758        2823.701762008648        88.97435954185924        28.49997868430227    
    299.5000000000000       0.5502096029240833E-08    14.21575901749220        202.2416847293800        2879.411034068172        88.97613924331920        29.49997747291757    
    300.5000000000000       0.5638129403003846E-08    14.31125433878662        204.9780073320195        2938.262327384243        88.97795444743352        30.49997623736676    
    301.5000000000000       0.5782217414971409E-08    14.41071525758267        207.8475967673225        3000.408182191099        88.97980736734013        31.49997497614335    
    302.5000000000000       0.5934810632052052E-08    14.51422306156027        210.8552201786172        3066.010815720659        88.98170035608145        32.49997368764578    
    303.5000000000000       0.6096387695264092E-08    14.62186138074695        214.0058790278362        3135.242741906195        88.98363591952524        33.49997237016832    
    304.5000000000000       0.6267466662363431E-08    14.73371791037162        217.3048702960859        3208.288569892695        88.98561673065501        34.49997102189148    
    305.5000000000000       0.6448594896800222E-08    14.84988318191907        220.7577614997425        3285.344935764398        88.98764564540781        35.49996964087136    
    306.5000000000000       0.6640365546374195E-08    14.97045050668608        224.3703985524923        3366.621147015775        88.98972572026294        36.49996822502747    
    307.5000000000000       0.6843401727020654E-08    15.09551642958832        228.1489341238437        3452.340437201567        88.99186023181676        37.49996677212943    
    308.5000000000000       0.7058379132437656E-08    15.22517916271000        232.0997874405192        3542.739519208515        88.99405269861454        38.49996527978235    
    309.5000000000000       0.7286012716220952E-08    15.35954075944394        236.2297281771976        3638.071243416744        88.99630690555378        39.49996374540990    
    310.5000000000000       0.7527070211871569E-08    15.49870703044113        240.5458873135586        3738.605528201640        88.99862693122351        40.49996216623580    
    311.5000000000000       0.7782367076954828E-08    15.64278595091602        245.0557170122655        3844.629031951431        89.00101717860487        41.49996053926314    
    312.5000000000000       0.8052778855511589E-08    15.79189130011049        249.7671300653648        3956.449469556512        89.00348240962889        42.49995886125051    
    313.5000000000000       0.8339229050657004E-08    15.94613680890080        254.6883172169952        4074.391800416581        89.00602778417385        43.49995712868565    
    314.5000000000000       0.8642707284938583E-08    16.10564394419185        259.8280259779831        4198.806149805674        89.00865890418559        44.49995533775554    
    315.5000000000000       0.8964264335290178E-08    16.27053340911037        265.1952969867802        4330.062240367782        89.01138186372802        45.49995348431202    
    316.5000000000000       0.9305038402626387E-08    16.44093292362004        270.7997352482949        4468.557063531459        89.01420330591891        46.49995156383321    
    317.5000000000000       0.9666277792208868E-08    16.61697629089689        276.6515113297035        4614.716364172783        89.01713048788596        47.49994957137942    
    318.5000000000000       0.1004928885494910E-07    16.79878710972489        282.7608131311385        4768.981486364783        89.02017135509661        48.49994750154229    
    319.5000000000000       0.1045550942221176E-07    16.98650496507921        289.1387652593632        4931.834332067667        89.02333462668304        49.49994534838685    
    320.5000000000000       0.1088630133241389E-07    17.18024631383301        295.7960970367297        5103.764132715410        89.02662989371106        50.49994310538470    
    321.5000000000000       0.1134346735053033E-07    17.38016998393685        302.7454395779337        5285.328833663096        89.03006773274768        51.49994076533658    
    322.5000000000000       0.1182842418886715E-07    17.58638592340118        309.9981499742011        5477.073035315860        89.03365983758336        52.49993832028267    
    323.5000000000000       0.1234326157630108E-07    17.79906296813338        317.5681488617351        5679.631701847836        89.03741917259164        53.49993576139851    
    324.5000000000000       0.1288969497854701E-07    18.01832095203608        325.4680755725977        5893.628308358901        89.04136015199336        54.49993307887254    
    325.5000000000000       0.1346993971740927E-07    18.24432294629051        333.7126639743667        6119.768901756772        89.04549885028177        55.49993026176312    
    326.5000000000000       0.1408617433466885E-07    18.47719701878992        342.3158782692785        6358.764611819674        89.04985325032088        56.49992729782975    
    327.5000000000000       0.1474052965733642E-07    18.71708125275988        351.2925942941878        6611.380184559542        89.05444353723118        57.49992417333276    
    328.5000000000000       0.1543592379496803E-07    18.96416242440579        360.6601082932306        6878.479726652564        89.05929244823886        58.49992087279528    
    329.5000000000000       0.1617451664012128E-07    19.21853480546084        370.4328021251479        7160.876756089029        89.06442569133253        59.49991737871845    
    330.5000000000000       0.1695980908858567E-07    19.48040646812361        380.6300062753396        7459.561091889654        89.06987244905513        60.49991367123820    
    331.5000000000000       0.1779408706943026E-07    19.74985623078528        391.2667082027583        7775.433887519252        89.07566598834171        61.49990972771027    
    332.5000000000000       0.1868129737899029E-07    20.02706474410714        402.3624236475947        8109.565132639738        89.08184440339669        62.49990552220470    
    333.5000000000000       0.1962424460937228E-07    20.31214537305410        413.9348323292318        8463.016596381409        89.08845152675265        63.49990102488538    
    334.5000000000000       0.2062719941744140E-07    20.60522355509022        426.0025249126800        8836.913135445620        89.09553805467807        64.49989620124420    
    335.5000000000000       0.2169304103740208E-07    20.90646199857966        438.5865751673708        9232.510227425337        89.10316294817537        65.49989101114743    
    336.5000000000000       0.2282712162894943E-07    21.21591092226112        451.7038223263478        9650.971034021139        89.11139519165863        66.49988540763846    
    337.5000000000000       0.2403235902231717E-07    21.53381311757881        465.3801329855090        10093.80172178891        89.12031602058644        67.49987933542155    
    338.5000000000000       0.2531447312095813E-07    21.86015302169732        479.6309527361268        10562.22386839355        89.13002177072894        68.49987272892247    
    339.5000000000000       0.2667772579553247E-07    22.19515263379096        494.4826905627434        11057.86986795145        89.14062756132786        69.49986550978117    
    340.5000000000000       0.2812678375530495E-07    22.53882573937737        509.9534595942588        11582.16100980207        89.15227211148556        70.49985758357340    
    341.5000000000000       0.2966774364689492E-07    22.89133611809924        526.0685492874933        12136.81158755871        89.16512411855587        71.49984883546915    
    342.5000000000000       0.3130582364637005E-07    23.25274541110551        542.8496492077362        12723.48763310939        89.17939082331009        72.49983912440207    
    343.5000000000000       0.3304705498732095E-07    23.62315168316814        560.3205189213512        13343.98089298767        89.19532968955639        73.49982827511926    
    344.5000000000000       0.3489878329226234E-07    24.00266522477425        578.5065884352714        14000.22475194336        89.21326460466187        74.49981606715382    
    345.5000000000000       0.3686609622690611E-07    24.39125827701126        597.4269406862874        14693.97841593616        89.23360878334678        75.49980221923367    
    346.5000000000000       0.3895801347925215E-07    24.78907699345469        617.1101184321866        15427.43206860498        89.25689785027392        76.49978636676232    
    347.5000000000000       0.4117962179758146E-07    25.19607544192410        637.5755851366609        16202.50446532186        89.28383880109160        77.49976802849056    
    348.5000000000000       0.4354161588262185E-07    25.61239601692314        658.8530515995717        17021.58409467090        89.31538450615351        78.49974655580031    
    349.5000000000000       0.4605084313005092E-07    26.03791584985070        680.9591764974203        17886.63301252477        89.35285078345092        79.49972105301036    
    350.5000000000000       0.4871667417439269E-07    26.47274606339283        703.9231082416355        18800.17187235919        89.39810740332349        80.49969024735398    
    351.5000000000000       0.5154797036104327E-07    26.91685301506250        727.7672825290374        19764.55254777639        89.45390389995298        81.49965226718501    
    352.5000000000000       0.5455475502507083E-07    27.37015779012055        752.5117196732904        20782.09329609756        89.52445598356650        82.49960424277430    
    353.5000000000000       0.5774991199020450E-07    27.83269778457504        778.1833652770429        21855.48561552682        89.61657312659732        83.49954153867736    
    354.5000000000000       0.6114041301592916E-07    28.30433694612110        804.7999156196046        22987.11880050293        89.74201584962516        84.49945614888384    
    355.5000000000000       0.6474127227305186E-07    28.78509339506508        832.3879185278760        24179.83422511144        89.92299463273176        85.49933295289303    
    356.5000000000000       0.6856467274977584E-07    29.27487329821687        860.9678179524155        25436.29610979489        90.20708900751497        86.49913955696016    
    357.5000000000000       0.7262467546229665E-07    29.77356008329393        890.5589272358673        26759.20188774706        90.71792923231209        87.49879177638876    
    358.5000000000000       0.7693508216969031E-07    30.28110453417218        921.1845911556916        28151.50752077575        91.90804698868766        88.49798133166655    
    359.5000000000000       0.8151430228707302E-07    30.79732371330779        952.8601540393216        29615.88806853862        97.79863395917485        89.49396011768627    
