 # author: MA Kubiak / Space Research Center PAS Warsaw Poland, contact: mkubiak@cbk.waw.pl                          
 # code version Program.keplerV_ellipt_V2      , Dates: calkV:20/04/2026  ; part_pr:20/04/2026                       
 # czas no T v_mas, kier.naplywu(dl, szer) macierz obrotu (ecl to helio), r, theta, phi(ecl,spher), V_detector(ecl,cart), IBEX_energy_channel
 #     2026.090254000000        0.1419110000000000E-01     7443.000000000000        -25.78400000689422         255.7450000000000         5.169000000000000        0.2459841265748581        0.9692738567985851         0.000000000000000       -0.9615244635393438        0.2440174711049008        0.1261989691358298        0.1223213615382913       -0.3104294319752456E-01    0.9920049496797150        0.9763750000000000         133.6742150000000        0.1924000000000000E-02    -21.73600000000000        -20.46200000000000        0.4900000000000001E-01 00
 # routs_end= 150.00;    Maxwellian,    elliptOrb=Off                                                                                        
 # Numerical parameters: GridKl=10  GridKf=09  GridKV=05  epsV= 0.0000100  epssJon=.0010000                                                  
 # Numerical parameters: GridKl=10  GridKf=09  GridKV=05  epsV= 0.0000100  epssJon=.0010000; tessel128                                                                                                                                                                                                                                                                                                                                                                                                                                                                 
# Axis to the Sun: alpha_ecl= 309.7400000000000000 delta_Ecl= 0.0970000000000000 delta_Ax= 75.0000000000000000  repoint= 00145
 #  flag_atom: He                                                   
 #  flag_general:                                                   
 #                                                                  
 #                                                                  
  # Ly_a_Profil: zero                                               
  # flag_Itot: zero                                                 
 #  v_SW_Eqtr: speed3D.hybrid2026c_patched.dat                      
 #  n_SW_Eqtr: density3D.hybrid2026c_patched.dat                    
 #  phot_Eqtr: 0.8500000  phion_Helium_T12F107_2026c.dat            
 #  sigma_SW: p+He->H +He+, He + alpha (2 chnls);src:simuLosses.nb  
 #  flag_el:slow  swEqtrElectrons5.2026c.patched.dat                
 #  SW_lati: interpolation                                          
 #  phot_lati: analit pole-flattened after Pryor & Auchere          
 #
 #
 #
 #Spin  flux speed	speed^2 speed^3    long_ecl lat_ecl
   0.5000000000000000       0.3774815762077793E-02    33.84221921040505        1150.981669266210        39336.67644828927        307.8628032085796        75.08880590512128    
    1.500000000000000       0.4121755542501173E-02    34.38472546840752        1188.160328487279        41257.01418013385        304.1250213378005        75.02343454777088    
    2.500000000000000       0.4494939698509560E-02    34.93425981581444        1226.419736459293        43264.57731138695        300.4362158783812        74.89354083677601    
    3.500000000000000       0.4895346911446216E-02    35.49070759860098        1265.775449247838        45362.40939465450        296.8262838749143        74.70076883587973    
    4.500000000000000       0.5323879476051509E-02    36.05398495103569        1306.245119269978        47553.74330643874        293.3213465126370        74.44745755014839    
    5.500000000000000       0.5781327842250132E-02    36.62394089930774        1347.841080058880        49841.57773070935        289.9428681401868        74.13650822723105    
    6.500000000000000       0.6268432862309087E-02    37.20042239085604        1390.574722011705        52228.89518458398        286.7072444686389        73.77123534682984    
    7.500000000000000       0.6785911339341444E-02    37.78336213432743        1434.463630698022        54719.09324999342        283.6258234583480        73.35521695922138    
    8.500000000000000       0.7334486487716010E-02    38.37270658205796        1479.526093545613        57315.66675226483        280.7052680715246        72.89215694996507    
    9.500000000000000       0.7914957840307910E-02    38.96847390071058        1525.786058415932        60022.52455251524        277.9481461900557        72.38576750120755    
    10.50000000000000       0.8528238534205348E-02    39.57076179347406        1573.274354360052        62844.09909330467        275.3536356562462        71.83967567978125    
    11.50000000000000       0.9175373621079995E-02    40.17970790300502        1622.025782419238        65785.19158582855        272.9182521761007        71.25735451391206    
    12.50000000000000       0.9857737478109732E-02    40.79549373205879        1672.079826255665        68851.04467908196        270.6365347066677        70.64207646982000    
    13.50000000000000       0.1057708415857367E-01    41.41833993881398        1723.480509430727        72047.35580660033        268.5016493250034        69.99688589007313    
    14.50000000000000       0.1133578900710210E-01    42.04853898137362        1776.279438156530        75380.49506821357        266.5058941687413        69.32458648615454    
    15.50000000000000       0.1213700659877036E-01    42.68643015868026        1830.534089379559        78857.43372684186        264.6411034050054        68.62774010314060    
    16.50000000000000       0.1298501373067924E-01    43.33244174957915        1886.312046613008        82486.06897025931        262.8989576965956        67.90867343428484    
    17.50000000000000       0.1388536184072599E-01    43.98702941039396        1943.685482699654        86274.86263262280        261.2712135113457        67.16948996108465    
    18.50000000000000       0.1484559882528256E-01    44.65076828062396        2002.740485944707        90233.55646514753        259.7498652646378        66.41208500241439    
    19.50000000000000       0.1587531392528399E-01    45.32425358521829        2063.568168508093        94372.59110339353        258.3272539270607        65.63816230398123    
    20.50000000000000       0.1698724757426392E-01    46.00822484369712        2126.276931851110        98704.03259505001        256.9961342995732        64.84925105647528    
    21.50000000000000       0.1819764582496863E-01    46.70345821534985        2190.982858493093        103240.9467812019        255.7497112871747        64.04672259208274    
    22.50000000000000       0.1952750592730704E-01    47.41082071615413        2257.815580128522        107997.8965824263        254.5816535740028        63.23180628263486    
    23.50000000000000       0.2100384636657904E-01    48.13127735510580        2326.919678816101        112991.1240055079        253.4860913266544        62.40560436240074    
    24.50000000000000       0.2266134689761628E-01    48.86580674898955        2398.446825448693        118238.0266248244        252.4576030213148        61.56910553940382    
    25.50000000000000       0.2454470153988209E-01    49.61543029974427        2472.559392846583        123757.5196141301        251.4911952274597        60.72319735498241    
    26.50000000000000       0.2671186065726784E-01    50.38115752366789        2549.424946797271        129569.6521400957        250.5822781722700        59.86867731381269    
    27.50000000000000       0.2923801880486394E-01    51.16392119191391        2629.209827841347        135695.1660645325        249.7266391238288        59.00626284511271    
    28.50000000000000       0.3222162376274724E-01    51.96448471179248        2712.068612842169        142154.6416807126        248.9204150306189        58.13660017742156    
    29.50000000000000       0.3579254890288361E-01    52.78339270019111        2798.138091817384        148967.9913809736        248.1600654037157        57.26027221955356    
    30.50000000000000       0.4012377653529683E-01    53.62086851772786        2887.524471233968        156153.3165916488        247.4423460943959        56.37780554295239    
    31.50000000000000       0.4544743185399170E-01    54.47668246454487        2980.286714695879        163725.3822824943        246.7642843767271        55.48967655848763    
    32.50000000000000       0.5207854010407792E-01    55.35007549403417        3076.424612154952        171694.3547986490        246.1231555702781        54.59631697567513    
    33.50000000000000       0.6044830716286160E-01    56.23965140350232        3175.862581426881        180064.0934393187        245.5164613151344        53.69811862568339    
    34.50000000000000       0.7115426709489656E-01    57.14335051731872        3278.441343417495        188830.9697151725        244.9419095265881        52.79543772218818    
    35.50000000000000       0.8503123211647951E-01    58.05837833129576        3383.904178299720        197982.1586092561        244.3973959999593        51.88859862672299    
    36.50000000000000       0.1032579657219693        58.98126000717430        3491.897067138289        207495.0381657908        243.8809875993230        50.97789717799647    
    37.50000000000000       0.1275150666635948        59.90795572284079        3601.976461475560        217337.2600689857        243.3909069416906        50.06360363791192    
    38.50000000000000       0.1602194363476426        60.83410900216450        3713.635546160599        227468.6846500814        242.9255184761700        49.14596530083450    
    39.50000000000000       0.2048782912270451        61.75518483786440        3826.316981330128        237842.0186893263        242.4833158526834        48.22520880704931    
    40.50000000000000       0.2666214662745388        62.66663233610544        3939.430592783031        248404.0586628285        242.0629104746648        47.30154219633594    
    41.50000000000000       0.3529986321679914        63.56409799355050        4052.380622939310        259098.1203666146        241.6630211331526        46.37515673313062    
    42.50000000000000       0.4752010444485847        64.44373763916505        4164.608440627955        269868.2416328759        241.2824646246657        45.44622853081250    
    43.50000000000000       0.6499124876237577        65.30239953866236        4275.621540762480        280662.3529422687        240.9201472613551        44.51491999919466    
    44.50000000000000       0.9021053781726234        66.13768400563869        4385.007631828344        291434.1374515896        240.5750571886023        43.58138113627141    
    45.50000000000000        1.269282692847397        66.94777290611641        4492.416812273816        302141.6065235639        240.2462574320741        42.64575068262802    
    46.50000000000000        1.807957833145094        67.73148686110726        4597.575126316724        312748.9698534749        239.9328796029882        41.70815715461001    
    47.50000000000000        2.603283707042829        68.48817330964151        4700.274762562696        323226.1231710738        239.6341181968242        40.76871977033839    
    48.50000000000000        3.783742707143509        69.21748876588352        4800.349099287594        333546.5684567606        239.3492254268288        39.82754928090509    
    49.50000000000000        5.542789252423582        69.91951209670077        4897.691670757477        343689.7224501579        239.0775065393480        38.88474871755837    
    50.50000000000000        8.171184497675158        70.59452818395748        4992.228150928810        353638.2258204554        238.8183155632684        37.94041406436104    
    51.50000000000000        12.10414189650375        71.24293551559667        5083.905705268919        363377.1011941846        238.5710514506405        36.99463486464794    
    52.50000000000000        17.99011369564524        71.86525064742682        5172.694105072947        372893.9673023103        238.3351545699200        36.04749476860330    
    53.50000000000000        26.78915798095019        72.46203486854735        5258.575699875578        382178.0530468198        238.1101035172109        35.09907202840068    
    54.50000000000000        39.91076209743632        73.03379592079389        5341.531069284450        391218.6660536058        237.8954122144550        34.14943994658314    
    55.50000000000000        59.40812753445023        73.58111169700118        5421.557643799413        400007.3490007967        237.6906272667173        33.19866728269329    
    56.50000000000000        88.23986176894583        74.10457417265211        5498.661264034316        408536.9681855023        237.4953255535952        32.24681862257912    
    57.50000000000000        130.6181716028267        74.60475218969840        5572.850466963076        416801.0966162119        237.3091120323560        31.29395471429124    
    58.50000000000000        192.4659183563231        75.08226762041238        5644.147624738239        424795.2777248214        237.1316177327233        30.34013277403990    
    59.50000000000000        281.9903756390675        75.53765849100117        5712.567728433062        432514.5900172298        236.9624979252912        29.38540676528884    
    60.50000000000000        410.3735928359680        75.97146129293201        5778.130702681442        439955.0624661151        236.8014304474061        28.42982765371934    
    61.50000000000000        592.5966257967857        76.38415223170081        5840.851751787997        447112.5177865321        236.6481141719985        27.47344364049559    
    62.50000000000000        848.3421125272904        76.77624672534428        5900.757046412860        453984.4568085853        236.5022676063318        26.51630037599755    
    63.50000000000000        1202.912577385305        77.14824440627955        5957.874490308751        460568.9245444083        236.3636276089591        25.55844115595372    
    64.50000000000000        1688.091240055426        77.50063074068854        6012.233688227707        466864.4951684221        236.2319482143556        24.59990710169974    
    65.50000000000000        2342.782132378731        77.83393715525470        6063.875500949131        472871.4306712435        236.1069995557600        23.64073732610789    
    66.50000000000000        3213.201140816682        78.14862126565448        6112.832704456720        478589.3543579329        235.9885668777026        22.68096908657150    
    67.50000000000000        4352.484585456261        78.44517110632022        6159.146266112706        484019.1755578187        235.8764496305500        21.72063792628653    
    68.50000000000000        5819.308211859073        78.72406243340905        6202.858475751734        489162.2738727187        235.7704606401568        20.75977780494687    
    69.50000000000000        7675.526402661643        78.98580947033018        6244.021066360731        494021.4883743991        235.6704253463997        19.79842121985931    
    70.50000000000000        9982.443223018205        79.23093208034335        6282.689573658455        498600.4037715572        235.5761811049863        18.83659931838447    
    71.50000000000000        12795.76529102385        79.45992940940788        6318.918927022264        502902.8076599649        235.4875765474805        17.87434200252339    
    72.50000000000000        16159.38765473096        79.67331250880024        6352.768559117598        506933.2999749912        235.4044709949888        16.91167802639148    
    73.50000000000000        20098.28649369373        79.87158654774711        6384.299368353919        510696.9123470995        235.3267339213982        15.94863508725236    
    74.50000000000000        24611.27227565023        80.05524508885505        6413.572624426616        514198.9613573268        235.2542444624648        14.98523991072310    
    75.50000000000000        29664.12637403059        80.22478404034079        6440.652091088864        517445.2961397893        235.1868909674189        14.02151833070775    
    76.50000000000000        35184.27019351425        80.38067612000120        6465.599664034185        520441.7452343136        235.1245705900860        13.05749536456761    
    77.50000000000000        41057.50646685722        80.52337122133993        6488.475302668804        523194.0969914408        235.0671889168264        12.09319528399373    
    78.50000000000000        47129.03973763992        80.65328852730804        6509.335663090507        525707.9269933347        235.0146596288705        11.12864168200898    
    79.50000000000000        53207.30928866275        80.77081726482069        6528.233991330616        527988.5595512793        234.9669041968815        10.16385753649297    
    80.50000000000000        59072.23318531405        80.87633181673428        6545.222427363809        530041.3324001373        234.9238516058048        9.198865270593437    
    81.50000000000000        64487.82845092904        80.97016629234753        6560.347759763838        531871.0674910172        234.8854381082780        8.233686810361029    
    82.50000000000000        69217.69222339871        81.05262344159631        6573.652788780246        533482.2290322109        234.8516070050691        7.268343639921056    
    83.50000000000000        73042.49292451038        81.12391015793169        6585.165722247549        534877.6161976499        234.8223084511926        6.302856854475572    
    84.50000000000000        75775.25953805189        81.18422136603105        6594.913704155269        536060.0014252206        234.7974992865208        5.337247211411268    
    85.50000000000000        76971.64161396770        81.23348603844717        6602.882755650442        537027.3957756541        234.7771428898654        4.371535179773074    
    86.50000000000000        77471.08171656638        81.27252946024817        6609.199943538735        537794.4399987273        234.7612090556520        3.405740988350471    
    87.50000000000000        76346.94270719451        81.30061025814776        6613.746337259661        538346.8293998627        234.7496738924508        2.439884672612393    
    88.50000000000000        73960.65353169796        81.31795329989025        6616.555458418362        538688.2863385776        234.7425197427588        1.473986120717185    
    89.50000000000000        70432.12989594135        81.32451641708521        6617.619335013094        538817.7044373787        234.7397351235580       0.5080651188170259    
    90.50000000000000        65936.40536031133        81.32013915213923        6616.911315344809        538731.7639173239        234.7413146872956      -0.4578586041293117    
    91.50000000000000        60684.33319196832        81.30461582235640        6614.398185723079        538426.4394470047        234.7472592030551       -1.423765331825742    
    92.50000000000000        54909.36784380560        81.27775223483594        6610.049257104721        537898.0920847075        234.7575755578023       -2.389635316182480    
    93.50000000000000        48851.83351172609        81.23925840378730        6603.818998320664        537141.3596268548        234.7722767777108       -3.355448732726931    
    94.50000000000000        42738.64832103343        81.18877953560983        6595.652302517520        536149.8262527544        234.7913820696843       -4.321185635674205    
    95.50000000000000        36771.96114084175        81.12598313161770        6585.498540255302        534917.7236460806        234.8149168833163       -5.286825912446652    
    96.50000000000000        31120.51542184835        81.05045688131908        6573.295153128566        533437.9526691240        234.8429129936434       -6.252349237427692    
    97.50000000000000        25910.98140058521        80.96178033892917        6558.979592627708        531703.5736486765        234.8754086051748       -7.217735024729595    
    98.50000000000000        21228.86280224540        80.85953020307194        6542.490138456523        529707.8995858011        234.9124484778064       -8.182962379746812    
    99.50000000000000        17119.52075910752        80.74322728599091        6523.757472840198        527443.4908100821        234.9540840753628       -9.148010049257362    
    100.5000000000000        13592.44477844735        80.61238587579808        6502.712707786188        524903.1313544638        235.0003737376476       -10.11285636982290    
    101.5000000000000        10629.18485700958        80.46650963893354        6479.287170684586        522079.8561235500        235.0513828770330       -11.07747921422509    
    102.5000000000000        8189.631611831785        80.30513183253012        6453.419033197910        518967.7680490070        235.1071842007746       -12.04185593565974    
    103.5000000000000        6219.800811012606        80.12773044528130        6425.039446704290        515560.3317728339        235.1678579604061       -13.00596330939195    
    104.5000000000000        4658.511221332105        79.93379323760938        6394.083372293804        511851.7221174418        235.2334922297497       -13.96977747155501    
    105.5000000000000        3442.792047138910        79.72278641371300        6360.484755009529        507836.2622898230        235.3041832132705       -14.93327385475182    
    106.5000000000000        2511.983721605732        79.49417011016632        6324.179163087071        503508.7532837783        235.3800355867189       -15.89642712009024    
    107.5000000000000        1810.709548219478        79.24746113045356        6285.114489964451        498865.8343249340        235.4611628722291       -16.85921108525427    
    108.5000000000000        1290.393584489615        78.98221322927981        6243.247529079163        493905.5275734848        235.5476878502977       -17.82159864817761    
    109.5000000000000        909.8421962119181        78.69788643202413        6198.522962537639        488624.6900742765        235.6397430113383       -18.78356170584756    
    110.5000000000000        635.2400079871011        78.39400638791618        6150.899547909315        483022.2340045287        235.7374710498090       -19.74507106772423    
    111.5000000000000        439.5756182875437        78.07012851907302        6100.344226829426        477098.3833686900        235.8410254042440       -20.70609636320994    
    112.5000000000000        301.7602606499541        77.72568327813499        6046.807920639217        470851.8186009172        235.9505708468816       -21.66660594254910    
    113.5000000000000        205.7122887968355        77.36009166958630        5990.244081315188        464281.8954137901        236.0662841269871       -22.62656677047673    
    114.5000000000000        139.4140323359406        76.97289056664233        5930.628846631123        457391.0588003749        236.1883546724153       -23.58594431186352    
    115.5000000000000        94.03457663461367        76.56350360132032        5867.925241922091        450180.6218043398        236.3169853544504       -24.54470240852717    
    116.5000000000000        63.20053810388647        76.13130902566937        5802.094132757765        442652.0656436592        236.4523933215082       -25.50280314629111    
    117.5000000000000        42.38022405444694        75.67578837950973        5733.117815507132        434809.8225411247        236.5948109078981       -26.46020671127177    
    118.5000000000000        28.39071432440317        75.19623468815632        5660.954888594298        426656.0035584621        236.7444866245151       -27.41687123426390    
    119.5000000000000        19.02655350357840        74.69196529229876        5585.574069034618        418194.3956942846        236.9016862390882       -28.37275262196562    
    120.5000000000000        12.77461017527301        74.16246687674770        5506.976430189031        409432.9843947857        237.0666939544489       -29.32780437364272    
    121.5000000000000        8.605352291145016        73.60693550795007        5425.125152263052        400375.8550231445        237.2398136942206       -30.28197738166942    
    122.5000000000000        5.824919806210246        73.02475643299772        5340.019085838816        391031.6166400659        237.4213705063706       -31.23521971419955    
    123.5000000000000        3.968199353679880        72.41537209477801        5251.672340194754        381410.9891954561        237.6117120962330       -32.18747637801491    
    124.5000000000000        2.724927435503746        71.77812893472870        5160.090989500253        371524.1009973421        237.8112105019090       -33.13868905936276    
    125.5000000000000        1.889195231173701        71.11283687502768        5065.355827887938        361389.6393433891        238.0202639264014       -34.08879584032649    
    126.5000000000000        1.324459226010435        70.41925490768223        4967.543241833526        351025.6907180197        238.2392987424640       -35.03773088797108    
    127.5000000000000       0.9403814358230020        69.69741428157765        4866.771346380167        340454.6688628052        238.4687716879501       -35.98542411315971    
    128.5000000000000       0.6771948004923209        68.94800398734371        4763.252927406590        329708.7584706479        238.7091722714684       -36.93180079554445    
    129.5000000000000       0.4952667081519345        68.17193582718559        4657.227643370984        318822.0436682984        238.9610254104038       -37.87678117078642    
    130.5000000000000       0.3683133211222945        67.37115742162197        4549.072764022353        307841.8756289960        239.2248943258685       -38.82027997555019    
    131.5000000000000       0.2787879009497059        66.54804875460687        4439.212098826873        296818.6666170037        239.5013837219438       -39.76220594523173    
    132.5000000000000       0.2149542955676631        65.70588015568980        4328.173556321303        285811.3786161600        239.7911432796704       -40.70246125871356    
    133.5000000000000       0.1689053757914542        64.84845362475528        4216.534373838533        274881.4321835201        240.0948714996848       -41.64094092367583    
    134.5000000000000       0.1352821209168117        63.97994211947402        4104.895091362615        264089.7739664776        240.4133199311915       -42.57753209511792    
    135.5000000000000       0.1104303279353266        63.10495000200209        3993.885984170839        253497.5178469637        240.7472978291418       -43.51211331874254    
    136.5000000000000       0.9183346166352285E-01    62.22796443335221        3884.093332682069        243158.6578035504        241.0976772860591       -44.44455368970690    
    137.5000000000000       0.7774607005282908E-01    61.35344959145328        3776.074767044200        233122.0220754377        241.4653988899268       -45.37471191592665    
    138.5000000000000       0.6694421973775171E-01    60.48529913920361        3670.290662940801        223424.9377433151        241.8514779649122       -46.30243527360896    
    139.5000000000000       0.5856266813663526E-01    59.62694110748436        3567.123367715277        214095.7425471103        242.2570114574197       -47.22755844095892    
    140.5000000000000       0.5198172031098267E-01    58.78098117609984        3466.836773237146        205150.4480893414        242.6831855359600       -48.14990219401815    
    141.5000000000000       0.4675428246370512E-01    57.94940710450516        3369.608304104802        196596.4028757913        243.1312839794864       -49.06927194632232    
    142.5000000000000       0.4255268330585277E-01    57.13344825252101        3275.516493848671        188431.6148245492        243.6026974349837       -49.98545611146589    
    143.5000000000000       0.3913535458236248E-01    56.33378649071052        3184.571397826417        180647.9678565925        244.0989336309158       -50.89822426469619    
    144.5000000000000       0.3632094412126219E-01    55.55053973512943        3096.716310583356        173231.7073783467        244.6216286382199       -51.80732507628575    
    145.5000000000000       0.3397250791821325E-01    54.78342118371213        3011.849512508441        166165.6048852221        245.1725592742690       -52.71248398560556    
    146.5000000000000       0.3198499761149085E-01    54.03182686149234        2929.836685780531        159430.2209686254        245.7536567467366       -53.61340058050680    
    147.5000000000000       0.3027721569057036E-01    53.29494972457459        2850.525474563471        153005.2557540112        246.3670216323829       -54.50974564178454    
    148.5000000000000       0.2878603710838249E-01    52.57189602919462        2773.759728757436        146870.8164401631        247.0149402787508       -55.40115780712870    
    149.5000000000000       0.2746148619728690E-01    51.86165654155502        2699.376007236146        141007.0749414289        247.6999027022944       -56.28723980308008    
    150.5000000000000       0.2626412500006361E-01    51.16323234347953        2627.218317435610        135395.5225441455        248.4246220314241       -57.16755418716077    
    151.5000000000000       0.2516271187695065E-01    50.47564636686470        2557.138723270927        130018.9371945079        249.1920555030615       -58.04161853566381    
    152.5000000000000       0.2413255518029888E-01    49.79796559383165        2488.999326898429        124861.4832977018        250.0054269608541       -58.90890000579724    
    153.5000000000000       0.2315424806875216E-01    49.12932757301191        2422.674762585590        119908.8585799656        250.8682507146102       -59.76880919436196    
    154.5000000000000       0.2221267779894296E-01    48.46892901379004        2358.050267412905        115148.0583757136        251.7843564937971       -60.62069320950445    
    155.5000000000000       0.2129619506437591E-01    47.81600613840045        2295.019165984824        110567.1225218703        252.7579150501577       -61.46382786823153    
    156.5000000000000       0.2039642478282294E-01    47.16991729744299        2233.491055818905        106155.7273433135        253.7934637190815       -62.29740893166461    
    157.5000000000000       0.1950741590257750E-01    46.53006342833201        2173.382858217331        101904.4178867737        254.8959309156018       -63.12054229439259    
    158.5000000000000       0.1862544408496445E-01    45.89593328990286        2114.622945058688        97804.87592656942        256.0706580935567       -63.93223305653329    
    159.5000000000000       0.1774854973593151E-01    45.26708597857465        2057.148859750133        93849.69824447529        257.3234171060499       -64.73137343108444    
    160.5000000000000       0.1687621342651050E-01    44.64314057769855        2000.906058057786        90032.27625136635        258.6604201394285       -65.51672948007582    
    161.5000000000000       0.1600914709360204E-01    44.02381159318803        1945.850643745535        86346.93709499844        260.0883184195437       -66.28692673786344    
    162.5000000000000       0.1514901365522252E-01    43.40885884457168        1891.944114611632        82788.52760671965        261.6141846831485       -67.04043487755817    
    163.5000000000000       0.1429820203136888E-01    42.79812313799753        1839.156461410846        79352.61176093525        263.2454729631211       -67.77555171803678    
    164.5000000000000       0.1345945497458762E-01    42.19151287163174        1787.464386538946        76035.30466396372        264.9899475868697       -68.49038706697773    
    165.5000000000000       0.1263597401354933E-01    41.58895594122629        1736.846327037670        72832.89308820482        266.8555715350270       -69.18284716329933    
    166.5000000000000       0.1183088797987354E-01    40.99049224868256        1687.290957827829        69742.42050898034        268.8503426666743       -69.85062083187941    
    167.5000000000000       0.1104750780624836E-01    40.39617150387863        1638.787231649987        66760.96867554892        270.9820651686939       -70.49116889988065    
    168.5000000000000       0.1028881907809550E-01    39.80610663728428        1591.329172901739        63885.97948803865        273.2580435365360       -71.10171893913598    
    169.5000000000000       0.9557566588554153E-02    39.22043528800305        1544.912244101004        61115.00473787139        275.6846883151328       -71.67926796016422    
    170.5000000000000       0.8856188175630985E-02    38.63932103505564        1499.533269100259        58445.69357525427        278.2670278473968       -72.22059621946491    
    171.5000000000000       0.8186651423303683E-02    38.06288570343646        1455.185040272597        55875.47114585303        281.0081296327564       -72.72229568905145    
    172.5000000000000       0.7550448525746085E-02    37.49128506556581        1411.862680653631        53401.94293870297        283.9084495974272       -73.18081679049170    
    173.5000000000000       0.6948616358444459E-02    36.92458156478271        1369.553437702986        51022.27971491703        286.9651477823072       -73.59253647619313    
    174.5000000000000       0.6381700750591646E-02    36.36288921689525        1328.248778274602        48733.97274492171        290.1714331200585       -73.95384939511887    
    175.5000000000000       0.5849758547522757E-02    35.80625989978315        1287.935251073982        46534.27925561232        293.5160239928423       -74.26128152467510    
    176.5000000000000       0.5352535917371149E-02    35.25483198453705        1248.606142016332        44420.90816260381        296.9828281358999       -74.51162229703441    
    177.5000000000000       0.4889405788820625E-02    34.70875977076978        1210.255665028217        42391.66051729792        300.5509462334828       -74.70206724115863    
    178.5000000000000       0.4459399038223516E-02    34.16818699331247        1172.877041669569        40444.32301526381        304.1950801331961       -74.83035925352665    
    179.5000000000000       0.4061424301082161E-02    33.63342928448319        1136.474581840636        38577.26574029800        307.8863759998002       -74.89491388054316    
    180.5000000000000       0.3694300651891875E-02    33.10490886616411        1101.058561962661        36789.15218366445        311.5936611126234       -74.89491355649901    
    181.5000000000000       0.3356544103505754E-02    32.58286369684935        1066.625019699871        35077.88717145767        315.2849566602296       -74.83035828553287    
    182.5000000000000       0.3046750494696200E-02    32.06774162975393        1033.182592279560        33442.00190842099        318.9290899379282       -74.70206564137132    
    183.5000000000000       0.2763314389697888E-02    31.55975527018544        1000.722634040905        31879.15145008840        322.4972071404882       -74.51162008488390    
    184.5000000000000       0.2504624482107880E-02    31.05915387126539        969.2385823588335        30387.15204030178        325.9640101560765       -74.26127872574229    
    185.5000000000000       0.2269014081823725E-02    30.56610447747585        938.7180983158516        28963.58810370323        329.3085997157791       -73.95384603977442    
    186.5000000000000       0.2054828431348369E-02    30.08074995400450        909.1471939407886        27606.03074049374        332.5148836036316       -73.59253259815266    
    187.5000000000000       0.1860455092501141E-02    29.60315238646567        880.5069780065247        26311.89533124930        335.5715802488415       -73.18081242542254    
    188.5000000000000       0.1684300118793690E-02    29.13345417603991        852.7838214448866        25078.91974146517        338.4718986266312       -72.72229087333206    
    189.5000000000000       0.1524836403743364E-02    28.67170106349313        825.9582429843161        23904.63712189261        341.2129988143117       -72.22059098915535    
    190.5000000000000       0.1380643468446718E-02    28.21797974040778        800.0134582227303        22786.77323543372        343.7953367676765       -71.67926235020978    
    191.5000000000000       0.1250375821438443E-02    27.77240475063184        774.9342819735127        21723.18065776893        346.2219800089615       -71.10171298279647    
    192.5000000000000       0.1132767962320045E-02    27.33505266422640        750.7033703679327        20711.67663986399        348.4979568976825       -70.49116262835955    
    193.5000000000000       0.1026658604250502E-02    26.90602088874865        727.3046586671486        19750.19318314622        350.6296779900153       -69.85061427411814    
    194.5000000000000       0.9309822640330928E-03    26.48543132072233        704.7234702875044        18836.77619631663        352.6244477882361       -69.18284034590035    
    195.5000000000000       0.8447459364640142E-03    26.07336859686695        682.9431568968843        17969.44654050667        354.4900704825607       -68.49038001422223    
    196.5000000000000       0.7670436308450639E-03    25.66990701296869        661.9466116822373        17146.26282334061        356.2345439327470       -67.77554445196786    
    197.5000000000000       0.6970446321295900E-03    25.27513308345766        641.7176275487800        16365.38009699526        357.8658311181606       -67.04042741810629    
    198.5000000000000       0.6339867181114554E-03    24.88905759595801        622.2362407804196        15624.86257656665        359.3916963635833       -66.28691910299581    
    199.5000000000000       0.5771775681148394E-03    24.51172543843116        603.4846707491032        14922.92266459672       0.8196037162827100       -65.51672168595695    
    200.5000000000000       0.5259833355589210E-03    24.14310098892186        585.4414392712821        14257.69146467755        2.156605873121435       -64.73136549223797    
    201.5000000000000       0.4798407921952009E-03    23.78317800714813        568.0870651273655        13627.43832141642        3.409364073520859       -63.93222498599974    
    202.5000000000000       0.4382357629390516E-03    23.43192695296878        551.4014607415336        13030.47106004297        4.584090499400916       -63.12053410387845    
    203.5000000000000       0.4007029266838586E-03    23.08929185452439        535.3638492932187        12465.13277616385        5.686556999488467       -62.29740063168093    
    204.5000000000000       0.3668332861487927E-03    22.75520954774870        519.9534834719909        11929.81800404706        6.722105023387302       -61.46381946822108    
    205.5000000000000       0.3362418394588604E-03    22.42959990239912        505.1497580515946        11422.99427385821        7.695662982097013       -60.62068471795687    
    206.5000000000000       0.3085984653991039E-03    22.11234417464910        490.9306881007928        10943.12870994636        8.611768207209172       -59.76880061891754    
    207.5000000000000       0.2836000565789201E-03    21.80336213861571        477.2769014750651        10488.83825039543        9.474591446921629       -58.90889135333985    
    208.5000000000000       0.2609795081787267E-03    21.50255232654688        464.1686415235115        10058.77542436343        10.28796242741423       -58.04160981240384    
    209.5000000000000       0.2404930227320321E-03    21.20980093438916        451.5862401644243        9651.643829248776        11.05539545546177       -57.16754539870858    
    210.5000000000000       0.2219236052078140E-03    20.92498316047389        439.5102289880019        9266.201832520264        11.78011437192364       -56.28723095451147    
    211.5000000000000       0.2050791043056248E-03    20.64797792331407        427.9219166634270        8901.276745111683        12.46507641116566       -55.40114890304269    
    212.5000000000000       0.1897847023953518E-03    20.37867021234454        416.8036281849534        8555.775163184107        13.11299469926049       -54.50973668635466    
    213.5000000000000       0.1758860078602478E-03    20.11692786628427        406.1374516599126        8228.631828158457        13.72635925052721       -53.61339157752632    
    214.5000000000000       0.1632433430225496E-03    19.86263110499354        395.9067334836669        7918.863460997707        14.30745641056044       -52.71247493852766    
    215.5000000000000       0.1517325837042709E-03    19.61565267625885        386.0950463251960        7625.527736352884        14.85838675434411       -51.80731598825900    
    216.5000000000000       0.1412425986827469E-03    19.37586832484364        376.6866714285370        7347.738278918286        15.38108148793220       -50.89821513859596    
    217.5000000000000       0.1316734738450907E-03    19.14315103555974        367.6663551026301        7084.655278520778        15.87731742722152       -49.98544694992221    
    218.5000000000000       0.1229356752063196E-03    18.91736555851263        359.0190334710863        6835.473855891485        16.34873064180355       -49.06926275174463    
    219.5000000000000       0.1149488493038647E-03    18.69836851209511        350.7298597990543        6599.424260269565        16.79682885891462       -48.14989296861722    
    220.5000000000000       0.1076415026438980E-03    18.48602993002512        342.7850449559691        6375.795168553863        17.22300272441942       -47.22754918676635    
    221.5000000000000       0.1009493578142615E-03    18.28021876420699        335.1712524677989        6163.913482941262        17.62853601624856       -46.30242599249457    
    222.5000000000000       0.9481466667172269E-04    18.08080345799833        327.8755899220467        5963.141982719806        18.01461490197825       -45.37470260961394    
    223.5000000000000       0.8918546102101683E-04    17.88764859710638        320.8854754237652        5772.874285665746        18.38233632715845       -44.44454435978690    
    224.5000000000000       0.8401522428531072E-04    17.70062409303306        314.1889725705513        5592.543031934564        18.73271561517449       -43.51210396668613    
    225.5000000000000       0.7926215131494303E-04    17.51960131254684        307.7746110757728        5421.612875645083        19.06669335329315       -42.57752272228687    
    226.5000000000000       0.7488861256433081E-04    17.34446058500345        301.6316755849763        5259.588033859326        19.38514163338109       -41.64093153133272    
    227.5000000000000       0.7086061682781084E-04    17.17507451209291        295.7495276979747        5105.990851884970        19.68886970978651       -40.70245184803062    
    228.5000000000000       0.6714753235212363E-04    17.01131736484085        290.1179554853435        4960.370896571534        19.97862913115999       -39.76219651729894    
    229.5000000000000       0.6372184147278887E-04    16.85307184855521        284.7274146254949        4822.310767354043        20.25511839762833       -38.82027053138235    
    230.5000000000000       0.6055875626389886E-04    16.70022301043577        279.5687750732104        4691.417660531158        20.51898718976322       -37.87677171132966    
    231.5000000000000       0.5763562871002659E-04    16.55265174340820        274.6330685867317        4567.315440513398        20.77084021121331       -36.93179132168208    
    232.5000000000000       0.5493220075344778E-04    16.41024408400790        269.9118166682404        4449.652845432089        21.01124068269172       -35.98541462571764    
    233.5000000000000       0.5243013290639441E-04    16.27289334126221        265.3970841278702        4338.103864139988        21.24071352121445       -35.03772138772231    
    234.5000000000000       0.5011280119454091E-04    16.14049144840605        261.0811554536257        4232.358195889278        21.45974823504921       -34.08878632799571    
    235.5000000000000       0.4796513567028302E-04    16.01293200896168        256.9566249069077        4132.122800973482        21.66880156173347       -33.13867953563027    
    236.5000000000000       0.4597344182399252E-04    15.89011001180270        253.0163831657121        4037.121110152841        21.86829987372796       -32.18746684352000    
    237.5000000000000       0.4412548511022586E-04    15.77193323114368        249.2539914042974        3947.101904697208        22.05864137376390       -31.23521016954396    
    238.5000000000000       0.4241007744432173E-04    15.65830700743852        245.6631393643075        3861.824508329689        22.24019809968961       -30.28196782742031    
    239.5000000000000       0.4081705917864201E-04    15.54913991571437        242.2378302300056        3781.063048860853        22.41331775660412       -29.32779481033520    
    240.5000000000000       0.3933719540468613E-04    15.44434352745828        238.9723632357093        3704.605534210199        22.57832539225569       -28.37274305010542    
    241.5000000000000       0.3796203594125298E-04    15.34382889567157        235.8612054329066        3632.250124797428        22.73552493006326       -27.41686165432962    
    242.5000000000000       0.3668397056502592E-04    15.24751648223412        232.8993128247628        3563.812736736418        22.88520057266751       -26.46019712371681    
    243.5000000000000       0.3549604858708999E-04    15.15532778077484        230.0818345983122        3499.119016767442        23.02761808761876       -25.50279355154576    
    244.5000000000000       0.3439192568485732E-04    15.06718666731698        227.4041553913028        3438.005179405841        23.16302598564473       -24.54469280700038    
    245.5000000000000       0.3336586048787959E-04    14.98302181455587        224.8619616929485        3380.319171826980        23.29165660089784       -23.58593470394430    
    246.5000000000000       0.3241261339527901E-04    14.90276677180825        222.4512372205177        3325.920241995555        23.41372708164655       -22.62655715653589    
    247.5000000000000       0.3152741261587758E-04    14.82635521525256        220.1680991501713        3274.674589796683        23.52944029903609       -21.66659632294056    
    248.5000000000000       0.3070588618061230E-04    14.75372209620781        218.0088270403976        3226.455742960617        23.63898568079069       -20.70608673827192    
    249.5000000000000       0.2994402839079196E-04    14.68480580034645        215.9699275159805        3181.145912069471        23.74253997605237       -19.74506143778056    
    250.5000000000000       0.2923824382591507E-04    14.61954978758932        214.0481816565514        3138.636922812531        23.84026795694255       -18.78355207120876    
    251.5000000000000       0.2858527853034987E-04    14.55790557131106        212.2407325304111        3098.832046348189        23.93232306188488       -17.82158900914181    
    252.5000000000000       0.2798212318817411E-04    14.49982388814209        210.5447947971636        3061.638749715650        24.01884798523286       -16.85920144210832    
    253.5000000000000       0.2742603714859704E-04    14.44525656175841        208.9577105814916        3026.969881269241        24.09997521730027       -15.89641747311054    
    254.5000000000000       0.2691448512727384E-04    14.39415409826287        207.4768702251537        2994.741652481224        24.17582753848881       -14.93326420420511    
    255.5000000000000       0.2643872928876260E-04    14.34662034679815        206.1041167621873        2964.967812342219        24.24651847084207       -13.96976781769924    
    256.5000000000000       0.2601612576375255E-04    14.30217497949251        204.8248259416281        2937.313987212655        24.31215269002361       -13.00595365247700    
    257.5000000000000       0.2562548379231505E-04    14.26122777259742        203.6497064028798        2911.987545611483        24.37282640041567       -12.04184627592807    
    258.5000000000000       0.2527165026333618E-04    14.22360110913121        202.5728897937150        2888.844858342461        24.42862767576041       -11.07746955191246    
    259.5000000000000       0.2495312810126862E-04    14.18926436085150        201.5927445794336        2867.834187320443        24.47963676751468       -10.11284670515900    
    260.5000000000000       0.2466856464750986E-04    14.15818592454169        200.7076787302007        2848.906246348351        24.52592638285984       -9.148000382466345    
    261.5000000000000       0.2441676661012290E-04    14.13033819364647        199.9162887875870        2832.017530816336        24.56756193409611       -8.182952711047928    
    262.5000000000000       0.2419669697375964E-04    14.10569678509782        199.2173339016092        2817.129645106851        24.60460176095729       -7.217725354337760    
    263.5000000000000       0.2400748041639611E-04    14.08424128959025        198.6097557412899        2804.209670309352        24.63709732719990       -6.252339565553902    
    264.5000000000000       0.2384840720411265E-04    14.06595607203084        198.0927004397049        2793.230591074829        24.66509339265358       -5.286816239298597    
    265.5000000000000       0.2371887303784656E-04    14.05082876931727        197.6654721217585        2784.170200604020        24.68862816176251       -4.321175961456781    
    266.5000000000000       0.2361836243166176E-04    14.03884731500515        197.3274402838969        2777.008919088526        24.70773340949941       -3.355439057642552    
    267.5000000000000       0.2354650015351120E-04    14.03000344225799        197.0781458060752        2771.732195000382        24.72243458539486       -2.389625640431729    
    268.5000000000000       0.2350301096197216E-04    14.02429093170603        196.9172459730567        2768.329203004118        24.73275089629048       -1.423755655607803    
    269.5000000000000       0.2348771403847722E-04    14.02170351553288        196.8444521108805        2766.791440632245        24.73869536829794      -0.4578489276422650    
    270.5000000000000       0.2350052923542322E-04    14.02223779488112        196.8596161444260        2767.114656928148        24.74027488832190       0.5080747953755667    
    271.5000000000000       0.2354149734049153E-04    14.02589303966787        196.9627250566421        2769.298734789266        24.73749022538452        1.473995797149665    
    272.5000000000000       0.2361077952783603E-04    14.03267235791255        197.1539358395504        2773.348477908529        24.73033603187175        2.439894348721020    
    273.5000000000000       0.2370861043846550E-04    14.04258112049183        197.4335300932265        2779.272630298239        24.71880082470383        3.405750663936581    
    274.5000000000000       0.2383535012678707E-04    14.05562791856213        197.8019418671773        2787.084489704744        24.70286694631573        4.371544854636716    
    275.5000000000000       0.2399150430036670E-04    14.07182561826481        198.2597907372825        2796.802695690707        24.68251050521478        5.337256885350901    
    276.5000000000000       0.2417767894089327E-04    14.09118674019826        198.8077412896942        2808.448022888327        24.65770129576293        6.302866527287409    
    277.5000000000000       0.2439462591720336E-04    14.11372520564789        199.4465565524753        2822.044623453207        24.62840269670698        7.268353311398627    
    278.5000000000000       0.2464319841424247E-04    14.13945767084475        200.1771425035813        2837.621146833481        24.59457154785301        8.233696480294842    
    279.5000000000000       0.2492436884634893E-04    14.16840359959760        201.0005496152735        2855.210778088142        24.55615800414777        9.198874938770292    
    280.5000000000000       0.2523924177453283E-04    14.20058512456707        201.9179721890779        2874.851322743563        24.51310536628968        10.16386720269546    
    281.5000000000000       0.2558908156663367E-04    14.23602766391172        202.9307692430788        2896.585756325310        24.46534988684465        11.12865134601512    
    282.5000000000000       0.2597537604062666E-04    14.27476239264595        204.0405433871653        2920.464142924163        24.41282055068410        12.09320494557621    
    283.5000000000000       0.2639976261353846E-04    14.31682398542477        205.2490765176769        2946.542290485610        24.35543882839457        13.05750502349319    
    284.5000000000000       0.2686402613049300E-04    14.36224680930683        206.5582114214082        2974.879016630574        24.29311840112704        14.02152798673686    
    285.5000000000000       0.2737010770376975E-04    14.41106659388156        207.9699096756461        3005.537673972888        24.22576485515898        14.98524956360895    
    286.5000000000000       0.2792010779251287E-04    14.46332076655895        209.4862652860345        3038.586590852282        24.15327534422971        15.94864473674032    
    287.5000000000000       0.2851635927754822E-04    14.51905197987513        211.1096136243575        3074.101646437487        24.07553821747933        16.91168767221846    
    288.5000000000000       0.2916147503687133E-04    14.57830950797392        212.8425880074832        3112.167960324191        23.99243261056945        17.87435164441692    
    289.5000000000000       0.2985828755324295E-04    14.64114400028883        214.6879527541064        3152.875947876466        23.90382799728784        18.83660895606189    
    290.5000000000000       0.3060990133591712E-04    14.70760502622919        216.6485337302688        3196.319925626237        23.80958369863664        19.79843085302702    
    291.5000000000000       0.3141973041395163E-04    14.77774476810064        218.7273396682356        3242.601175081218        23.70954834606995        20.75978743329924    
    292.5000000000000       0.3229155161317179E-04    14.85162074106534        220.9276534246818        3291.830321201098        23.60355929517920        21.72064754950490    
    293.5000000000000       0.3322962601969854E-04    14.92930237587184        223.2532558440124        3344.133119461143        23.49144198571847        22.68097870432325    
    294.5000000000000       0.3423856483280660E-04    15.01085672870566        225.7079693339031        3399.639588081927        23.37300924341210        23.64074693804507    
    295.5000000000000       0.3532337518529661E-04    15.09634836395146        228.2956623092490        3458.484415428976        23.24806051848866        24.59991670745788    
    296.5000000000000       0.3648953993291799E-04    15.18584414250249        231.0204133072609        3520.811299548182        23.11638105533185        25.55845075515059    
    297.5000000000000       0.3774317691416790E-04    15.27942043002462        233.8867579689569        3586.779434512444        22.97774098702418        26.51630996823152    
    298.5000000000000       0.3909096097876930E-04    15.37715317134778        236.8993631609661        3656.555603213219        22.83189434787429        27.47345322534404    
    299.5000000000000       0.4054021194674241E-04    15.47912064378100        240.0631281223974        3730.317093490876        22.67857799625732        28.42983723073714    
    300.5000000000000       0.4209894158803417E-04    15.58540327227055        243.3831891759191        3808.252261580218        22.51751043924699        29.38541633400620    
    301.5000000000000       0.4377597103876720E-04    15.69608789257653        246.8650763932079        3890.565032012307        22.34839054957002        30.34014233396043    
    302.5000000000000       0.4558090001627221E-04    15.81126406401782        250.5145967010118        3977.472321282456        22.17089616435455        31.29396426488981    
    303.5000000000000       0.4752450200586120E-04    15.93103052742219        254.3380567518293        4069.210048291086        21.98468255396086        32.24682816329928    
    304.5000000000000       0.4961844057424393E-04    16.05548004084104        258.3417747586939        4166.021603518637        21.78938074786033        33.19867681294461    
    305.5000000000000       0.5187570973139824E-04    16.18471289171342        262.5325481902622        4268.170310348377        21.58459570304966        34.14944946573843    
    306.5000000000000       0.5431047803935700E-04    16.31882875336485        266.9173918414292        4375.933419420870        21.36990429883414        35.09908153579257    
    307.5000000000000       0.5693850415721025E-04    16.45793247917855        271.5037441578895        4489.607979287501        21.14485313996394        36.04750426352082    
    308.5000000000000       0.5977700995759658E-04    16.60212747374095        276.2992584131937        4609.506327334819        20.90895614804051        36.99464434633272    
    309.5000000000000       0.6284498278210347E-04    16.75152030870714        281.3119663774153        4735.960846563806        20.66169191879989        37.94042353200290    
    310.5000000000000       0.6616326489436823E-04    16.90621563788633        286.5501223649376        4869.320901622449        20.40250082029936        38.88475817029062    
    311.5000000000000       0.6975501893787916E-04    17.06632764625893        292.0226166950359        5009.964555456718        20.13078180415746        39.82755871779941    
    312.5000000000000       0.7364585536712681E-04    17.23197290426196        297.7387540992310        5158.294062640209        19.84588889879204        40.76872919039902    
    313.5000000000000       0.7786431921259092E-04    17.40327433026030        303.7083884106767        5314.739876685691        19.54712735003995        41.70816655676725    
    314.5000000000000       0.8244143831457890E-04    17.58034257778596        309.9412779078092        5479.744527233312        19.23374937059366        42.64576006573131    
    315.5000000000000       0.8741179577445635E-04    17.76330488610190        316.4481650111621        5653.793671731341        18.90494945532979        43.58139049908134    
    316.5000000000000       0.9281353807199350E-04    17.95229272711660        323.2403332537441        5837.404909261902        18.55985921480831        44.51492934037413    
    317.5000000000000       0.9868929074374034E-04    18.14743618502867        330.3294136219227        6031.123631719903        18.19754167397837        45.44623784891710    
    318.5000000000000       0.1050863093948956E-03    18.34886370724182        337.7273992163387        6235.524984747605        17.81698497743781        46.37516602659755    
    319.5000000000000       0.1120569574154183E-03    18.55670851948958        345.4469133699695        6451.223136037985        17.41709543648066        47.30155146347177    
    320.5000000000000       0.1196595244810077E-03    18.77111116408139        353.5013265267305        6678.876232375506        16.99668984668769        48.22521804601647    
    321.5000000000000       0.1279595921456357E-03    18.99222606187961        361.9050336856619        6919.196264628501        16.55448699807036        49.14597450963578    
    322.5000000000000       0.1370295745709236E-03    19.22017005643921        370.6714904832872        7172.894087552469        16.08909829293644        50.06361281437318    
    323.5000000000000       0.1469491343215193E-03    19.45509053210787        379.8158739125560        7440.758633082325        15.59901737997316        50.97790631974750    
    324.5000000000000       0.1578078986959797E-03    19.69711299641446        389.3530524481568        7723.599578415176        15.08260870693298        51.88860773117543    
    325.5000000000000       0.1697054913290979E-03    19.94637295553178        399.2988337209312        8022.285177404321        14.53809488933873        52.79544678651109    
    326.5000000000000       0.1827523710525079E-03    20.20300894004599        409.6697717299537        8337.740967241813        13.96354278963094        53.69812764677545    
    327.5000000000000       0.1970719548477107E-03    20.46715488887153        420.4828203271238        8670.939704460268        13.35684820133427        54.59632595013328    
    328.5000000000000       0.2128009394495176E-03    20.73892789802235        431.7548293843742        9022.887502981333        12.71571903776917        55.48968548257156    
    329.5000000000000       0.2300874655898713E-03    21.01844731312008        443.5033717395721        9394.652672867385        12.03765693685728        56.37781441254462    
    330.5000000000000       0.2491008820539221E-03    21.30584042556788        455.7469151572175        9787.370733803002        11.31993721579384        57.26028103011394    
    331.5000000000000       0.2700299058580081E-03    21.60122360179399        468.5042017683571        10202.23305950409        10.55958714604749        58.13660892393583    
    332.5000000000000       0.2930776250596667E-03    21.90469988638602        481.7939071974065        10640.46953592899        9.753362576053128        59.00627152203450    
    333.5000000000000       0.3184810499634689E-03    22.21638538740234        495.6359578002960        11103.39979999791        8.897723013788166        59.86868591499768    
    334.5000000000000       0.3464903972701656E-03    22.53640953331233        510.0516802301695        11592.44572959420        7.988805404369184        60.72320587361403    
    335.5000000000000       0.3773929511188462E-03    22.86482449652258        525.0593183130555        12108.96751003215        7.022397012238972        61.56911396790957    
    336.5000000000000       0.4115010229387304E-03    23.20172434812951        540.6797672133295        12654.47350105932        5.993908060665412        62.40561269235784    
    337.5000000000000       0.4491600533164316E-03    23.54714859473318        556.9319135258952        13230.45355025531        4.898345114953269        63.23181450466485    
    338.5000000000000       0.4907527829813353E-03    23.90116475787294        573.8366729551869        13838.53000016448        3.730286646888485        64.04673069573386    
    339.5000000000000       0.5367006228652985E-03    24.26380260531147        591.4136221091075        14480.33125400071        2.483862818496476        64.84925903009241    
    340.5000000000000       0.5874588063005025E-03    24.63506709857810        609.6816588641598        15157.51916592733        1.152742309258366        65.63817013456323    
    341.5000000000000       0.6435368378207683E-03    25.01499576765762        628.6618582796350        15871.89888282498        359.7301200016516        66.41209267546002    
    342.5000000000000       0.7054758278747428E-03    25.40356394212682        648.3726449296331        16625.23680303131        358.2087707280886        67.16949746042859    
    343.5000000000000       0.7739014630843071E-03    25.80088027095017        668.8399508094559        17419.66111035240        356.5810254373773        67.90868074192784    
    344.5000000000000       0.8494608974948108E-03    26.20692432185882        690.0836934072671        18257.14024679139        354.8388785418931        68.62774719907974    
    345.5000000000000       0.9328662127211269E-03    26.62173816813631        712.1273893908115        19139.84754132032        352.9740865077981        69.32459334822239    
    346.5000000000000       0.1024895434451951E-02    27.04531073035349        734.9922250724850        20069.93581816506        350.9783299981573        69.99689249379956    
    347.5000000000000       0.1126367125036083E-02    27.47755090010205        758.6952563790460        21049.45228466446        348.8434431830410        70.64208278833478    
    348.5000000000000       0.1238170675078176E-02    27.91844009083650        783.2578666976268        22080.69393372588        346.5617242065892        71.25736051791223    
    349.5000000000000       0.1361249854361784E-02    28.36793559731649        808.7005416999181        23165.99894680020        344.1263391569120        71.83968133759406    
    350.5000000000000       0.1496589522956296E-02    28.82589779212009        835.0383151763043        24307.53477950557        341.5318270076785        72.38577277898456    
    351.5000000000000       0.1645268111827737E-02    29.29226163644798        862.2905963475765        25507.72606057948        338.7747034880180        72.89216181204682    
    352.5000000000000       0.1808348796820764E-02    29.76683987825835        890.4695702951626        26768.73990045032        335.8541464705247        73.35522136871066    
    353.5000000000000       0.1986997192091382E-02    30.24952916775233        919.5924014957676        28093.03273678691        332.7727238746847        73.77123926640321    
    354.5000000000000       0.2182353724808999E-02    30.74012843976963        949.6700295951695        29482.82995168625        329.5370987069693        74.13651162019852    
    355.5000000000000       0.2395646258508161E-02    31.23848085493181        980.7155148493498        30940.49272984381        326.1586189769619        74.44746038174212    
    356.5000000000000       0.2628124012324032E-02    31.74445339321231        1012.743469265481        32468.52672129585        322.6536804470699        74.70077107471126    
    357.5000000000000       0.2881033633746411E-02    32.25790210540687        1045.767161455859        34069.40705580439        319.0437475154214        74.89354245635644    
    358.5000000000000       0.3155619120034854E-02    32.77873080985737        1079.803013772540        35745.83190298893        315.3549414102696        75.02343552794962    
    359.5000000000000       0.3453158054155117E-02    33.30686828443380        1114.869003262614        37500.64043205773        311.6171592081154        75.08880623327835    
