 # author: MA Kubiak / Space Research Center PAS Warsaw Poland, contact: mkubiak@cbk.waw.pl                          
 # code version Program.keplerV_ellipt_V2      , Dates: calkV:20/04/2026  ; part_pr:20/04/2026                       
 # czas no T v_mas, kier.naplywu(dl, szer) macierz obrotu (ecl to helio), r, theta, phi(ecl,spher), V_detector(ecl,cart), IBEX_energy_channel
 #     2026.005325000000        0.1419110000000000E-01     7443.000000000000        -25.78400000689422         255.7450000000000         5.169000000000000        0.2459841265748581        0.9692738567985851         0.000000000000000       -0.9615244635393438        0.2440174711049008        0.1261989691358298        0.1223213615382913       -0.3104294319752456E-01    0.9920049496797150        0.9749380000000000         102.2880890000000       -0.3515299999999999E-01    -29.05200000000000        -6.376000000000000       -0.2000000000000000E-02 00
 # routs_end= 150.00;    Maxwellian,    elliptOrb=Off                                                                                        
 # Numerical parameters: GridKl=10  GridKf=09  GridKV=05  epsV= 0.0000100  epssJon=.0010000                                                  
 # Numerical parameters: GridKl=10  GridKf=09  GridKV=05  epsV= 0.0000100  epssJon=.0010000; tessel128                                                                                                                                                                                                                                                                                                                                                                                                                                                                 
# Axis to the Sun: alpha_ecl= 278.1790000000000000 delta_Ecl= 0.0760000000000000 delta_Ax= 105.0000000000000000  repoint= 00097
 #  flag_atom: He                                                   
 #  flag_general:                                                   
 #                                                                  
 #                                                                  
  # Ly_a_Profil: zero                                               
  # flag_Itot: zero                                                 
 #  v_SW_Eqtr: speed3D.hybrid2026c_patched.dat                      
 #  n_SW_Eqtr: density3D.hybrid2026c_patched.dat                    
 #  phot_Eqtr: 0.8500000  phion_Helium_T12F107_2026c.dat            
 #  sigma_SW: p+He->H +He+, He + alpha (2 chnls);src:simuLosses.nb  
 #  flag_el:slow  swEqtrElectrons5.2026c.patched.dat                
 #  SW_lati: interpolation                                          
 #  phot_lati: analit pole-flattened after Pryor & Auchere          
 #
 #
 #
 #Spin  flux speed	speed^2 speed^3    long_ecl lat_ecl
   0.5000000000000000       0.2874972867379367E-02    32.17368664798600        1039.943504303722        33767.62629395292        100.0351670893398        74.91589770844415    
    1.500000000000000       0.3021509803180495E-02    32.70378769376382        1074.473429761317        35462.17889703670        103.7314360107809        74.85125538813755    
    2.500000000000000       0.3179087759161130E-02    33.24281342774540        1110.155490752151        37241.68917082879        107.3803508182100        74.72279164369401    
    3.500000000000000       0.3348774252174105E-02    33.79045563747640        1146.996871380001        39108.80447942505        110.9529471018193        74.53209724388449    
    4.500000000000000       0.3531902541895549E-02    34.34656891092610        1185.015641321255        41066.81030915290        114.4238392182406        74.28143797571930    
    5.500000000000000       0.3729741344553775E-02    34.91081660084950        1224.216268527807        43118.35405222233        117.7720674612889        73.97362858327051    
    6.500000000000000       0.3943813036215966E-02    35.48301457998650        1264.613360523294        45266.68252599011        120.9815067251784        73.61189068199982    
    7.500000000000000       0.4176035950735667E-02    36.06302824367256        1306.224771151232        47515.29265791076        124.0408676071023        73.19970937488061    
    8.500000000000000       0.4428148191202777E-02    36.65055570768434        1349.055757496917        49867.06307631776        126.9433718933730        72.74070053025872    
    9.500000000000000       0.4702504841725132E-02    37.24548498063054        1393.124653884744        52325.63951645760        129.6862078499374        72.23849673184081    
    10.50000000000000       0.5001701887016478E-02    37.84757530704022        1438.439406530058        54894.13317721646        132.2698697698494        71.69665586934363    
    11.50000000000000       0.5328558132006212E-02    38.45658389544139        1485.007143501225        57575.66229769282        134.6974690591566        71.11859296208198    
    12.50000000000000       0.5686412562323133E-02    39.07225396700071        1532.832678934856        60373.23008087985        136.9740798262449        70.50753344196272    
    13.50000000000000       0.6078871203047589E-02    39.69428621983673        1581.916512918654        63289.61553335387        139.1061575423091        69.86648477600284    
    14.50000000000000       0.6510254179275675E-02    40.32232027782869        1632.252511975422        66327.18105439519        141.1010489887992        69.19822279392402    
    15.50000000000000       0.6985355933529293E-02    40.95601535046198        1683.834954384776        69488.32568762664        142.9665969356689        68.50528914708528    
    16.50000000000000       0.7509591641362339E-02    41.59499156038842        1736.653246075836        72775.12539482028        144.7108336201785        67.78999671988161    
    17.50000000000000       0.8089229514922193E-02    42.23882645816501        1790.691343717167        76189.27225231257        146.3417520902523        67.05444035730808    
    18.50000000000000       0.8731438138274841E-02    42.88710242201515        1845.931714873906        79732.31527373989        147.8671425828363        66.30051083848076    
    19.50000000000000       0.9444244175827439E-02    43.53936789934156        1902.351878763466        83405.41872322137        149.2944811896986        65.52991054452427    
    20.50000000000000       0.1023708225963864E-01    44.19517682912206        1959.927687658380        87209.56109255458        150.6308592410556        64.74416970791759    
    21.50000000000000       0.1112058913930903E-01    44.85406672067799        2018.631581049321        91145.42041490930        151.8829435025397        63.94466248118940    
    22.50000000000000       0.1210684254421748E-01    45.51547210028655        2078.423574661658        95212.67171831260        153.0569590519225        63.13262233142762    
    23.50000000000000       0.1321002086102212E-01    46.17896240406253        2139.274083568719        99411.61627122259        154.1586883648876        62.30915646527919    
    24.50000000000000       0.1444624374316592E-01    46.84406310228619        2201.146877776489        103741.9518522759        155.1934815926850        61.47525913053099    
    25.50000000000000       0.1583378692584305E-01    47.51014012830041        2263.987657532522        108201.9138191543        156.1662742265846        60.63182373783705    
    26.50000000000000       0.1739393373999977E-01    48.17673250879114        2327.756059629804        112790.5737799009        157.0816093213578        59.77965381075050    
    27.50000000000000       0.1915108508023322E-01    48.84328529696712        2392.400027834579        117505.9826590966        157.9436622181753        58.91947281289631    
    28.50000000000000       0.2113319556290719E-01    49.50924649814313        2457.865116771070        122345.8267923456        158.7562662988703        58.05193292485188    
    29.50000000000000       0.2337262183479880E-01    50.17415238867117        2524.102514909131        127307.9781663639        159.5229387513173        57.17762285533740    
    30.50000000000000       0.2590633356990723E-01    50.83736067250818        2591.043060180193        132388.5822407113        160.2469056594759        56.29707477551452    
    31.50000000000000       0.2877643725438798E-01    51.49837680528166        2658.629502510355        137584.4409829050        160.9311259768619        55.41077046432319    
    32.50000000000000       0.3203245296100498E-01    52.15669132061573        2726.799982166749        142891.7348304767        161.5783141196610        54.51914674880579    
    33.50000000000000       0.3572948705861133E-01    52.81178418535010        2795.489596224579        148306.2208917949        162.1909610420367        53.62260031762304    
    34.50000000000000       0.3993257077688821E-01    53.46305916711247        2864.622269264179        153822.4826078185        162.7713537443803        52.72149197936592    
    35.50000000000000       0.4471366018086020E-01    54.11004940247159        2934.133007020698        159435.7237394028        163.3215932253271        51.81615043041158    
    36.50000000000000       0.5015787555402957E-01    54.75218862452536        3003.943548635864        165139.8109766442        163.8436109279166        50.90687559033318    
    37.50000000000000       0.5635954195595615E-01    55.38903251496602        3073.986500666500        170929.2373364479        164.3391837550168        49.99394155648289    
    38.50000000000000       0.6342774638993070E-01    56.02005460337465        3144.183027084841        176797.2803526486        164.8099477433388        49.07759922344724    
    39.50000000000000       0.7148567707928438E-01    56.64475679179345        3214.455210387855        182737.0306082850        165.2574104921771        48.15807860768074    
    40.50000000000000       0.8067236630265061E-01    57.26272389636740        3284.732437658840        188741.9435213930        165.6829624447407        47.23559091276879    
    41.50000000000000       0.9114539882137597E-01    57.87348341003287        3354.935540184403        194804.4821019323        166.0878871182664        46.31033036644092    
    42.50000000000000       0.1030812567731101        58.47660492075071        3424.988316243071        200917.1127616019        166.4733703752421        45.38247585661806    
    43.50000000000000       0.1166767397206619        59.07166244758524        3494.813303580301        207071.9424983062        166.8405088228745        44.45219239039361    
    44.50000000000000       0.1321515669488446        59.65826051431941        3564.334994905162        213261.0088030332        167.1903174220254        43.51963239687640    
    45.50000000000000       0.1497495518189421        60.23602459325522        3633.478979301894        219476.2223320332        167.5237363806263        42.58493689221968    
    46.50000000000000       0.1697367877295501        60.80457399602858        3702.168780151160        225709.0868222230        167.8416374003607        41.64823652288334    
    47.50000000000000       0.1924046730146692        61.36355759443659        3770.330254235034        231951.1004091353        168.1448293393503        40.70965250118947    
    48.50000000000000       0.2180684107342453        61.91261974847154        3837.887623475588        238193.4072637924        168.4340633478247        39.76929744549636    
    49.50000000000000       0.2470672509531555        62.45148242315198        3904.773997987364        244427.8065601988        168.7100375283580        38.82727613580468    
    50.50000000000000       0.2797583881275139        62.97980330279782        3970.913542502799        250645.0683900981        168.9734011672527        37.88368619429080    
    51.50000000000000       0.3165138178731262        63.49727560285147        4036.234139327983        256836.1380191889        169.2247585790542        36.93861869911277    
    52.50000000000000       0.3577271005478467        64.00370053232707        4100.677152512171        262993.1211235886        169.4646726019841        35.99215873883220    
    53.50000000000000       0.4037845840147267        64.49876952609837        4164.169361760059        269106.5687675885        169.6936677782655        35.04438591391982    
    54.50000000000000       0.4550713474158504        64.98223337844905        4226.644907444090        275167.6157105541        169.9122332498662        34.09537479104922    
    55.50000000000000       0.5119672252154718        65.45391937490113        4288.047843800483        281168.2638220458        170.1208253970701        33.14519531521498    
    56.50000000000000       0.5748171648837069        65.91361629065383        4348.317089947139        287099.9050623889        170.3198702444905        32.19391318412805    
    57.50000000000000       0.6439301916932125        66.36113293072293        4407.394508618960        292954.1606375880        170.5097656566179        31.24159018883003    
    58.50000000000000       0.7195469445938353        66.79625171123463        4465.218263813352        298722.1733413973        170.6908833427398        30.28828452402010    
    59.50000000000000       0.8018532878500315        67.21888242152531        4521.744149252359        304396.8286600232        170.8635706890446        29.33405107119523    
    60.50000000000000       0.8909188537377826        67.62880936146740        4576.911394599017        309969.2890792866        171.0281524339088        28.37894165736031    
    61.50000000000000       0.9867166403887758        68.02592884528482        4630.674776748043        315432.2559056461        171.1849322007414        27.42300529176036    
    62.50000000000000        1.089078696024578        68.41011707288470        4682.986875927561        320778.1851323919        171.3341939013081        26.46628838282129    
    63.50000000000000        1.197685736401363        68.78122263288775        4733.797148417974        325999.2078834086        171.4762030211525        25.50883493725012    
    64.50000000000000        1.312063992488210        69.13917190301194        4783.066370974943        331088.6193324327        171.6112077975674        24.55068674303845    
    65.50000000000000        1.431535231409688        69.48382389811968        4830.746670175497        336038.8221394853        171.7394402995236        23.59188353792982    
    66.50000000000000        1.555236130911396        69.81507824900164        4876.796606231350        340842.9118195039        171.8611174180270        22.63246316475047    
    67.50000000000000        1.682127174525609        70.13286581330955        4921.179912939594        345494.5549288966        171.9764417745347        21.67246171485909    
    68.50000000000000        1.810962073144306        70.43709975265436        4963.858767361436        349987.2992884249        172.0856025543057        20.71191366084538    
    69.50000000000000        1.940286467394616        70.72768586321286        5004.795088449237        354314.6990266127        172.1887762708847        19.75085197949447    
    70.50000000000000        2.068459189709620        71.00451022291381        5043.948895556703        358470.1562756026        172.2861274673091        18.78930826593477    
    71.50000000000000        2.193725387578405        71.26753168746539        5081.291587535457        362448.3558046833        172.3778093590771        17.82731283979853    
    72.50000000000000        2.314257308376439        71.51673635248554        5116.799487917388        366244.5828038107        172.4639644234252        16.86489484414599    
    73.50000000000000        2.428178503327135        71.75209269644047        5150.447427570181        369854.0382785117        172.5447249390110        15.90208233783394    
    74.50000000000000        2.533521594436845        71.97350087779752        5182.201412496627        373271.0476730097        172.6202134796997        14.93890238194756    
    75.50000000000000        2.628342448387093        72.18087392213857        5212.030275033039        376490.3185988539        172.6905433657811        13.97538112085983    
    76.50000000000000        2.710851537726083        72.37416219589106        5239.909368259337        379507.3628747891        172.7558190756178        13.01154385843266    
    77.50000000000000        2.779506581149215        72.55341284516491        5265.829416152287        382319.4882829377        172.8161366204194        12.04741512983133    
    78.50000000000000        2.832950834213360        72.71860034566819        5289.771646273425        384923.0635725623        172.8715838845658        11.08301876938474    
    79.50000000000000        2.870101301969855        72.86972765361304        5311.722645282375        387315.1588675412        172.9222409336499        10.11837797488932    
    80.50000000000000        2.890118762295791        73.00670344810113        5331.656244948733        389491.5430017348        172.9681802921807        9.153515368724452    
    81.50000000000000        2.892461813931866        73.12946773143402        5349.552066923286        391448.7402874530        173.0094671926778        8.188453056120336    
    82.50000000000000        2.877008019633683        73.23799284156647        5365.395656199640        393184.0459820550        173.0461597976903        7.223212680894982    
    83.50000000000000        2.831561872261890        73.33148141324301        5379.063843030239        394683.2441030276        173.0783093960951        6.257815478956910    
    84.50000000000000        2.794353956915744        73.41236837047170        5390.896925708998        395981.9419958318        173.1059605748619        5.292282329851592    
    85.50000000000000        2.728786865347427        73.47821549766383        5400.539399577810        397041.2638607918        173.1291513673118        4.326633806613910    
    86.50000000000000        2.648596144398520        73.52977466121069        5408.092923214870        397871.4538104140        173.1479133787527        3.360890224175537    
    87.50000000000000        2.555253492192930        73.56699912079539        5413.546221922655        398470.7891247668        173.1622718902329        2.395071686564898    
    88.50000000000000        2.450493695487840        73.58986651538355        5416.892844019671        398838.2136328351        173.1722459410205        1.429198133127461    
    89.50000000000000        2.336124626599651        73.59832057595838        5418.122534085282        398972.3804388241        173.1778483902911       0.4632893839869422    
    90.50000000000000        2.214097143464446        73.59234150281367        5417.231651093039        398872.8092727772        173.1790859583797      -0.5026348150379455    
    91.50000000000000        2.086417549177976        73.57192473460570        5414.220106438362        398539.5558541574        173.1759592478359       -1.468554747851009    
    92.50000000000000        1.955047880569796        73.53708438035389        5409.091919011452        397973.2787229745        173.1684627444002       -2.434450683622392    
    93.50000000000000        1.821901191498357        73.48783867100255        5401.852922945711        397174.9684107301        173.1565847979043       -3.400302832251637    
    94.50000000000000        1.688704700416707        73.42413085140599        5392.498994365858        396144.6322380909        173.1403075829803       -4.366091299542591    
    95.50000000000000        1.557065858987549        73.34594753533459        5381.033721905962        394883.2727161131        173.1196070393452       -5.331796041880120    
    96.50000000000000        1.428403153125331        73.25326131840848        5367.459868982739        393391.9333790728        173.0944527913077       -6.297396820194689    
    97.50000000000000        1.303919371432844        73.14602206243809        5351.778142552079        391671.5671995353        173.0648080460208       -7.262873152995565    
    98.50000000000000        1.184662338371686        73.02428708827840        5334.006514854103        389725.1861464813        173.0306294698743       -8.228204268245635    
    99.50000000000000        1.071427857007958        72.88805319713744        5314.155184273368        387555.0588660571        172.9918670422910       -9.193369053841996    
    100.5000000000000       0.9648043866494080        72.73729708745071        5292.232570937536        385163.3754669865        172.9484638860476       -10.15834600645494    
    101.5000000000000       0.8651976175081771        72.57203358790426        5268.254012748687        382553.2194054668        172.9003560730958       -11.12311317846531    
    102.5000000000000       0.7728267463719330        72.39226474338898        5242.234242655661        379727.7308011439        172.8474724046997       -12.08764812272423    
    103.5000000000000       0.6877635433786176        72.19801472054954        5214.192474547258        376690.6590547173        172.7897341645395       -13.05192783484157    
    104.5000000000000       0.6099314314734167        71.98924912888022        5184.140496339298        373445.0410735338        172.7270548432479       -14.01592869268928    
    105.5000000000000       0.5391543462882092        71.76599403898267        5152.100287550345        369995.1542948837        172.6593398326530       -14.97962639278198    
    106.5000000000000       0.4751666214928576        71.52829619381130        5118.098026083137        366345.8360606342        172.5864860877878       -15.94299588317076    
    107.5000000000000       0.4176233740396674        71.27615292683136        5082.153817746045        362501.3501230569        172.5083817544959       -16.90601129245643    
    108.5000000000000       0.3661324631263980        71.00959393446998        5044.293753577308        358466.7163184732        172.4249057602116       -17.86864585449422    
    109.5000000000000       0.3202732740571844        70.72866110320753        5004.546754771080        354247.3377347995        172.3359273652180       -18.83087182832348    
    110.5000000000000       0.2796094774097817        70.43343254391053        4962.948018724949        349849.3670668029        172.2413056713802       -19.79266041281360    
    111.5000000000000       0.2436937985298581        70.12396199607582        4919.530348738243        345278.7710324912        172.1408890850234       -20.75398165546807    
    112.5000000000000       0.2120858511180234        69.80033293617166        4874.331786056644        340542.1330950202        172.0345147302517       -21.71480435477441    
    113.5000000000000       0.1843627753362705        69.46267811910121        4827.398254592217        335646.9165783137        171.9220078086031       -22.67509595542637    
    114.5000000000000       0.1601170851074076        69.11105605945785        4778.766113550518        330599.6103916530        171.8031809004834       -23.63482243567555    
    115.5000000000000       0.1389703262655495        68.74563289751069        4728.487613699094        325408.3981484156        171.6778332033248       -24.59394818599173    
    116.5000000000000       0.1205697499718835        68.36658325832576        4676.616953619410        320081.6811926934        171.5457497008631       -25.55243587812399    
    117.5000000000000       0.1045896921314097        67.97399002167707        4623.196041016915        314626.5577203209        171.4067002573110       -26.51024632355543    
    118.5000000000000       0.9073602828865262E-01    67.56801129751139        4568.278056358825        309051.3114258301        171.2604386295235       -27.46733832023350    
    119.5000000000000       0.7874416975597187E-01    67.14888280847170        4511.927273907638        303365.3364246441        171.1067013894888       -28.42366848633175    
    120.5000000000000       0.6837596541862122E-01    66.71677472154784        4454.199162856971        297577.0585685821        170.9452067486298       -29.37919107965694    
    121.5000000000000       0.5942053333416410E-01    66.27191097110396        4395.156776305584        291695.6210567200        170.7756532744534       -30.33385780115543    
    122.5000000000000       0.5168887296538371E-01    65.81443803823618        4334.853338607127        285729.1458915892        170.5977184890296       -31.28761758078944    
    123.5000000000000       0.4501862614092284E-01    65.34472341820600        4273.371369410078        279688.5782210545        170.4110573375983       -32.24041634384936    
    124.5000000000000       0.3926579130623997E-01    64.86305058440674        4210.781582565514        273583.5289075784        170.2153005142842       -33.19219675553346    
    125.5000000000000       0.3430119972131565E-01    64.36947261717835        4147.125465131949        267420.7336867099        170.0100526304232       -34.14289794136064    
    126.5000000000000       0.3001858216948501E-01    63.86451623192178        4082.504878423955        261212.6024030034        169.7948902093540       -35.09245518068041    
    127.5000000000000       0.2632219559264142E-01    63.34846474537563        4016.989946336064        254968.3398269956        169.5693594896825       -36.04079957020044    
    128.5000000000000       0.2312851576477389E-01    62.82144153433126        3950.630551425339        248695.1265665661        169.3329740169675       -36.98785765405935    
    129.5000000000000       0.2036894584131434E-01    62.28408452933871        3883.539817720527        242405.8649470606        169.0852120014679       -37.93355101652634    
    130.5000000000000       0.1798074811759858E-01    61.73647102351757        3815.760832704834        236106.7930709180        168.8255134170240       -38.87779583289875    
    131.5000000000000       0.1591247624564340E-01    61.17914946464357        3747.393390247384        229809.1561602258        168.5532768132732       -39.82050237358354    
    132.5000000000000       0.1411882680975433E-01    60.61243116952595        3678.507755990779        223521.3401156625        168.2678558102099       -40.76157445568274    
    133.5000000000000       0.1256107766224389E-01    60.03665296167460        3609.175553499538        217251.5863935359        167.9685552405506       -41.70090883563613    
    134.5000000000000       0.1120637019392488E-01    59.45228826759023        3539.483933075964        211009.3581121872        167.6546269014333       -42.63839453559823    
    135.5000000000000       0.1002633056435553E-01    58.85974393931284        3469.510203993776        204802.9639143871        167.3252648726386       -43.57391209521980    
    136.5000000000000       0.8996716434895275E-02    58.25944282198515        3399.332465827717        198640.5874561629        166.9796003537509       -44.50733273935029    
    137.5000000000000       0.8096768031741430E-02    57.65180188044049        3329.025977583343        192529.8753025319        166.6166959674612       -45.43851745084989    
    138.5000000000000       0.7308776586775085E-02    57.03735243484919        3258.678063233393        186479.3317549851        166.2355394705624       -46.36731593617770    
    139.5000000000000       0.6617387046329782E-02    56.41641105899560        3188.348241725306        180494.6982685030        165.8350368081157       -47.29356546967306    
    140.5000000000000       0.6009766429465539E-02    55.78971574943915        3118.143929334320        174585.7282642097        165.4140044398425       -48.21708960043753    
    141.5000000000000       0.5474559488338088E-02    55.15747022675979        3048.107399904537        168756.1565631091        164.9711608611131       -49.13769670342142    
    142.5000000000000       0.5002244556358413E-02    54.52025393620713        2978.323140843459        163013.2172903829        164.5051172341383       -50.05517835367746    
    143.5000000000000       0.4584472843908732E-02    53.87862987456025        2908.870758275786        157363.4129652324        164.0143670383935       -50.96930749972184    
    144.5000000000000       0.4214332204615437E-02    53.23299162210053        2839.807848857568        151811.0898608785        163.4972746433009       -51.87983640849624    
    145.5000000000000       0.3885608031706778E-02    52.58386768225046        2771.205824365094        146361.6074716347        162.9520627013690       -52.78649435050105    
    146.5000000000000       0.3593090721519790E-02    51.93176014040770        2703.129651463339        141019.4645222472        162.3767982571522       -53.68898498923058    
    147.5000000000000       0.3332240459764151E-02    51.27711573951274        2635.636522135314        135788.3526305307        161.7693774677429       -54.58698343404284    
    148.5000000000000       0.3099132349711860E-02    50.62045335930132        2568.788644751029        130672.1263502281        161.1275088356871       -55.48013291002038    
    149.5000000000000       0.2890387913851361E-02    49.96224120106388        2502.640371981134        125673.8022311997        160.4486948675077       -56.36804099221992    
    150.5000000000000       0.2703071168821477E-02    49.30298850850074        2437.247869477686        120796.3370449875        159.7302120935551       -57.25027534501627    
    151.5000000000000       0.2534622446371863E-02    48.64317959944390        2372.662181217103        116042.0905912947        158.9690894219503       -58.12635890012162    
    152.5000000000000       0.2382852824467107E-02    47.98327067663256        2308.929176082910        111412.8559095555        158.1620848566882       -58.99576439951528    
    153.5000000000000       0.2245836834715426E-02    47.32380996906684        2246.101258545621        106910.7264959363        157.3056606952175       -59.85790822230393    
    154.5000000000000       0.2121845557550852E-02    46.66515133878096        2184.209240196963        102536.0334856865        156.3959574441931       -60.71214340802092    
    155.5000000000000       0.2009463454171500E-02    46.00781094952399        2123.297355094827        98289.94120643393        155.4287668669259       -61.55775178394402    
    156.5000000000000       0.1907380698349299E-02    45.35223818982453        2063.401114826839        94172.84818563799        154.3995048194854       -62.39393510199069    
    157.5000000000000       0.1814465371642116E-02    44.69888504293819        2004.554195633755        90184.91070232300        153.3031848661520       -63.21980509356967    
    158.5000000000000       0.1729764474699342E-02    44.04817530694329        1946.784812301501        86325.74737526986        152.1343941156761       -64.03437236119927    
    159.5000000000000       0.1652342739086827E-02    43.40053454437351        1890.120057803889        82594.85856725223        150.8872733193299       -64.83653404763668    
    160.5000000000000       0.1581480706325931E-02    42.75634484268967        1834.580469185387        78991.17347556022        149.5555040556783       -65.62506026203614    
    161.5000000000000       0.1516480611757003E-02    42.11611012272403        1780.195533054631        75514.15030455508        148.1323068318795       -66.39857930541999    
    162.5000000000000       0.1456737886944920E-02    41.48014301976646        1726.975995969860        72161.94662061062        146.6104551880015       -67.15556183380302    
    163.5000000000000       0.1401724382798447E-02    40.84884255984285        1674.938415136195        68933.05617717256        144.9823124125837       -67.89430423827021    
    164.5000000000000       0.1350956017482987E-02    40.22257292135503        1624.094433695997        65825.60449979076        143.2398992399045       -68.61291172088201    
    165.5000000000000       0.1304039085613743E-02    39.60176171769428        1574.459220235133        62837.90317089540        141.3750028080807       -69.30928181830006    
    166.5000000000000       0.1260561487317130E-02    38.98671876447486        1526.036945593959        59967.57919483160        139.3793390028417       -69.98108948506919    
    167.5000000000000       0.1220200902660184E-02    38.37775379939725        1478.830159442423        57212.14244337854        137.2447817098980       -70.62577530337016    
    168.5000000000000       0.1182676968883010E-02    37.77533917176284        1432.853166577795        54569.81931044346        134.9636728218484       -71.24053893017572    
    169.5000000000000       0.1147676830933758E-02    37.17955421001250        1388.087833104205        52036.90946274527        132.5292251692595       -71.82234049557492    
    170.5000000000000       0.1115013430031673E-02    36.59102989903358        1344.558472864034        49612.25878858636        129.9360256507268       -72.36791325694325    
    171.5000000000000       0.1084419936595547E-02    36.00984204978682        1302.244440684325        47292.06782218559        127.1806363393671       -72.87379126537007    
    172.5000000000000       0.1055710466100746E-02    35.43647499676026        1261.156509530006        45074.44521105892        124.2622760480102       -73.33635591796218    
    173.5000000000000       0.1028708344312000E-02    34.87106257966607        1221.277386085629        42955.90565642792        121.1835433957608       -73.75190479433428    
    174.5000000000000       0.1003239892616725E-02    34.31383453882248        1182.596957221701        40933.45846542759        117.9511162894573       -74.11674482618908    
    175.5000000000000       0.9791641979632976E-03    33.76505774134039        1145.107154100356        39004.27820045042        114.5763361750824       -74.42730940855385    
    176.5000000000000       0.9563231051543236E-03    33.22474716415823        1108.781472912574        37164.61186108898        111.0755659651069       -74.68029551659660    
    177.5000000000000       0.9346112416843349E-03    32.69308119490547        1073.604944204107        35411.40831092052        107.4702081098370       -74.87281258903491    
    178.5000000000000       0.9139199626011951E-03    32.17013301646355        1039.555060693504        33741.29503529514        103.7862931170131       -75.00253067744751    
    179.5000000000000       0.8941274929412669E-03    31.65587274046755        1006.602342082900        32150.62936143583        100.0536027427286       -75.06781231742963    
    180.5000000000000       0.8751683263846669E-03    31.15035773219605        974.7232859093092        30636.15949489090        96.30436974346176       -75.06781198972003    
    181.5000000000000       0.8569715639631335E-03    30.65370535568053        943.8987034104340        29194.94598115283        92.57167969918336       -75.00252969859997    
    182.5000000000000       0.8394693647069706E-03    30.16588261789401        914.0995062104187        27823.63713157664        88.88776534946778       -74.87281097161809    
    183.5000000000000       0.8226062131215475E-03    29.68706336699026        885.3106125653683        26519.66936782845        85.28240841871317       -74.68029328068150    
    184.5000000000000       0.8063302356193164E-03    29.21729953970056        857.5093626754028        25280.19735940028        81.78163937191779       -74.42730658052905    
    185.5000000000000       0.7905939199117529E-03    28.75666671688071        830.6747993130363        24102.53744105857        78.40686061019284       -74.11674143733079    
    186.5000000000000       0.7753533420210490E-03    28.30521920617264        804.7854402680642        22984.08611697337        75.17443499495920       -73.75190087929444    
    187.5000000000000       0.7605696802075961E-03    27.86298252973864        779.8181760004320        21922.23561846919        72.09570392321196       -73.33635151331842    
    188.5000000000000       0.7462014286655172E-03    27.42997688237195        755.7502980716298        20914.49045188137        69.17734525771614       -72.87378640834226    
    189.5000000000000       0.7322412059026970E-03    27.00623807052543        732.5602337977786        19958.47526417621        66.42195758010698       -72.36790798433697    
    190.5000000000000       0.7186346911361480E-03    26.59165573610926        710.2187554972033        19051.57229771841        63.82875967300161       -71.82233484297176    
    191.5000000000000       0.7053574338317745E-03    26.18615387782940        688.6991949439273        18191.35364977267        61.39431358642560       -71.24053293136005    
    192.5000000000000       0.6924140923349874E-03    25.78976851592255        667.9817240587860        17375.75587636320        59.11320620235356       -70.62576898996390    
    193.5000000000000       0.6797602374669816E-03    25.40233588787382        648.0362752131789        16602.37112741096        56.97865034027647       -69.98108288633624    
    194.5000000000000       0.6673958088199852E-03    25.02380381839658        628.8394675842778        15869.13784884909        54.98298788624987       -69.30927496108190    
    195.5000000000000       0.6553012250281480E-03    24.65409341774849        610.3673531658824        15174.05009044195        53.11809272299472       -68.61290462962855    
    196.5000000000000       0.6434721041583734E-03    24.29312483751802        592.5964792049923        14515.18502627022        51.37568073592927       -67.89429693513577    
    197.5000000000000       0.6318921513591461E-03    23.94076748219389        575.5015761408861        13890.62013180449        49.74753906479739       -67.15555433878303    
    198.5000000000000       0.6205652999102442E-03    23.59696587467043        559.0619172572643        13298.67218706956        48.22568844684196       -66.39857163651051    
    199.5000000000000       0.6094727399187503E-03    23.26157488518394        543.2530629351241        12737.58198997804        46.80249217443264       -65.62505243540269    
    200.5000000000000       0.5986154294543942E-03    22.93450850474310        528.0540894369045        12205.77678186236        45.47072379197541       -64.83652607778322    
    201.5000000000000       0.5879860430938939E-03    22.61564919532556        513.4434024384103        11701.72170404102        44.22360381120851       -64.03436426113143    
    202.5000000000000       0.5775829630718530E-03    22.30487761740405        499.3998440038633        11223.94574354664        43.05481381532832       -63.21979687494839    
    203.5000000000000       0.5674006187130286E-03    22.00207514158718        485.9031614018141        10771.06832028159        41.95849456015728       -62.39392677527433    
    204.5000000000000       0.5574410311395759E-03    21.70713292245898        472.9340920403878        10341.78794100505        40.92923315882707       -61.55774335851817    
    205.5000000000000       0.5476994538143957E-03    21.41992418183957        460.4732517277861        9934.847207829172        39.96204317977426       -60.71213489231572    
    206.5000000000000       0.5381712724511875E-03    21.14029663185451        448.5008206171794        9549.020394468886        39.05234048296875       -59.85789962389939    
    207.5000000000000       0.5288543086624642E-03    20.86812828615046        436.9989185622623        9183.187665645733        38.19591683535146       -58.99575572523536    
    208.5000000000000       0.5197500807233491E-03    20.60329273970083        425.9500876285175        8836.283038309293        37.38891274693513       -58.12635015611787    
    209.5000000000000       0.5108571736002108E-03    20.34566125899308        415.3373753733513        8507.294817578850        36.62779051825942       -57.25026653684207    
    210.5000000000000       0.5021741952449034E-03    20.09508635414614        405.1436528265596        8195.242716430959        35.90930815615496       -56.36803212489624    
    211.5000000000000       0.4937008042518880E-03    19.85144328349824        395.3532842675258        7899.226408033759        35.23049457133747       -55.48012398809380    
    212.5000000000000       0.4854361494276065E-03    19.61459803166923        385.9507888204296        7618.382007067848        34.58862629652677       -54.58697446163701    
    213.5000000000000       0.4773788915379031E-03    19.38441411087091        376.9211299323740        7351.889809953593        33.98120584040670       -53.68897597009152    
    214.5000000000000       0.4695279640207426E-03    19.16075902070898        368.2499429169216        7098.978762960200        33.40594170749243       -52.78648528803728    
    215.5000000000000       0.4618813940947237E-03    18.94350589569327        359.9235800096106        6858.925854835448        32.86073005666962       -51.87982730581422    
    216.5000000000000       0.4544385549495009E-03    18.73252996342961        351.9289530704733        6631.049724092692        32.34363793412562       -50.96929835965739    
    217.5000000000000       0.4471976059250038E-03    18.52770046879646        344.2531856655584        6414.698339625678        31.85288799385608       -50.05516917882340    
    218.5000000000000       0.4401561453344015E-03    18.32888805214598        336.8838959180314        6209.256078855698        31.38684460663778       -49.13768749615232    
    219.5000000000000       0.4333137099395978E-03    18.13597040705877        329.8093994936166        6014.148163877525        30.94400125318017       -48.21708036293141    
    220.5000000000000       0.4266684324411198E-03    17.94882663500076        323.0184644957069        5828.831867149117        30.52296909681966       -47.29355620393089    
    221.5000000000000       0.4202178858239214E-03    17.76733377576635        316.5001530232388        5652.790405545019        30.12246663395319       -46.36730664404060    
    222.5000000000000       0.4139597861918901E-03    17.59136995478453        310.2439513612136        5485.536140307032        29.74131032523970       -45.43850813401448    
    223.5000000000000       0.4078923285303172E-03    17.42081686716531        304.2398259583067        5326.610397272540        29.37840611659715       -44.50732339938245    
    224.5000000000000       0.4020140772015158E-03    17.25556244858144        298.4783034800761        5175.584503023785        29.03274176560199       -43.57390273356685    
    225.5000000000000       0.3963232744959491E-03    17.09549476269089        292.9502359202282        5032.052395873756        28.70337989566285       -42.63838515359990    
    226.5000000000000       0.3908180487808316E-03    16.94050466151114        287.6468762913379        4895.631535956372        28.38945170702154       -41.70089943453436    
    227.5000000000000       0.3854965264309185E-03    16.79048490905863        282.5598369266835        4765.960987079425        28.09015128006196       -40.76156503663044    
    228.5000000000000       0.3803564809934312E-03    16.64533082524020        277.6810940266593        4642.700541659070        27.80473041247594       -39.82049293765258    
    229.5000000000000       0.3753961927913271E-03    16.50494375247211        273.0030971474818        4525.532845718089        27.53249393748940       -38.87778638108698    
    230.5000000000000       0.3706132310584681E-03    16.36922386697067        268.5185026230538        4414.155567232288        27.27279547556566       -37.93354154976400    
    231.5000000000000       0.3660056687481317E-03    16.23807739973693        264.2204126790405        4308.286956526115        27.02503357677402       -36.98784817321488    
    232.5000000000000       0.3615712970526730E-03    16.11141200742719        260.1022020003464        4207.660641631905        26.78864821535321       -36.04079007608579    
    233.5000000000000       0.3573081352448204E-03    15.98913944195277        256.1575960872599        4112.026982490378        26.56311760193034       -35.09244567405550    
    234.5000000000000       0.3532138428582170E-03    15.87117146154227        252.3805211979042        4021.148658481906        26.34795528240443       -34.14288842293789    
    235.5000000000000       0.3492860770449047E-03    15.75742385194755        248.7652308898569        3934.803380619295        26.14270749569661       -33.19218722598168    
    236.5000000000000       0.3455224538422812E-03    15.64781435253168        245.3062263254896        3852.781371516851        25.94695076543743       -32.24040680379706    
    237.5000000000000       0.3419208687228574E-03    15.54226395184573        241.9982872461530        3774.885607983378        25.76028970323389       -31.28760803082821    
    238.5000000000000       0.3384793157843943E-03    15.44069679503193        238.8364596464492        3700.931078413239        25.58235500346264       -30.33384824184296    
    239.5000000000000       0.3351955584666651E-03    15.34303933856022        235.8160231501087        3630.743664998727        25.41280161159784       -29.37918151151941    
    240.5000000000000       0.3320677769317326E-03    15.24922203396480        232.9325315799884        3564.160607171948        25.25130704992770       -28.42365890986651    
    241.5000000000000       0.3290941568442513E-03    15.15917791816508        230.1817593023486        3501.028845129581        25.09756988616283       -27.46732873591134    
    242.5000000000000       0.3262729812688930E-03    15.07284176131505        227.5596710296902        3441.204066778184        24.95130833191619       -26.51023673182238    
    243.5000000000000       0.3236024143783754E-03    14.99015080749592        225.0624318576794        3384.550493914749        24.81225895935390       -25.55242627940344    
    244.5000000000000       0.3210807278028123E-03    14.91104464558648        222.6864040613432        3330.940700039038        24.68017552549761       -24.59393858068615    
    245.5000000000000       0.3187065421007212E-03    14.83546778585519        220.4282150022506        3280.256791457961        24.55482789471628       -23.63481282416790    
    246.5000000000000       0.3164783864705977E-03    14.76336519068979        218.2846149164660        3232.386898386368        24.43600105089243       -22.67508633808177    
    247.5000000000000       0.3143948962998995E-03    14.69468579418298        216.2525785208753        3187.227274508620        24.32349419159645       -21.71479473194147    
    248.5000000000000       0.3124547808822705E-03    14.62938084107531        214.3292472178594        3144.680716193880        24.21711989736423       -20.75397202748004    
    249.5000000000000       0.3106568084121925E-03    14.56740195688867        212.5118681057656        3104.655032642501        24.11670336985661       -19.79265077998965    
    250.5000000000000       0.3089998641393088E-03    14.50870413496346        210.7978782181377        3067.064747763479        24.02208173329391       -18.83086219096980    
    251.5000000000000       0.3074828190844233E-03    14.45324476226041        209.1848704004942        3031.830150391512        23.93310339411115       -17.86863621290491    
    252.5000000000000       0.3061045623970113E-03    14.40098214058494        207.6705465120331        2998.876122912342        23.84962745427807       -16.90600164691456    
    253.5000000000000       0.3048642920724762E-03    14.35187822529269        206.2527962614610        2968.133788236627        23.77152317417677       -15.94298623394925    
    254.5000000000000       0.3037612201431938E-03    14.30589740556208        204.9296548911102        2939.539375099999        23.69866948133622       -14.97961674014432    
    255.5000000000000       0.3027948075381952E-03    14.26300618721810        203.6992915068053        2913.033859909794        23.63095452169018       -14.01591903689043    
    256.5000000000000       0.3019646229236845E-03    14.22317400516743        202.5600294424118        2888.563296796169        23.56827525035794       -13.05191817612867    
    257.5000000000000       0.3012702230041549E-03    14.18637113964164        201.5102815833774        2866.077273955918        23.51053705925044       -12.08763846133718    
    258.5000000000000       0.3007113776895971E-03    14.15257008295498        200.5485886316800        2845.529682566987        23.45765343907998       -11.12310351463756    
    259.5000000000000       0.3002880558324754E-03    14.12174604929611        199.6736312665731        2826.878893268922        23.40954567360328       -10.15833634041410    
    260.5000000000000       0.3000004447115225E-03    14.09387693810165        198.8842276404467        2810.087641085461        23.36614256415857       -9.193359385810298    
    261.5000000000000       0.2998488206982998E-03    14.06894311996866        198.1793236425682        2795.122711262053        23.32738018276918       -8.228194598440645    
    262.5000000000000       0.2997309534980947E-03    14.04690524783175        197.5573863144318        2781.942483837835        23.29320165228147       -7.262863481630682    
    263.5000000000000       0.2999558075465246E-03    14.02781050749189        197.0192936606060        2770.555812841024        23.26355695218598       -6.297387147479589    
    264.5000000000000       0.3002158850747154E-03    14.01158256445932        196.5626209204664        2760.905538473168        23.23840274893880       -5.331786368021360    
    265.5000000000000       0.3006148921821501E-03    13.99823065622879        196.1873242859996        2752.984243892062        23.21770224975770       -4.366081624744108    
    266.5000000000000       0.3011541646331160E-03    13.98774649116594        195.8929400260146        2746.777231541659        23.20142507901524       -3.400293156715067    
    267.5000000000000       0.3018349295492095E-03    13.98012316565629        195.6790929421289        2742.272737650211        23.18954717649123       -2.434441007547717    
    268.5000000000000       0.3026585687709046E-03    13.97535470783097        195.5454823481436        2739.461602439751        23.18205071687981       -1.468545071436981    
    269.5000000000000       0.3036266389470871E-03    13.97343745007236        195.4919220025196        2738.338138212443        23.17892405007436      -0.5026251384823857    
    270.5000000000000       0.3047411328395737E-03    13.97437087128041        195.5183659458510        2738.900720392769        23.18016166187672       0.4632990604865074    
    271.5000000000000       0.3060039398348477E-03    13.97815536839963        195.6248409462159        2741.150249416310        23.18576415489771        1.429207809373394    
    272.5000000000000       0.3074170936814016E-03    13.98479253220913        195.8114561565324        2745.090398424166        23.19573824953381        2.395081362359150    
    273.5000000000000       0.3089829793128957E-03    13.99428733284725        196.0784667561145        2750.729009110853        23.21009680502215        3.360899899319018    
    274.5000000000000       0.3107041795748491E-03    14.00664679299199        196.4262350286099        2758.077237788718        23.22885886069310        4.326643480906070    
    275.5000000000000       0.3125836110306310E-03    14.02188047523233        196.8552464083076        2767.149952856289        23.25204969765779        5.292292003090118    
    276.5000000000000       0.3146245067097241E-03    14.03999967744030        197.3660854144715        2777.965204369099        23.27970092128804        6.257825150937061    
    277.5000000000000       0.3168302529027681E-03    14.06101736385570        197.9594355682092        2790.544273364200        23.31185056496994        7.223222351409157    
    278.5000000000000       0.3192042734952789E-03    14.08494897235470        198.6361031424155        2804.912210732638        23.34854321573940        8.188462724957724    
    279.5000000000000       0.3217506308202184E-03    14.11181258075266        199.3970250027680        2821.098090139111        23.38983016254149        9.153525035670349    
    280.5000000000000       0.3244732301008406E-03    14.14162760765180        200.2432305118794        2839.134184336901        23.43576956799501        10.11838763972463    
    281.5000000000000       0.3273765065661063E-03    14.17441585603816        201.1758741883014        2859.056752491683        23.48642666469136        11.08302843188558    
    282.5000000000000       0.3304652749920956E-03    14.21020271723033        202.1962739891260        2880.906971346015        23.54187397721400        12.04742478976828    
    283.5000000000000       0.3337446002552287E-03    14.24901380339706        203.3058135155972        2904.728827170982        23.60219157123257        13.01155351557018    
    284.5000000000000       0.3372195299728598E-03    14.29087845519042        204.5060476844996        2930.571536130477        23.66746733120678        13.97539077495582    
    285.5000000000000       0.3408954789766169E-03    14.33582628473572        205.7986039449827        2958.487457803387        23.73779726842935        14.93891203275249    
    286.5000000000000       0.3447781920628060E-03    14.38389143520580        207.1853134266367        2988.535163669415        23.81328586134948        15.90209198509017    
    287.5000000000000       0.3488732635529346E-03    14.43510827662815        208.6680801777664        3020.776489575307        23.89404643034770        16.86490448758723    
    288.5000000000000       0.3531871411099950E-03    14.48951399917497        210.2489664673828        3055.278674762902        23.98020154938389        17.82732247914879    
    289.5000000000000       0.3577264748430928E-03    14.54714869896258        211.9301982668533        3092.114597507244        24.07188349721543        18.78931790090763    
    290.5000000000000       0.3624986684575818E-03    14.60805376260633        213.7141178227467        3131.361783154678        24.16923475118343        19.75086160979231    
    291.5000000000000       0.3675113568924729E-03    14.67227516674602        215.6032924001220        3173.105140800945        24.27240852689672        20.71192328615823    
    292.5000000000000       0.3727721611364891E-03    14.73985834829110        217.6003575679426        3217.433425821082        24.38156936750914        21.67247133486365    
    293.5000000000000       0.3782890317505715E-03    14.81085316201601        219.7081764750290        3264.443151548689        24.49689378668889        22.63247277910915    
    294.5000000000000       0.3840708771416035E-03    14.88531272994723        221.9298112406511        3314.238160993459        24.61857096982555        23.59189314628937    
    295.5000000000000       0.3901270188446921E-03    14.96329349964061        224.2685273680904        3366.929877746495        24.74680353851481        24.55069634502870    
    296.5000000000000       0.3964672057303380E-03    15.04485252020319        226.7277144746051        3422.635671379299        24.88180838391005        25.50884453248280    
    297.5000000000000       0.4031017780247622E-03    15.13005074509636        229.3109982950185        3481.481798222852        25.02381757513894        26.46629797088830    
    298.5000000000000       0.4100416062427489E-03    15.21895136381553        232.0221930911027        3543.602501076931        25.17307934966145        27.42301487223220    
    299.5000000000000       0.4172980927680820E-03    15.31161931733943        234.8652937632160        3609.140125369241        25.32985919319970        28.37895122978447    
    300.5000000000000       0.4248834512795854E-03    15.40812100570705        237.8444699199565        3678.245183382827        25.49444101771019        29.33406063509410    
    301.5000000000000       0.4328099543156563E-03    15.50852860524381        240.9642199488383        3751.080597552819        25.66712844680638        30.28829407888892    
    302.5000000000000       0.4410912067253740E-03    15.61291821069712        244.2293148559902        3827.820590269948        25.84824621908358        31.24159973413478    
    303.5000000000000       0.4497404045181026E-03    15.72136537568072        247.6446638182334        3908.647829176844        26.03814172096527        32.19392271930278    
    304.5000000000000       0.4587728063162473E-03    15.83394977894352        251.2154747546178        3993.757757832912        26.23718666199153        33.14520483965913    
    305.5000000000000       0.4682040525599463E-03    15.95075462887163        254.9472398958056        4083.358577283430        26.44577890692464        34.09538430412481    
    306.5000000000000       0.4780501271303336E-03    16.07186350906246        258.8456509940075        4177.669848004777        26.66434448067058        35.04439541494798    
    307.5000000000000       0.4883275452196405E-03    16.19736432859127        262.9167326127686        4276.926122830567        26.89333976382919        35.99216822708972    
    308.5000000000000       0.4990542916458878E-03    16.32735006728385        267.1668840366972        4381.378709656993        27.13325389870908        36.93862817382821    
    309.5000000000000       0.5102483490670383E-03    16.46191460022503        271.6027485865131        4491.292902725703        27.38461142790220        37.88369565464001    
    310.5000000000000       0.5219303874599619E-03    16.60115568046175        276.2313280760035        4606.951576739219        27.64797519002917        38.82728558090609    
    311.5000000000000       0.5341191052076944E-03    16.74516989019794        281.0598120195144        4728.651166174719        27.92394950006795        39.76930687440579    
    312.5000000000000       0.5468358117307421E-03    16.89406044893781        286.0958845370266        4856.711025325370        28.21318364479006        40.70966191289418    
    313.5000000000000       0.5601049283455565E-03    17.04793797343521        291.3477409597016        4991.473997871288        28.51637572727916        41.64824591629554    
    314.5000000000000       0.5739505070698689E-03    17.20690876500592        296.8236882342213        5133.296586051669        28.83427689831895        42.58494626616950    
    315.5000000000000       0.5883987575326589E-03    17.37108436946959        302.5325409101594        5282.561594074333        29.16769601663408        43.51964175010378    
    316.5000000000000       0.6034763410350321E-03    17.54058187554694        308.4836267278222        5439.678680559156        29.51750478456504        44.45220172153938    
    317.5000000000000       0.6192130042256318E-03    17.71553084755078        314.6870118340640        5605.090332608740        29.88464341076002        45.38248516421427    
    318.5000000000000       0.6356342461607283E-03    17.89603397817214        321.1521581440754        5779.238164260370        30.27012685686284        46.31033964889957    
    319.5000000000000       0.6527703958921308E-03    18.08220922760040        327.8894110219582        5962.603075816492        30.67505173093518        47.23560016836960    
    320.5000000000000       0.6706526014327975E-03    18.27417972107039        334.9096793059388        6155.698549045592        31.10060389639973        48.15808783455742    
    321.5000000000000       0.6893144025007969E-03    18.47206886057566        342.2242536564599        6359.066321546680        31.54806687151650        49.07760841957188    
    322.5000000000000       0.7087944295562552E-03    18.67601533592854        349.8454683569549        6573.298866391938        32.01883110061519        49.99395071964864    
    323.5000000000000       0.7291347615764778E-03    18.88616201046725        357.7862543635260        6799.026900376171        32.51440418421868        50.90688471813489    
    324.5000000000000       0.7503773065849694E-03    19.10264217927096        366.0596033084563        7036.904556167805        33.03642216038497        51.81615952022368    
    325.5000000000000       0.7725602108073211E-03    19.32556735276370        374.6780494757707        7287.593778019251        33.58666193345955        52.72150102831780    
    326.5000000000000       0.7957248428180091E-03    19.55507030451053        383.6554964829254        7551.823788851779        34.16705494810303        53.62260932257126    
    327.5000000000000       0.8199241314078558E-03    19.79131221366615        393.0075258217706        7830.402359610259        34.77970220472931        54.51915570630255    
    328.5000000000000       0.8452058284623856E-03    20.03442306455663        402.7489770780154        8124.143003939637        35.42689070568018        55.41077937058082    
    329.5000000000000       0.8716249460167518E-03    20.28454795986808        412.8958427999098        8433.924985505308        36.11111140725757        56.29708362636564    
    330.5000000000000       0.8992394855130502E-03    20.54182828216633        423.4645333823420        8760.673114036390        36.83507872798891        57.17763164618925    
    331.5000000000000       0.9281107988225445E-03    20.80639244030526        434.4714934089568        9105.347532251952        37.60175162395010        58.05194165063522    
    332.5000000000000       0.9583092711779456E-03    21.07839278796569        445.9348250451177        9468.998889023042        38.41435618189510        58.91948146800764    
    333.5000000000000       0.9899024458520211E-03    21.35796086933096        457.8723369108862        9852.706543393198        39.27640959273866        59.77966238898656    
    334.5000000000000       0.1022967858430028E-02    21.64524456499793        470.3031696228951        10257.63367331904        40.19174524160996        60.63183223232105    
    335.5000000000000       0.1057568057691524E-02    21.94033713943177        483.2447393133083        10684.93041501139        41.16453847323515        61.47526753362985    
    336.5000000000000       0.1093802103945851E-02    22.24340735750594        496.7184767788425        11135.92677823611        42.19933234619609        62.30916476851037    
    337.5000000000000       0.1131758571294242E-02    22.55460438180082        510.7456656956709        11611.99751626042        43.30106235581091        63.13263052535513    
    338.5000000000000       0.1171527793253295E-02    22.87400932277050        525.3451666866974        12114.48473255555        44.47507865758194        63.94467055530841    
    339.5000000000000       0.1213234109468891E-02    23.20183130415509        540.5425565267493        12645.02050335600        45.72716373159034        64.74417765052695    
    340.5000000000000       0.1256967063689835E-02    23.53809109633562        556.3552477533534        13205.00358904271        47.06354266005936        65.52991834258742    
    341.5000000000000       0.1302873623869153E-02    23.88294371255530        572.8076225618775        13796.13521599636        48.49088221299266        66.30051847747622    
    342.5000000000000       0.1351079013204718E-02    24.23652224639322        589.9240204757181        14420.18704683149        50.01627372470440        67.05444782107097    
    343.5000000000000       0.1401716929797327E-02    24.59890206100701        607.7265184157154        15078.90573368130        51.64719329052251        67.79000399044089    
    344.5000000000000       0.1454948081369790E-02    24.97018194215859        626.2391329848151        15774.17884731401        53.39143115005974        68.50529620450230    
    345.5000000000000       0.1510958124062029E-02    25.35050566014988        645.4889502637973        16508.08245032141        55.25698035255017        69.19822961614190    
    346.5000000000000       0.1569945573886905E-02    25.73991918464341        665.4987502830631        17282.59847444979        57.25187313462079        69.86649133871961    
    347.5000000000000       0.1632085846560838E-02    26.13847854418356        686.2925487689118        18099.83151769673        59.38395226293206        70.50753971854678    
    348.5000000000000       0.1697635672537285E-02    26.54632389172965        707.8997037194047        18962.18472614228        61.66056451214074        71.11859892355261    
    349.5000000000000       0.1766838429497929E-02    26.96340018466434        730.3396034911146        19871.73083126287        64.08816534221697        71.69666148444664    
    350.5000000000000       0.1839948637966202E-02    27.38979374256515        753.6401651446034        20830.98173153071        66.67182884493955        72.23850196725296    
    351.5000000000000       0.1917325135997033E-02    27.82561454340814        777.8312653926047        21842.61591692662        69.41466640351342        72.74070535095795    
    352.5000000000000       0.1999232316049825E-02    28.27080279241784        802.9340794375139        22909.04148092426        72.31717228133708        73.19971374471722    
    353.5000000000000       0.2086129278976928E-02    28.72543656114021        828.9780247679857        24033.09953159407        75.37653470781721        73.61189456449439    
    354.5000000000000       0.2178373326031063E-02    29.18955497686957        855.9913114807617        25217.69193921725        78.58597542652505        73.97363194264665    
    355.5000000000000       0.2276431396751618E-02    29.66313872810737        883.9989664963558        26465.66048237857        81.93420498737643        74.28144077814943    
    356.5000000000000       0.2380881792803756E-02    30.14627545580494        913.0331930661987        27780.27810498492        85.40509823552316        74.53209945888993    
    357.5000000000000       0.2492217882968502E-02    30.63891564331383        943.1181597214054        29164.53885037532        88.97769541766689        74.72279324559754    
    358.5000000000000       0.2611193332481146E-02    31.14109673766626        974.2838021695063        30621.80076548136        92.62661084961984        74.85125635743258    
    359.5000000000000       0.2738513561272674E-02    31.65274201426648        1006.553190242442        32155.19211140244        96.32288009136697        74.91589803292554    
