 # author: MA Kubiak / Space Research Center PAS Warsaw Poland, contact: mkubiak@cbk.waw.pl                          
 # code version Program.keplerV_ellipt_V2      , Dates: calkV:20/04/2026  ; part_pr:20/04/2026                       
 # czas no T v_mas, kier.naplywu(dl, szer) macierz obrotu (ecl to helio), r, theta, phi(ecl,spher), V_detector(ecl,cart), IBEX_energy_channel
 #     2026.145051000000        0.1419110000000000E-01     7443.000000000000        -25.78400000689422         255.7450000000000         5.169000000000000        0.2459841265748581        0.9692738567985851         0.000000000000000       -0.9615244635393438        0.2440174711049008        0.1261989691358298        0.1223213615382913       -0.3104294319752456E-01    0.9920049496797150        0.9796120000000000         153.8640510000000        0.3099100000000000E-01    -13.43600000000000        -26.60400000000000        0.3400000000000000E-01 00
 # routs_end= 150.00;    Maxwellian,    elliptOrb=Off                                                                                        
 # Numerical parameters: GridKl=10  GridKf=09  GridKV=05  epsV= 0.0000100  epssJon=.0010000                                                  
 # Numerical parameters: GridKl=10  GridKf=09  GridKV=05  epsV= 0.0000100  epssJon=.0010000; tessel128                                                                                                                                                                                                                                                                                                                                                                                                                                                                 
# Axis to the Sun: alpha_ecl= 329.9690000000000000 delta_Ecl= 0.0890000000000000 delta_Ax= 75.0000000000000000  repoint= 00165
 #  flag_atom: He                                                   
 #  flag_general:                                                   
 #                                                                  
 #                                                                  
  # Ly_a_Profil: zero                                               
  # flag_Itot: zero                                                 
 #  v_SW_Eqtr: speed3D.hybrid2026c_patched.dat                      
 #  n_SW_Eqtr: density3D.hybrid2026c_patched.dat                    
 #  phot_Eqtr: 0.8500000  phion_Helium_T12F107_2026c.dat            
 #  sigma_SW: p+He->H +He+, He + alpha (2 chnls);src:simuLosses.nb  
 #  flag_el:slow  swEqtrElectrons5.2026c.patched.dat                
 #  SW_lati: interpolation                                          
 #  phot_lati: analit pole-flattened after Pryor & Auchere          
 #
 #
 #
 #Spin  flux speed	speed^2 speed^3    long_ecl lat_ecl
   0.5000000000000000       0.4260209903507711E-04    32.42699102758204        1056.376907928289        34571.09387979181        328.0927867921916        75.08081019621413    
    1.500000000000000       0.4501385967393824E-04    32.93576116453969        1089.766971935361        36222.17710515176        324.3569457940699        75.01547291295532    
    2.500000000000000       0.4746193108142929E-04    33.45046531223473        1124.070788988477        37944.74273901725        320.6700045736941        74.88564602240476    
    3.500000000000000       0.4993121519616981E-04    33.97089153033992        1159.292190182560        39740.69118186591        317.0618161926050        74.69297107219593    
    4.500000000000000       0.5240521986072736E-04    34.49680601160832        1195.432993146320        41611.84914870254        313.5584672467050        74.43978361389317    
    5.500000000000000       0.5486654073534021E-04    35.02803239876718        1232.498041714931        43560.20832882886        310.1813984795186        74.12898082011417    
    6.500000000000000       0.5729712428109722E-04    35.56441117016571        1270.492997900473        45587.83895270478        306.9469931022022        73.76387280266319    
    7.500000000000000       0.5967790950321072E-04    36.10575949888268        1309.420963424410        47696.67748381813        303.8665966039917        73.34803324792367    
    8.500000000000000       0.6198930135671578E-04    36.65192085263306        1349.286252457517        49888.73977896003        300.9468776615351        72.88516191747379    
    9.500000000000000       0.6421109665929419E-04    37.20276056126474        1390.094338745514        52166.12943977348        298.1904158930552        72.37896727236296    
    10.50000000000000       0.6632407449026170E-04    37.75815834043388        1431.851356051674        54531.01380734661        295.5964047771021        71.83307315352036    
    11.50000000000000       0.6830966681154816E-04    38.31805562392548        1474.567835355414        56985.84323471480        293.1613777103135        71.25094989143857    
    12.50000000000000       0.7015044423420123E-04    38.88238784042184        1518.253808211984        59533.08678177416        290.8798919369306        70.63586777162833    
    13.50000000000000       0.7183050732513387E-04    39.45112033296809        1562.921544928202        62175.38902289313        288.7451313645950        69.99086943290980    
    14.50000000000000       0.7333618776859608E-04    40.02423994198406        1608.585119221405        64915.55974323554        286.7494108150928        69.31875730394562    
    15.50000000000000       0.7465609798193268E-04    40.60173672958870        1655.258911282361        67756.48104440903        284.8845795982184        68.62209230571075    
    16.50000000000000       0.7578280972454492E-04    41.18364399405110        1702.961087722824        70701.33769699343        283.1423318035242        67.90320050437458    
    17.50000000000000       0.7671139163859893E-04    41.77003903148051        1751.714097913474        73753.67848539316        281.5144355885664        67.16418499423094    
    18.50000000000000       0.7744201140717784E-04    42.36108324279369        1801.548108148619        76917.63885770466        279.9928953986670        66.40694089634543    
    19.50000000000000       0.7797773884828647E-04    42.95691131614013        1852.491768953156        80197.36503932941        278.5700607085855        65.63317190490687    
    20.50000000000000       0.7832641806638325E-04    43.55773221291319        1904.581010959654        83597.59442757735        277.2386934589126        64.84440726953282    
    21.50000000000000       0.7849898599124008E-04    44.16377264347487        1957.854573215095        87123.39888989524        275.9920044984235        64.04201846260014    
    22.50000000000000       0.7851175362814542E-04    44.77537003778792        2012.362718856654        90780.80582877211        274.8236674229542        63.22723505405173    
    23.50000000000000       0.7838471327938511E-04    45.39292842377707        2068.163831180275        94576.61509252545        273.7278164305345        62.40115951580679    
    24.50000000000000       0.7814208195643807E-04    46.01693916104332        2125.326548069165        98518.57247149017        272.6990332849099        61.56478081880712    
    25.50000000000000       0.7781220216846818E-04    46.64799234502252        2183.931789074321        102615.5913802026        271.7323272191015        60.71898678165444    
    26.50000000000000       0.7742800678713634E-04    47.28682857568409        2244.078389458098        106878.2256838704        270.8231106034543        59.86457519239600    
    27.50000000000000       0.7702677531082634E-04    47.93432818830948        2305.883201680892        111318.7767327233        269.9671724173621        59.00226376361856    
    28.50000000000000       0.7665101474486342E-04    48.59155207642319        2369.486128040885        115951.7667567613        269.1606509636945        58.13269900278615    
    29.50000000000000       0.7634865996016053E-04    49.25980146658154        2435.057744840100        120794.6645039885        268.4000068139636        57.25646409004848    
    30.50000000000000       0.7617519667858965E-04    49.94068137098628        2502.807589803854        125868.6960030564        267.6819966385691        56.37408585844631    
    31.50000000000000       0.7619649305689070E-04    50.63617800335434        2572.994575115340        131199.8829207625        267.0036483331987        55.48604096931886    
    32.50000000000000       0.7649134084852596E-04    51.34875570689629        2645.940231070287        136820.3906456160        266.3622376778768        54.59276137070881    
    33.50000000000000       0.7715662261029745E-04    52.08139489358486        2722.036793253491        142769.5643250468        265.7552666420464        53.69463911998090    
    34.50000000000000       0.7831573333565510E-04    52.83780165771077        2801.774290873970        149096.5834611621        265.1804433640764        52.79203064460356    
    35.50000000000000       0.8012904601591275E-04    53.62238545534463        2885.744179630973        155861.3761528496        264.6356637765359        51.88526050765378    
    36.50000000000000       0.8281265928207960E-04    54.44042087024447        2974.663514594631        163137.2983006814        264.1189948117493        50.97462473744937    
    37.50000000000000       0.8666486893091024E-04    55.29789906550608        3069.365827091249        171011.1818617145        263.6286590998041        50.06039377399318    
    38.50000000000000       0.9210695936233122E-04    56.20113426495801        3170.762212927273        179580.7228048535        263.1630210590574        49.14281507873564    
    39.50000000000000       0.9974775880071949E-04    57.15614501337963        3279.773585948484        188949.1765321378        262.7205742741524        48.22211544857066    
    40.50000000000000       0.1104907956770795E-03    58.16748989420700        3397.190842024926        199213.0049389972        262.2999300563233        47.29850306996840    
    41.50000000000000       0.1256953638624081E-03    59.23646320812404        3523.447159179703        210440.5975673645        261.8998070837055        46.37216934470065    
    42.50000000000000       0.1474507532032279E-03    60.35934914373556        3658.377642432814        222647.9631805894        261.5190220242791        45.44329051468393    
    43.50000000000000       0.1790206688195032E-03    61.52581865893297        3800.979169459710        235772.6700993978        261.1564810501463        44.51202911001273    
    44.50000000000000       0.2255830141967298E-03    62.71893238195124        3949.352885919597        249662.9365850055        260.8111721584754        43.57853524122934    
    45.50000000000000       0.2954777884133511E-03    63.91697867528899        4100.880274359871        264088.6788619211        260.4821582212620        42.64294775423252    
    46.50000000000000       0.4022844000615660E-03    65.09667868161446        4252.589661405411        278771.9031521789        260.1685706927744        41.70539526392028    
    47.50000000000000       0.5683632794673235E-03    66.23739385995336        4401.691117625332        293436.8763478475        259.8696039100124        40.76599708065206    
    48.50000000000000       0.8308976884704617E-03    67.32386503485881        4545.959170996920        307849.1722774583        259.5845099276016        39.82486404186412    
    49.50000000000000       0.1252005186716960E-02    68.34743486140671        4683.950396848309        321842.0197396456        259.3125938342255        38.88209925964856    
    50.50000000000000       0.1936135295649966E-02    69.30582415032620        4815.034871707338        335325.0955002764        259.0532095029250        37.93779879377915    
    51.50000000000000       0.3059413633784027E-02    70.20074228929792        4939.118259267765        348260.5584344347        258.8057557323834        36.99205225851163    
    52.50000000000000       0.4919395453678961E-02    71.03617992482758        5056.441064302774        360645.7682170516        258.5696727406693        36.04494337048004    
    53.50000000000000       0.8016834042076585E-02    71.81726735051268        5167.442741478751        372501.6653660692        258.3444389768488        35.09655044413316    
    54.50000000000000       0.1319363613695747E-01    72.54902245676058        5272.586874270128        383854.6623055311        258.1295682194374        34.14694684038995    
    55.50000000000000       0.2185739412244164E-01    73.23573824871141        5372.271333773154        394727.0098924224        257.9246069338609        33.19620137352492    
    56.50000000000000       0.3634207929295263E-01    73.88146261434134        5466.897779677234        405144.6874996814        257.7291318639686        32.24437868071053    
    57.50000000000000       0.6049136146951523E-01    74.48975172261848        5556.827202703267        415131.8445096780        257.5427478352192        31.29153955813365    
    58.50000000000000       0.1005456536214669        75.06346026002497        5642.343106414260        424706.2569135409        257.3650857494676        30.33774126715556    
    59.50000000000000       0.1665520388492890        75.60501360417557        5723.684474148979        433882.3398237866        257.1958007533461        29.38303781359370    
    60.50000000000000       0.2743846459343064        76.11613930026002        5801.003112495048        442666.2114957334        257.0345705640815        28.42748020285951    
    61.50000000000000       0.4487048600217848        76.59868906915592        5874.486320462429        451069.5701403966        256.8810939382411        27.47111667338464    
    62.50000000000000       0.7273058207351460        77.05433393692554        5944.305159102704        459103.2424514964        256.7350892703782        26.51399291050266    
    63.50000000000000        1.166564841184387        77.48426986593886        6010.568923615472        466771.9590550052        256.5962933098720        25.55615224271926    
    64.50000000000000        1.849490144169183        77.88980164621658        6073.411997704819        474084.1054754953        256.4644599854327        24.59763582209822    
    65.50000000000000        2.894374683213949        78.27179106618911        6132.907674141870        481041.6586211143        256.3393593278099        23.63848279030838    
    66.50000000000000        4.465708702124211        78.63130985321709        6189.169374687875        487652.0122832998        256.2207764821821        22.67873043171674    
    67.50000000000000        6.786266934220412        78.96932114936310        6242.299351756065        493921.8059456812        256.1085108025600        21.71841431477047    
    68.50000000000000        10.14588448658047        79.28655590509243        6292.369822008865        499854.7968928735        256.0023750212946        20.75756842278497    
    69.50000000000000        14.91342198142008        79.58392606237061        6339.485579900039        505458.9875423160        255.9021944874689        19.79622527514433    
    70.50000000000000        21.53659484224008        79.86205552250640        6383.710337019550        510737.9620275190        255.8078064685635        18.83441603982137    
    71.50000000000000        30.53086853766785        80.12176936658696        6425.144274905538        515700.1304807053        255.7190595103406        17.87217063803694    
    72.50000000000000        42.45775020809798        80.36374851370815        6463.868072605191        520351.9355358721        255.6358128503908        16.90951784180099    
    73.50000000000000        57.87826233430481        80.58864320234058        6499.961000005228        524700.0280412507        255.5579358812327        15.94648536500809    
    74.50000000000000        77.31845224727155        80.79709467217162        6533.503213602547        528751.4086503771        255.4853076592676        14.98309994869938    
    75.50000000000000        101.1729279850310        80.98963599245458        6564.560389434640        532511.6513940961        255.4178164562509        14.01938744104815    
    76.50000000000000        129.6096917051659        81.16678603916426        6593.198539547572        535986.6643230530        255.3553593502841        13.05537287257773    
    77.50000000000000        162.4641744108903        81.32900684488995        6619.476620288346        539181.7376835076        255.2978418536269        12.09108052707744    
    78.50000000000000        199.2044469198845        81.47676392056265        6643.455961383255        542102.6536056910        255.2451775749082        11.12653400864439    
    79.50000000000000        238.9028991274642        81.61046592432562        6665.190355332918        544754.4698817136        255.1972879135673        10.16175630524429    
    80.50000000000000        280.1207498724029        81.73046483311805        6684.726465906802        547141.6178874351        255.1541017845834        9.196769849155325    
    81.50000000000000        320.9936722954769        81.83716227399813        6702.120294376794        549269.8134770404        255.1155553717699        8.231596574632189    
    82.50000000000000        359.4308814084195        81.93074524416176        6717.394126242421        551140.7957178459        255.0815919080968        7.266257973103865    
    83.50000000000000        393.2775811524157        82.01131166000727        6730.556775484563        552754.7781629729        255.0521614816955        6.300775146198788    
    84.50000000000000        420.3130403608365        82.07911495708784        6741.643732943836        554115.3965992074        255.0272208663589        5.335168856872944    
    85.50000000000000        438.7130281411459        82.13421732572587        6750.659958436499        555222.6269723768        255.0067333755144        4.369459578900912    
    86.50000000000000        447.2278782976234        82.17647836011948        6757.578357606560        556072.6421738871        254.9906687387908        3.403667544976940    
    87.50000000000000        445.1716996278191        82.20607301848266        6762.424432801467        556668.1943935038        254.9790030004435        2.437812793662022    
    88.50000000000000        432.6762912134699        82.22288925991668        6765.177413679932        557006.4353994622        254.9717184390315        1.471915215403500    
    89.50000000000000        410.6137968756204        82.22663353261548        6765.787809207365        557081.1099998939        254.9688035078713       0.5059945978466519    
    90.50000000000000        380.4653614144189        82.21725115711354        6764.246200952642        556891.0035833395        254.9702527959141      -0.4599293293478233    
    91.50000000000000        344.2299002344575        82.19449241499845        6760.512014077839        556431.1682059927        254.9760670088137       -1.425836849970777    
    92.50000000000000        304.1305680031420        82.15798808102163        6754.526280738641        555694.5405989881        254.9862529700699       -2.391708216808315    
    93.50000000000000        262.3999100515504        82.10759830492452        6746.268897630803        554678.9924272913        255.0008236422506       -3.357523607055192    
    94.50000000000000        221.1512965054174        82.04292888080978        6735.679150931644        553377.5316970684        255.0197981684117       -4.323263077390229    
    95.50000000000000        182.0858410246062        81.96350924049871        6722.685262741707        551781.9774042708        255.0432019339531       -5.288906518503206    
    96.50000000000000        146.5014432095397        81.86902890284271        6707.243190524968        549887.7406693508        255.0710666492676       -6.254433608858521    
    97.50000000000000        115.2275499083155        81.75893788982707        6689.271485664677        547685.8558426701        255.1034304536652       -7.219823767475316    
    98.50000000000000        88.61986158691158        81.63280116922631        6668.709071751591        545170.0381612262        255.1403380411816       -8.185056105495775    
    99.50000000000000        66.67680200078513        81.49015278037747        6645.492083093846        542333.9326966987        255.1818408090120       -9.150109376304107    
    100.5000000000000        49.10326734373914        81.33048807297234        6619.552558842659        539170.9437975230        255.2279970294526       -10.11496192394700    
    101.5000000000000        35.41288499872115        81.15338149642925        6590.837569416854        535676.5564521417        255.2788720463795       -11.07959162959324    
    102.5000000000000        25.02832477762315        80.95829222333381        6559.278393966766        531844.6738752185        255.3345384974515       -12.04397585575405    
    103.5000000000000        17.34558000103497        80.74474808722969        6524.819951497133        527671.1347748742        255.3950765633894       -13.00809138796762    
    104.5000000000000        11.79833354567922        80.51213362519007        6487.386841984518        523149.6282973177        255.4605742458703       -13.97191437363067    
    105.5000000000000        7.882631849000171        80.25984997830052        6446.909862468661        518274.9809168549        255.5311276757632       -14.93542025763587    
    106.5000000000000        5.177790745951292        79.98721498373529        6403.309541200019        513041.1109312448        255.6068414536500       -15.89858371444708    
    107.5000000000000        3.347604809389939        79.69357900327336        6356.516265415779        507443.6315549944        255.6878290248005       -16.86137857621400    
    108.5000000000000        2.132624108057849        79.37814659821689        6306.440844858318        501476.1830172596        255.7742130910254       -17.82377775649357    
    109.5000000000000        1.340373698088485        79.04024036055577        6253.019350706433        495136.1291463854        255.8661260621026       -18.78575316910591    
    110.5000000000000       0.8322138133854221        78.67899999602693        6196.163221025600        488418.3149208180        255.9637105497749       -19.74727564161028    
    111.5000000000000       0.5112295913754258        78.29360953983948        6135.797341734575        481319.8333228952        256.0671199076493       -20.70831482283621    
    112.5000000000000       0.3112125438321977        77.88298525860186        6071.810204330563        473834.0058881071        256.1765188206909       -21.66883908385048    
    113.5000000000000       0.1880615840411834        77.44580133023914        6004.060954958388        465951.5486617411        256.2920839484124       -22.62881541167823    
    114.5000000000000       0.1130162441030894        76.98059380704422        5932.396873342613        457662.7091080609        256.4140046263000       -23.58820929502714    
    115.5000000000000       0.6767807230515045E-01    76.48563175328059        5856.635937629940        448955.4926725546        256.5424836305190       -24.54698460118395    
    116.5000000000000       0.4047434743861044E-01    75.95891772650667        5776.568716410584        439816.0021861926        256.6777380114823       -25.50510344316585    
    117.5000000000000       0.2423335154724075E-01    75.39838413325086        5691.991993025339        430232.6284655419        256.8200000024812       -26.46252603610774    
    118.5000000000000       0.1456338339179482E-01    74.80095848183242        5602.568705185118        420180.1791106205        256.9695180102495       -27.41921054175586    
    119.5000000000000       0.8810317118322002E-02    74.16312250239213        5507.920448868095        409631.1436346763        257.1265576950925       -28.37511289980993    
    120.5000000000000       0.5383008430580453E-02    73.48079737535862        5407.613013049027        398554.1761552896        257.2914031490410       -29.33018664471395    
    121.5000000000000       0.3333338184876793E-02    72.74924793261687        5301.150065348696        386914.1056226371        257.4643581814410       -30.28438270633383    
    122.5000000000000       0.2100189412269993E-02    71.96414441061980        5188.134584966208        374690.1167669137        257.6457477224180       -31.23764919277622    
    123.5000000000000       0.1352010617408109E-02    71.12086361742372        5068.156203945080        361861.9438902888        257.8359193558347       -32.18993115339673    
    124.5000000000000       0.8931808624236354E-03    70.21599912902641        4941.004080060285        348432.2743167976        258.0352449946474       -33.14117031980960    
    125.5000000000000       0.6081924876822954E-03    69.24993960853031        4807.018790858724        334462.7406954902        258.2441227130316       -34.09130482244480    
    126.5000000000000       0.4285990819719348E-03    68.22831774027557        4667.254074362302        320086.6124952676        258.4629787512582       -35.04026887989416    
    127.5000000000000       0.3136124705853121E-03    67.16296793267375        4523.559477517977        305512.4425476908        258.6922697111202       -35.98799245794495    
    128.5000000000000       0.2387412272611146E-03    66.07079448142521        4378.371926498628        290997.5852267299        258.9324849617263       -36.93440089480415    
    129.5000000000000       0.1891680321550377E-03    64.97227692292614        4234.485831612277        276822.7408200435        259.1841492777324       -37.87941448857065    
    130.5000000000000       0.1558324851143129E-03    63.88819176670644        4094.605649833643        263246.8225480718        259.4478257345979       -38.82294804250059    
    131.5000000000000       0.1331202912053763E-03    62.83566275385759        3960.839446336562        250458.8414798572        259.7241188882410       -39.76491036302725    
    132.5000000000000       0.1175075938970109E-03    61.82625776653408        3834.491881221544        238562.1785289553        260.0136782695826       -40.70520370482928    
    133.5000000000000       0.1067465577643462E-03    60.86529728078435        3716.021879124165        227575.3359097694        260.3172022278999       -41.64372315647811    
    134.5000000000000       0.9938145214079015E-04    59.95316694433399        3605.254711909126        217456.6547262743        260.6354421607215       -42.58035595931899    
    135.5000000000000       0.9445200488009174E-04    59.08674072077930        3501.590151216493        208126.7005418461        260.9692071721735       -43.51498075123956    
    136.5000000000000       0.9131309183162218E-04    58.26111238087694        3404.237632104342        199491.9683322854        261.3193692062749       -44.44746672582990    
    137.5000000000000       0.8952282821548765E-04    57.47083038298197        3312.373997333750        191459.8159066659        261.6868687066560       -45.37767269612052    
    138.5000000000000       0.8877050011075255E-04    56.71053295926263        3225.220463231708        183945.2769522360        262.0727208595588       -46.30544605057354    
    139.5000000000000       0.8883330130139989E-04    55.97548861864794        3142.103890240136        176876.0924219893        262.4780224826993       -47.23062158727030    
    140.5000000000000       0.8954451880038807E-04    55.26159302921862        3062.451077385989        170191.5715027907        262.9039596285972       -48.15302021025119    
    141.5000000000000       0.9077740800623408E-04    54.56548769863701        2985.797178381607        163842.7178412590        263.3518159771594       -49.07244746969072    
    142.5000000000000       0.9242975893640036E-04    53.88439109202345        2911.760832162433        157789.5091826275        263.8229820984706       -49.98869192498988    
    143.5000000000000       0.9441618178145060E-04    53.21603309576587        2840.033083359834        151999.5445174084        264.3189656725983       -50.90152330689922    
    144.5000000000000       0.9666322516968062E-04    52.55863541231820        2770.370794004918        146447.0622865625        264.8414027583430       -51.81069045140931    
    145.5000000000000       0.9910325270515651E-04    51.91068752768065        2702.569591314074        141110.4368427087        265.3920702066497       -52.71591897431457    
    146.5000000000000       0.1016744976228394E-03    51.27103106861170        2636.470694943946        135972.5083162369        265.9728993159686       -53.61690865103569    
    147.5000000000000       0.1043169254389624E-03    50.63870528712051        2571.942283814058        131018.8740867032        266.5859908250097       -54.51333046144347    
    148.5000000000000       0.1069717119278465E-03    50.01288137718764        2508.871285928441        126237.1077330342        267.2336313313874       -55.40482325405019    
    149.5000000000000       0.1095817520104524E-03    49.39287483800988        2447.163875023909        121616.7122482129        267.9183112102899       -56.29098997803324    
    150.5000000000000       0.1120917637372466E-03    48.77813093919518        2386.742687907144        117148.7875235051        268.6427440823724       -57.17139342519246    
    151.5000000000000       0.1144469014855247E-03    48.16813721046251        2327.537722217106        112825.2976669247        269.4098878403222       -58.04555141723741    
    152.5000000000000       0.1165968683074802E-03    47.56250188270118        2269.493098948140        108639.4923063039        270.2229671832294       -58.91293136698491    
    153.5000000000000       0.1184935805028415E-03    46.96088908960524        2212.560782364608        104585.4328983875        271.0854975194639       -59.77294413550074    
    154.5000000000000       0.1200925695161961E-03    46.36299754709114        2156.697590854847        100657.6969602621        272.0013099721830       -60.62493710153912    
    155.5000000000000       0.1213540631220750E-03    45.76855024846764        2101.864099435370        96851.28501693880        272.9745770439333       -61.46818635573264    
    156.5000000000000       0.1222439028280116E-03    45.17729145713630        2048.024133607346        93161.56227296246        274.0098382514688       -62.30188793121401    
    157.5000000000000       0.1227342435899456E-03    44.58904452794993        1995.150020042010        89584.61142972815        275.1120247081288       -63.12514798666325    
    158.5000000000000       0.1228048341595788E-03    44.00364857157434        1943.216512190813        86116.79077341026        276.2864811836052       -63.93697186994191    
    159.5000000000000       0.1224429957507245E-03    43.42101219198024        1892.205454140008        82755.03267889959        277.5389835800804       -64.73625201435621    
    160.5000000000000       0.1216438049949696E-03    42.84106130568595        1842.100674698099        79496.46636050499        278.8757489969485       -65.52175466042527    
    161.5000000000000       0.1204096678747562E-03    42.26374455928881        1792.888362234172        76338.43378449962        280.3034345814025       -66.29210546077084    
    162.5000000000000       0.1187501327987680E-03    41.68905086595954        1744.558446904303        73278.56931121615        281.8291201539085       -67.04577412332866    
    163.5000000000000       0.1166819239663476E-03    41.11700479710410        1697.103915207031        70314.73500085034        283.4602681498507       -67.78105838952378    
    164.5000000000000       0.1142286295434313E-03    40.54765143849400        1650.519395732082        67444.92284202190        285.2046527641419       -68.49606784212867    
    165.5000000000000       0.1114197950913278E-03    39.98106205928146        1604.801368066181        64667.25100122425        287.0702484262511       -69.18870830570302    
    166.5000000000000       0.1082895492544550E-03    39.41735256641513        1559.949701111146        61980.06285548893        289.0650660830015       -69.85666795251134    
    167.5000000000000       0.1048762570755327E-03    38.85667654100395        1515.966648290829        59381.83905843431        291.1969246067264       -70.49740666411076    
    168.5000000000000       0.1012206326043920E-03    38.29918914470766        1472.853788216082        56871.00758154161        293.4731445840272       -71.10815071526126    
    169.5000000000000       0.9736469189061026E-04    37.74507981535073        1430.614738812535        54446.11529303523        295.9001536512630       -71.68589540981905    
    170.5000000000000       0.9335113594265053E-04    37.19451110698671        1389.250046110044        52105.51136542256        298.4829975567422       -72.22741883682104    
    171.5000000000000       0.8922277271730685E-04    36.64769749847725        1348.763573469739        49847.74080321965        301.2247604919324       -72.72931030514934    
    172.5000000000000       0.8502065571723138E-04    36.10484030485954        1309.157339412763        47671.23895651912        304.1259129610006       -73.18801707128179    
    173.5000000000000       0.8078411442924921E-04    35.56618477271547        1270.435860566679        45574.58266049386        307.1836257183792       -73.59991245698022    
    174.5000000000000       0.7654898310970792E-04    35.03187100521230        1232.595188071351        43555.88722342159        310.3911125578031       -73.96138710790204    
    175.5000000000000       0.7234769596798194E-04    34.50215960441582        1195.639766379763        41613.75187356566        313.7370888687811       -74.26896278472067    
    176.5000000000000       0.6820899058730944E-04    33.97717227113235        1159.563430118574        39746.21557483778        317.2054498630078       -74.51942471619658    
    177.5000000000000       0.6415810007277838E-04    33.45716535660252        1124.369192064943        37951.83166388833        320.7752732252778       -74.70996452339162    
    178.5000000000000       0.6021596338677886E-04    32.94233963453254        1090.055378249715        36228.91048733364        324.4212275013873       -74.83832180027690    
    179.5000000000000       0.5640018607753888E-04    32.43296125601120        1056.624165246456        34575.97421727216        328.1144167812762       -74.90290969217529    
    180.5000000000000       0.5272694263486129E-04    31.92937762597917        1024.081772975937        32991.72530378112        331.8236203503242       -74.90290936796342    
    181.5000000000000       0.4920664568343496E-04    31.43179120608756        992.4236799872299        31474.32483642500        335.5168093107170       -74.83832083178649    
    182.5000000000000       0.4584717235915611E-04    30.94053741112237        961.6533499162058        30022.34579696200        339.1627629638566       -74.70996292279739    
    183.5000000000000       0.4265648718682861E-04    30.45588083862865        931.7679965208898        28634.03449101854        342.7325854297674       -74.51942250295791    
    184.5000000000000       0.3963549751177769E-04    29.97798499466889        902.7583532593337        27307.38261589686        346.2009452949050       -74.26895998445509    
    185.5000000000000       0.3678733294037146E-04    29.50711650291366        874.6206151762860        26040.65167774900        349.5469202910048       -73.96138375102136    
    186.5000000000000       0.3410902108230136E-04    29.04333741437381        847.3384389881860        24831.58340021346        352.7544056786577       -73.59990857724262    
    187.5000000000000       0.3159890763574410E-04    28.58687571532257        820.9052768079441        23678.41095361000        355.8121168945063       -73.18801270439619    
    188.5000000000000       0.2925211149102603E-04    28.13781245493152        795.3057661756133        22579.02483021318        358.7132677749150       -72.72930548753257    
    189.5000000000000       0.2706363065408346E-04    27.69629349243192        770.5283443031569        21531.53677656237        1.455039128689952       -72.22741360456729    
    190.5000000000000       0.2502671470620702E-04    27.26242395958530        746.5590816117088        20534.00667616455        4.037881453780883       -71.68588979790286    
    191.5000000000000       0.2313458894772968E-04    26.83630707676780        723.3838545440228        19584.53358713320        6.464888982388491       -71.10814475696662    
    192.5000000000000       0.2137999059450986E-04    26.41806932187521        700.9898502268969        18681.32184825548        8.741107479426120       -70.49740039066043    
    193.5000000000000       0.1975540095620673E-04    26.00777840032584        679.3610858144436        17822.49633738084        10.87296459248906       -69.85666139286175    
    194.5000000000000       0.1825372962768906E-04    25.60554337388028        658.4837651602672        17006.31664970246        12.86778091499246       -69.18870148646772    
    195.5000000000000       0.1686692902021103E-04    25.21141434413138        638.3412260655016        16230.98520895827        14.73337532258785       -68.49606078759673    
    196.5000000000000       0.1558794380576444E-04    24.82547225721342        618.9184756016928        15494.81751952922        16.47775876275860       -67.78105112174364    
    197.5000000000000       0.1440934405193878E-04    24.44771110650370        600.1962926105803        14796.01923995927        18.10890566369000       -67.04576666223383    
    198.5000000000000       0.1332420322220780E-04    24.07819918371712        582.1596088956115        14133.01136791818        19.63459021765352       -66.29209782433006    
    199.5000000000000       0.1232595402539067E-04    23.71692849626793        564.7897673403802        13504.12927847115        21.06227485649631       -65.52174686480316    
    200.5000000000000       0.1140792060082428E-04    23.36388754818682        548.0684765247729        12907.78085397834        22.39903939660638       -64.73624407407559    
    201.5000000000000       0.1056419026639077E-04    23.01907733896382        531.9783631534725        12342.45595009310        23.65154098082363       -63.93696379804181    
    202.5000000000000       0.9789045900795681E-05    22.68245953770005        516.5006739785516        11806.64862106173        24.82599670410562       -63.12513979484812    
    203.5000000000000       0.9076899063118704E-05    22.35399565497486        501.6171967643236        11298.92513621931        25.92818246425014       -62.30187962999253    
    204.5000000000000       0.8422944384793865E-05    22.03363970492956        487.3097993066208        10817.90169379349        26.96344302670769       -61.46817795454501    
    205.5000000000000       0.7822269156639456E-05    21.72131500805166        473.5596095748068        10362.22198430394        27.93670950077847       -60.62492860887225    
    206.5000000000000       0.7270574951259214E-05    21.41695942251503        460.3488815646789        9930.612368419566        28.85252139941389       -59.77293555899220    
    207.5000000000000       0.6763805096596888E-05    21.12048288629564        447.6592205432929        9521.824350479199        29.71505122161140       -58.91292271351588    
    208.5000000000000       0.6298235559255168E-05    20.83180279524818        435.4731329187798        9134.683194995610        30.52813008723755       -58.04554269301552    
    209.5000000000000       0.5870399001789956E-05    20.55082475452035        423.7732172524563        8768.060678342819        31.29527340162618       -57.17138463582553    
    210.5000000000000       0.5477108268322607E-05    20.27745521300123        412.5426593331379        8420.887011939696        32.01970586107714       -56.29098112859452    
    211.5000000000000       0.5115457467929151E-05    20.01158185394696        401.7644126186349        8092.123625528758        32.70438535571986       -55.40481434913632    
    212.5000000000000       0.4782752871662270E-05    19.75309085038400        391.4219842606633        7780.787739098551        33.35202550387070       -54.51332150522567    
    213.5000000000000       0.4476550838474729E-05    19.50187010444122        381.4994925905590        7485.950134634323        33.96511667858123       -53.61689964730506    
    214.5000000000000       0.4194598751391172E-05    19.25779934619706        371.9812694866051        7206.721352179041        34.54594547551699       -52.71590992652226    
    215.5000000000000       0.3934826882185875E-05    19.02075178858510        362.8519657693661        6942.254554127256        35.09661263161068       -51.81068136270191    
    216.5000000000000       0.3695367828292831E-05    18.79060147044179        354.0967546607818        6691.747276843304        35.61904944369236       -50.90151418015032    
    217.5000000000000       0.3474501202628408E-05    18.56722171580335        345.7013561001646        6454.443433587404        36.11503276123040       -49.98868276282776    
    218.5000000000000       0.3270665140250795E-05    18.35048559732044        337.6519385490503        6229.625403336925        36.58619864167913       -49.07243827452324    
    219.5000000000000       0.3082431772193562E-05    18.14026706647081        329.9352173363847        6016.617436962130        37.03405476387807       -48.15301098428759    
    220.5000000000000       0.2908496687970963E-05    17.93643878998509        322.5383291278632        5814.779480543574        37.45999169679170       -47.23061233254079    
    221.5000000000000       0.2747667927755503E-05    17.73886150306598        315.4484059392892        5623.493292128132        37.86529311930406       -46.30543676894661    
    222.5000000000000       0.2598860390425997E-05    17.54740209416267        308.6532655637202        5442.181280106376        38.25114508300014       -45.37766338931844    
    223.5000000000000       0.2461081771882967E-05    17.36192998738776        302.1412574575319        5270.300641431448        38.61864440474140       -44.44745739544253    
    224.5000000000000       0.2333427748906157E-05    17.18231450153204        295.9011332583580        5107.337965793494        38.96880626998753       -43.51497139873666    
    225.5000000000000       0.2215078022257043E-05    17.00842877953955        289.9221805459000        4952.811815233473        39.30257112165273       -42.58034658606133    
    226.5000000000000       0.2105283065725169E-05    16.84014904413667        284.1941671364286        4806.269631323719        39.62081090309865       -41.64371376372732    
    227.5000000000000       0.2003359171366610E-05    16.67735303972454        278.7072771897232        4667.285103692119        39.92433471784872       -40.70519429375672    
    228.5000000000000       0.1908685688206359E-05    16.51992454546491        273.4522494358666        4535.460612441049        40.21389396287733       -39.76490093472202    
    229.5000000000000       0.1820697310606571E-05    16.36775080463715        268.4202569599647        4410.422646833166        40.49018698695226       -38.82293859797675    
    230.5000000000000       0.1738874723798551E-05    16.22071789803798        263.6027310588228        4291.816261679041        40.75386332052502       -37.87940502877354    
    231.5000000000000       0.1662749303574504E-05    16.07871996955428        258.9916739838607        4179.312541558284        41.00552751908160       -36.93439142061645    
    232.5000000000000       0.1591888154110274E-05    15.94165147122152        254.5793693371028        4072.600067181576        41.24574265768189       -35.98798297019189    
    233.5000000000000       0.1525889770183543E-05    15.80940951763249        250.3584493193679        3971.385858836777        41.47503351061345       -35.04025937934814    
    234.5000000000000       0.1464397877963648E-05    15.68189281783289        246.3218545502547        3875.393880731365        41.69388944664367       -34.09129530982993    
    235.5000000000000       0.1407076747761088E-05    15.55900327305130        242.4628617690980        3784.364713377473        41.90276706724973       -33.14116079580568    
    236.5000000000000       0.1353625011807643E-05    15.44064501099134        238.7750456755856        3698.054138348478        42.10209261240982       -32.18992161864251    
    237.5000000000000       0.1303762566540892E-05    15.32672733022759        235.2523590140469        3616.234389593696        42.29226415602744       -31.23763964787301    
    238.5000000000000       0.1257237728666138E-05    15.21716049872668        231.8889866492247        3538.690089559177        42.47365361080654       -30.28437315184832    
    239.5000000000000       0.1213815201906167E-05    15.11186160618424        228.6795199862242        3465.221868991602        42.64660856037435       -29.33017708118087    
    240.5000000000000       0.1173284899036975E-05    15.01074679586443        225.6187016076778        3395.639834818158        42.81145393463774       -28.37510332773458    
    241.5000000000000       0.1135447062694389E-05    14.91373681192164        222.7015892287015        3329.766973744025        42.96849354273794       -27.41920096161650    
    242.5000000000000       0.1100125554649234E-05    14.82075362872548        219.9234418376054        3267.436081507280        43.11801147651532       -26.46251644835743    
    243.5000000000000       0.1067151718632876E-05    14.73172338109053        217.2797984606977        3208.491133707471        43.26027339609605       -25.50509384823455    
    244.5000000000000       0.1036378661321243E-05    14.64657648187012        214.7664745969665        3152.786869131973        43.39552770804716       -24.54697499948033    
    245.5000000000000       0.1007664041433015E-05    14.56524491799745        212.3794726495769        3100.186422379178        43.52400664550283       -23.58819968693991    
    246.5000000000000       0.9808811628189462E-06    14.48766510893495        210.1150581077499        3050.562680335018        43.64592725872856       -22.62880579757794    
    247.5000000000000       0.9559142232085721E-06    14.41377585107012        207.9696924203137        3003.796517756033        43.76149232375079       -21.66882946409079    
    248.5000000000000       0.9326551636009334E-06    14.34351872491704        205.9400375262686        2959.776611029646        43.87089117592532       -20.70830519775514    
    249.5000000000000       0.9110097807162305E-06    14.27683666243579        204.0229056936624        2918.398044119189        43.97430047464119       -19.74726601153142    
    250.5000000000000       0.8908837916302826E-06    14.21367670502953        202.2153382901002        2879.563895195465        44.07188490474704       -18.78574353433958    
    251.5000000000000       0.8721956561183697E-06    14.15398783651795        200.5145317566747        2843.183290614662        44.16379781973927       -17.82376811733773    
    252.5000000000000       0.8548687136918108E-06    14.09772276900001        198.9178888855766        2809.172426797151        44.25018183125593       -16.86136893295530    
    253.5000000000000       0.8388299825306113E-06    14.04483576501396        197.4229507068773        2777.452906172618        44.33116934897524       -15.89857406736177    
    254.5000000000000       0.8240223290234882E-06    13.99528537955572        196.0274654992641        2747.952945037758        44.40688307461298       -14.93541060699055    
    255.5000000000000       0.8103880511411463E-06    13.94903268223657        194.7293386449949        2720.606253891527        44.47743645334842       -13.97190471968313    
    256.5000000000000       0.7978762239456010E-06    13.90604207588289        193.5266505175468        2695.352245900510        44.54293408567662       -13.00808173096764    
    257.5000000000000       0.7864353403048616E-06    13.86627918967246        192.4175929638447        2672.134553891431        44.60347210238366       -12.04396619594394    
    258.5000000000000       0.7760243914811628E-06    13.82971189507394        191.4004933463580        2650.901397973175        44.65913850506661       -11.07958196720866    
    259.5000000000000       0.7666025120504837E-06    13.79631059238771        190.4738218631299        2631.605681707651        44.71001347436967       -10.11495225921756    
    260.5000000000000       0.7581366821081447E-06    13.76604873060883        189.6362019283094        2614.205088517447        44.75616964787702       -9.150099709453855    
    261.5000000000000       0.7505949922425437E-06    13.73890215116813        188.8863896583970        2598.661570111020        44.79767236939299       -8.185046436743887    
    262.5000000000000       0.7439493691350601E-06    13.71484973504931        188.2232908006112        2584.941651734069        44.83457991114410       -7.219814097036637    
    263.5000000000000       0.7381794679615760E-06    13.69387380518298        187.6459667429723        2573.016421517000        44.86694367025747       -6.254423936943983    
    264.5000000000000       0.7332580212930147E-06    13.67595526071047        187.1535015995421        2562.858787074499        44.89480834070232       -5.288896845320449    
    265.5000000000000       0.7291710103321819E-06    13.66108137601327        186.7452131237905        2554.447733243843        44.91821206172379       -4.323253403144101    
    266.5000000000000       0.7259018903890802E-06    13.64923901710048        186.4204655825303        2547.764432161057        44.93718654365085       -3.357513931948071    
    267.5000000000000       0.7234375230325345E-06    13.64041842228720        186.1787740731150        2542.794392740325        44.95175717182035       -2.391698541040756    
    268.5000000000000       0.7217692448658644E-06    13.63461284572217        186.0197917243904        2539.527121975986        44.96194308922608       -1.425827173741943    
    269.5000000000000       0.7208906151033244E-06    13.63181719333387        185.9432725051223        2537.955356843380        44.96775725837428      -0.4599196528557828    
    270.5000000000000       0.7207981195555030E-06    13.63202932193939        185.9491071836926        2538.075807738561        44.96920650270342       0.5060042744042912    
    271.5000000000000       0.7214934161729747E-06    13.63525120088267        186.0373538625301        2539.889755694127        44.96629152780596        1.471924891829181    
    272.5000000000000       0.7229736934463135E-06    13.64148232754006        186.2080573757991        2543.399335890236        44.95900692257182        2.437822469757939    
    273.5000000000000       0.7252432289914479E-06    13.65072693094818        186.4614474285893        2548.611629919947        44.94734114025587        3.403677220544411    
    274.5000000000000       0.7283117987725647E-06    13.66299343328880        186.7979243807567        2555.538389860122        44.93127645935499        4.369469253739960    
    275.5000000000000       0.7321909440017769E-06    13.67829260455485        187.2180098674476        2564.195055890950        44.91078892406163        5.335178530781992    
    276.5000000000000       0.7368941199909765E-06    13.69663618582008        187.7223083267867        2574.599959621131        44.88584826394109        6.300784818974007    
    277.5000000000000       0.7424346984674417E-06    13.71803673087318        188.3115046337882        2586.774330309680        44.85641779235580        7.266267644538736    
    278.5000000000000       0.7488330449141011E-06    13.74251171935834        188.9864788953130        2600.744715008674        44.82245428303247        8.231606244517153    
    279.5000000000000       0.7561127132757672E-06    13.77008143278004        189.7482494459613        2616.541850646052        44.78390782403453        9.196779517277117    
    280.5000000000000       0.7643002075790405E-06    13.80076768918767        190.5979390430975        2634.200009771171        44.74072164826273        10.16176597138542    
    281.5000000000000       0.7734233354157514E-06    13.83459318746443        191.5367583657218        2653.756717336845        44.69283193945844        11.12654367258280    
    282.5000000000000       0.7835134859307259E-06    13.87158437956771        192.5660901079217        2675.254624376614        44.64016761252717        12.09109018858571    
    283.5000000000000       0.7946084501900947E-06    13.91177149915638        193.6874909963831        2698.741608385605        44.58265006683136        13.05538253142251    
    284.5000000000000       0.8067500340602949E-06    13.95518530843336        194.9026019217877        2724.268946899021        44.52019291092051        14.01939709698977    
    285.5000000000000       0.8199807564447664E-06    14.00185975316025        196.2132292691090        2751.893216804078        44.45270165697150        14.98310960149093    
    286.5000000000000       0.8343511639958873E-06    14.05183311102692        197.6213785567859        2781.677078902046        44.38007338299953        15.94649501439477    
    287.5000000000000       0.8499127282283991E-06    14.10514260253124        199.1291044601762        2813.686197430679        44.30219636066998        16.90952748751959    
    288.5000000000000       0.8667248407175576E-06    14.16183096280226        200.7387035310148        2847.993534143154        44.21894964628933        17.87218027981483    
    289.5000000000000       0.8848532031982447E-06    14.22194433725723        202.4526584062223        2884.678307533072        44.13020263227730        18.83442567737570    
    290.5000000000000       0.9043674643477690E-06    14.28552816214817        204.2735218034862        2923.823611016386        44.03581455611989        19.79623490818133    
    291.5000000000000       0.9253422016559476E-06    14.35263283416428        206.2040888355565        2965.520408279835        43.93563396346948        20.75757805099880    
    292.5000000000000       0.9478631665908083E-06    14.42331217978288        208.2473531880002        3009.866675894692        43.82949812169053        21.71842393784226    
    293.5000000000000       0.9720221982512600E-06    14.49762230877334        210.4064843664283        3056.967230073890        43.71723237974327        22.67874004931364    
    294.5000000000000       0.9979170525467264E-06    14.57562123679640        212.6848198337809        3106.933724509488        43.59864946984872        23.63849240208219    
    295.5000000000000       0.1025654768737409E-05    14.65737113814082        215.0859383622708        3159.886536450061        43.47354874587931        24.59764542768422    
    296.5000000000000       0.1055354640373900E-05    14.74293650459618        217.6136118901161        3215.953960145071        43.34171535286683        25.55616184173493    
    297.5000000000000       0.1087143978947900E-05    14.83238465547067        220.2718300524811        3275.273096602092        43.20291932140466        26.51400250254606    
    298.5000000000000       0.1121160106068644E-05    14.92578501284833        223.0647837143383        3337.989747215719        43.05691458003670        27.47112625803286    
    299.5000000000000       0.1157554812098539E-05    15.02321168081820        225.9969516945787        3404.260736988955        42.90343787796391        28.42748977966706    
    300.5000000000000       0.1196491984686267E-05    15.12474053264552        229.0730211216193        3474.252474437318        42.74220760954979        29.38304738209046    
    301.5000000000000       0.1238148089479392E-05    15.23045149712085        232.2979679285738        3548.143231922186        42.57292253115799        30.33775082684473    
    302.5000000000000       0.1282716883459507E-05    15.34042652457486        235.6770020273325        3626.122266626958        42.39526035979706        31.29154910848969    
    303.5000000000000       0.1330410129835596E-05    15.45475151630749        239.2156380039249        3708.391945011779        42.20887624186514        32.24438822117656    
    304.5000000000000       0.1381455445426719E-05    15.57351535933449        242.9196761568355        3795.167809628329        42.01340107896536        33.19621090351003    
    305.5000000000000       0.1436104146036608E-05    15.69680777157521        246.7951461311890        3886.677789160962        41.80843969628536        34.14695635926645    
    306.5000000000000       0.1494627095055124E-05    15.82472475203741        250.8484898648653        3983.167082595919        41.59356883738246        35.09655995123316    
    307.5000000000000       0.1557318307057209E-05    15.95736151441092        255.0863459323016        4084.893555954236        41.36833496736747        36.04495286509200    
    308.5000000000000       0.1624502051180594E-05    16.09481955105220        259.5158005067564        4192.134726909930        41.13225186441561        36.99206173987658    
    309.5000000000000       0.1696527254802561E-05    16.23720045100893        264.1441847662092        4305.183166304364        40.88479797722501        37.93780826108627    
    310.5000000000000       0.1773777565919057E-05    16.38461347786202        268.9793592673341        4424.354805153890        40.62541352346572        38.88210871203045    
    311.5000000000000       0.1856670929107342E-05    16.53716689364669        274.0294199806387        4549.981902257744        40.35349730138920        39.82487347839177    
    312.5000000000000       0.1945664658133462E-05    16.69497632683877        279.3030106307386        4682.422196174352        40.06840318356747        40.76600650032889    
    313.5000000000000       0.2041257058028943E-05    16.85815583333066        284.8090276323076        4822.052141436609        39.76943625817479        41.70540466567575    
    314.5000000000000       0.2143993152051805E-05    17.02682808023732        290.5569929905328        4969.277673092682        39.45584857928289        42.64295713691519    
    315.5000000000000       0.2254467969455041E-05    17.20111678185891        296.5568109500510        5124.529024749378        39.12683448328804        43.57854460359884    
    316.5000000000000       0.2373333553961823E-05    17.38114710373224        302.8187900483913        5288.262160559585        38.78152542380116        44.51203845073095    
    317.5000000000000       0.2501299215441602E-05    17.56704008334152        309.3534555339821        5460.954767896468        38.41898427210030        45.44329983230536    
    318.5000000000000       0.2639137515266316E-05    17.75892275124353        316.1719440477536        5643.118517951119        38.03819902457013        46.37217863766134    
    319.5000000000000       0.2787691634433689E-05    17.95692250560587        323.2858296116187        5835.296017267494        37.63807585245568        47.29851233657367    
    320.5000000000000       0.2947880855464052E-05    18.16117164336533        330.7072778277283        6038.065632670637        37.21743142279956        48.22212468698159    
    321.5000000000000       0.3120705801105447E-05    18.37179489449500        338.4486134961837        6252.031267277105        36.77498441270995        49.14282428695360    
    322.5000000000000       0.3307247526027824E-05    18.58890921255847        346.5223204346390        6477.823564855802        36.30934613229543        50.06040294984253    
    323.5000000000000       0.3508694954145018E-05    18.81265904219469        354.9423934547939        6716.139948388787        35.81901016496417        50.97463387855828    
    324.5000000000000       0.3726320605540077E-05    19.04315102665831        363.7218799847304        6967.676356078480        35.30234092771841        51.88526961143214    
    325.5000000000000       0.3961524482731831E-05    19.28051682759917        372.8752654197922        7233.196498587205        34.75756104915772        52.79203970821860    
    326.5000000000000       0.4215813783728731E-05    19.52487637643404        382.4171036663463        7513.494870372329        34.18273745997239        53.69464814032934    
    327.5000000000000       0.4490818119578844E-05    19.77635108052013        392.3625302002117        7809.413305446653        33.57576609093692        54.59277034438551    
    328.5000000000000       0.4788299775387701E-05    20.03504478634115        402.7264788043779        8121.818109080206        32.93435507844973        55.48604989258131    
    329.5000000000000       0.5110174168380596E-05    20.30107328563259        413.5249404395728        8451.642028939139        32.25600638979071        56.37409472717471    
    330.5000000000000       0.5458483392216037E-05    20.57453856107911        424.7738422158455        8799.849164539588        31.53799580261265        57.25647289970021    
    331.5000000000000       0.5835429251180252E-05    20.85552961034717        436.4891326846673        9167.441142189991        30.77735121000559        58.13270774834437    
    332.5000000000000       0.6243376595220367E-05    21.14414354634695        448.6876678801314        9555.486802651871        29.97082927952997        59.00227243953426    
    333.5000000000000       0.6684884613434914E-05    21.44047311592652        461.3866492621266        9965.105220636227        29.11489057960248        59.86458379252213    
    334.5000000000000       0.7162714573832827E-05    21.74461275193451        474.6039773641796        10397.48206627673        28.20567340972968        60.71899529917157    
    335.5000000000000       0.7679621727355496E-05    22.05661123378958        488.3560159290998        10853.79255765913        27.23896674566897        61.56478924613987    
    336.5000000000000       0.8238599640049705E-05    22.37650111492334        502.6588699813146        11335.24514131242        26.21018295385724        62.40116784452961    
    337.5000000000000       0.8842984445862006E-05    22.70440109728257        517.5332129117485        11843.25480077209        25.11433126315013        63.22724327478340    
    338.5000000000000       0.9496146126217077E-05    23.04036461584525        532.9972674663024        12379.20039611500        23.94599343290076        64.04202656488643    
    339.5000000000000       0.1020148841339328E-04    23.38436687011942        549.0659120432829        12944.38500796116        22.69930365657558        64.84441524171633    
    340.5000000000000       0.1096254055853801E-04    23.73646337518377        565.7585140574089        13540.32961199725        21.36793552536357        65.63317973398473    
    341.5000000000000       0.1178367577138693E-04    24.09678853131965        583.0986473275949        14168.75608945721        19.94509988344164        66.40694856781538    
    342.5000000000000       0.1266680779164192E-04    24.46502168171533        601.0879960958976        14830.63145672898        18.42355866704196        67.16419249192758    
    343.5000000000000       0.1361880580563600E-04    24.84163735407404        619.7680374442833        15528.45817758160        16.79566134707008        67.90320781029989    
    344.5000000000000       0.1464137225361196E-04    25.22618737910245        639.1344973377288        16263.07237888387        15.05341236585760        68.62209939986460    
    345.5000000000000       0.1573908663917655E-04    25.61886380144272        659.2157227374283        17036.60143144651        13.18857987930575        69.31876416416559    
    346.5000000000000       0.1691516918860007E-04    26.01961771402962        680.0283044382941        17850.78725888952        11.19285797725004        69.99087603473345    
    347.5000000000000       0.1817311450274127E-04    26.42844685604360        701.5915905390193        18707.53788265768        9.058095972447289        70.63587408819632    
    348.5000000000000       0.1951687412165492E-04    26.84521704204422        723.9180508506345        19608.53904416599        6.776608693204328        71.25095589346287    
    349.5000000000000       0.2094879481054520E-04    27.26995752900159        747.0291021061681        20555.89341018504        4.341580058224872        71.83307880934753    
    350.5000000000000       0.2247148226392933E-04    27.70249809700221        770.9354944112381        21551.32432431592        1.747567328371033        72.37897254816896    
    351.5000000000000       0.2408608803528547E-04    28.14274234620893        795.6518108502401        22596.75585478488        358.9910939054801        72.88516677762885    
    352.5000000000000       0.2579459916256872E-04    28.59059628889267        821.1929528416446        23694.18587309810        356.0713733341871        73.34803765556553    
    353.5000000000000       0.2759595174211392E-04    29.04586353933741        847.5677015063985        24845.39034680463        352.9909752523521        73.76387672050787    
    354.5000000000000       0.2949048727596557E-04    29.50844065426285        874.7898876308069        26052.40432066678        349.7565683808124        74.12898421151453    
    355.5000000000000       0.3147535832501988E-04    29.97809673514511        902.8654948133878        27316.95373893371        346.3794982579408        74.43978644412555    
    356.5000000000000       0.3354833234961393E-04    30.45470883022077        931.8066119764615        28641.07642647703        342.8761481461181        74.69297330991471    
    357.5000000000000       0.3570428466213491E-04    30.93804262217777        961.6179617164145        30026.49825387332        339.2679588382464        74.88564764115928    
    358.5000000000000       0.3793737210386867E-04    31.42799008422989        992.3120165082373        31475.35685124484        335.5810169731400        75.01547389262541    
    359.5000000000000       0.4023968491503636E-04    31.92436349185217        1023.895722642723        32989.55689049471        331.8451756441660        75.08081052419939    
