 # author: MA Kubiak / Space Research Center PAS Warsaw Poland, contact: mkubiak@cbk.waw.pl                          
 # code version Program.keplerV_ellipt_V2      , Dates: calkV:20/04/2026  ; part_pr:20/04/2026                       
 # czas no T v_mas, kier.naplywu(dl, szer) macierz obrotu (ecl to helio), r, theta, phi(ecl,spher), V_detector(ecl,cart), IBEX_energy_channel
 #     2026.172447000000        0.1419110000000000E-01     7443.000000000000        -25.78400000689422         255.7450000000000         5.169000000000000        0.2459841265748581        0.9692738567985851         0.000000000000000       -0.9615244635393438        0.2440174711049008        0.1261989691358298        0.1223213615382913       -0.3104294319752456E-01    0.9920049496797150        0.9817449999999999         163.9138030000000        0.4019400000000000E-01    -8.625000000000000        -28.48700000000000        0.2100000000000001E-01 00
 # routs_end= 150.00;    Maxwellian,    elliptOrb=Off                                                                                        
 # Numerical parameters: GridKl=10  GridKf=09  GridKV=05  epsV= 0.0000100  epssJon=.0010000                                                  
 # Numerical parameters: GridKl=10  GridKf=09  GridKV=05  epsV= 0.0000100  epssJon=.0010000; tessel128                                                                                                                                                                                                                                                                                                                                                                                                                                                                 
# Axis to the Sun: alpha_ecl= 339.9620000000000000 delta_Ecl= 0.0870000000000000 delta_Ax= 105.0000000000000000  repoint= 00175
 #  flag_atom: He                                                   
 #  flag_general:                                                   
 #                                                                  
 #                                                                  
  # Ly_a_Profil: zero                                               
  # flag_Itot: zero                                                 
 #  v_SW_Eqtr: speed3D.hybrid2026c_patched.dat                      
 #  n_SW_Eqtr: density3D.hybrid2026c_patched.dat                    
 #  phot_Eqtr: 0.8500000  phion_Helium_T12F107_2026c.dat            
 #  sigma_SW: p+He->H +He+, He + alpha (2 chnls);src:simuLosses.nb  
 #  flag_el:slow  swEqtrElectrons5.2026c.patched.dat                
 #  SW_lati: interpolation                                          
 #  phot_lati: analit pole-flattened after Pryor & Auchere          
 #
 #
 #
 #Spin  flux speed	speed^2 speed^3    long_ecl lat_ecl
   0.5000000000000000       0.1843301476408607E-06    31.07978937999885        970.5371513296960        30449.00296331733        161.8168461167258        74.90490347613665    
    1.500000000000000       0.1976820565756407E-06    31.61442689871604        1004.206320519711        32046.62984824651        165.5105076306542        74.84030696284196    
    2.500000000000000       0.2124758661913330E-06    32.15858138590681        1039.058546068286        33728.54356244213        169.1569157537251        74.71193308732138    
    3.500000000000000       0.2289290231362136E-06    32.71222919405255        1075.123231531801        35498.60548690808        172.7271640870423        74.52136930734069    
    4.500000000000000       0.2473081631533633E-06    33.27590101558096        1112.469582428929        37362.92606421435        176.1959128844224        74.27087685645367    
    5.500000000000000       0.2679300521164244E-06    33.84961458284366        1151.132251246300        39325.96962742180        179.5422341151392        73.96326509149827    
    6.500000000000000       0.2911634683682193E-06    34.43315837530918        1191.129296560866        41391.40417627582        182.7500198926152        73.60174983455721    
    7.500000000000000       0.3174296126289780E-06    35.02626043954199        1232.474570143975        43562.78607951118        185.8079848870008        73.18981037831047    
    8.500000000000000       0.3472654093563958E-06    35.62872319961711        1275.186488655014        45843.98987345189        188.7093441309453        72.73105707644197    
    9.500000000000000       0.3812894710185344E-06    36.24013133507479        1319.267156453883        48238.08232193094        191.4512710751696        72.22911751289614    
    10.50000000000000       0.4202571114616741E-06    36.86000012617445        1364.711723943454        50747.75542791572        194.0342398805665        71.68754522022313    
    11.50000000000000       0.4650331876495971E-06    37.48776647289131        1411.508410075978        53375.36199219464        196.4613389187274        71.10975155294882    
    12.50000000000000       0.5167665004438831E-06    38.12306903092110        1459.658445285251        56123.97753791325        198.7376182921135        70.49895896152434    
    13.50000000000000       0.5767415472919284E-06    38.76547556322832        1509.157459156783        58996.45105927198        200.8695099093465        69.85817256647302    
    14.50000000000000       0.6466498759482777E-06    39.41470437511693        1560.010584429895        61996.16988668779        202.8643383767114        69.19016641517102    
    15.50000000000000       0.7285878977137661E-06    40.07065024828652        1612.237718396093        65127.55870628864        204.7299262330777        68.49748086052145    
    16.50000000000000       0.8251392924021987E-06    40.73354904006893        1665.886967267357        68396.91044597024        206.4742876913093        67.78242789167882    
    17.50000000000000       0.9395995441753847E-06    41.40338174381934        1720.984966112410        71809.26751643205        208.1054000366333        67.04710178614680    
    18.50000000000000       0.1076163867851955E-05    42.08016401756570        1777.560365025717        75369.85226076422        209.6310399242151        66.29339301605307    
    19.50000000000000       0.1240218285823594E-05    42.76386930037620        1835.638311210642        79083.77857316520        211.0586718835399        65.52300385819439    
    20.50000000000000       0.1438765758138649E-05    43.45470329040648        1895.265094527583        82957.72198050334        212.3953774997554        64.73746459495501    
    21.50000000000000       0.1681115155766941E-05    44.15299474055533        1956.500732869220        86999.58289515875        213.6478153945346        63.93814954332215    
    22.50000000000000       0.1979531361376219E-05    44.85900534972198        2019.399518841569        91217.01382403939        214.8222038901296        63.12629241745996    
    23.50000000000000       0.2350457163419491E-05    45.57294011678219        2084.012769826578        95617.74187863416        215.9243198960641        62.30300072840362    
    24.50000000000000       0.2816424625999708E-05    46.29556269771268        2150.447758989595        100213.8361705328        216.9595090065385        61.46926906587117    
    25.50000000000000       0.3408503120788613E-05    47.02760847756467        2218.812530144255        105017.8081277424        217.9327030054703        60.62599120475800    
    26.50000000000000       0.4170296617809411E-05    47.76993344586870        2289.231323920768        110043.8398984037        218.8484419513853        59.77397104359684    
    27.50000000000000       0.5164175239440038E-05    48.52402804717815        2361.898571360445        115312.0587622665        219.7108987813569        58.91393242307620    
    28.50000000000000       0.6480831874673263E-05    49.29139046890234        2437.016741866164        120843.9390918871        220.5239049641515        58.04652789656725    
    29.50000000000000       0.8254873156036080E-05    50.07386680824163        2514.834821374602        126665.5933294118        221.2909761802915        57.17234653675708    
    30.50000000000000       0.1069051092715435E-04    50.87350583717303        2595.633644601505        132806.7089451178        222.0153373405314        56.29192086678079    
    31.50000000000000       0.1410456701629729E-04    51.69256392810623        2679.729886101100        139301.2124914906        222.6999464995625        55.40573300345802    
    32.50000000000000       0.1899968610308452E-04    52.53299827409116        2767.422592269754        146183.1043988807        223.3475173993949        54.51422009632709    
    33.50000000000000       0.2619441655718037E-04    53.39654892325856        2859.002224442966        153487.3076220480        223.9605405033967        53.61777914047929    
    34.50000000000000       0.3705427797134784E-04    54.28368139677842        2954.628928313149        161239.2326880414        224.5413024703765        52.71677123464153    
    35.50000000000000       0.5391481148122910E-04    55.19347614116892        3054.315113244834        169452.9915019331        225.0919040783655        51.81152534913257    
    36.50000000000000       0.8087283577381916E-04    56.12319750376035        3157.863332939230        178125.0255888288        225.6142766474809        50.90234166160953    
    37.50000000000000       0.1252778594730103E-03    57.06754539938223        3264.765092812218        187224.0827162957        226.1101970361554        49.98949451215172    
    38.50000000000000       0.2006359379125083E-03    58.01956542005491        3374.285588266874        196696.6864643618        226.5813012993574        49.07323502332648    
    39.50000000000000       0.3322605019640556E-03    58.97064641983809        3485.449573867272        206464.5121281694        227.0290971043506        48.15379342550134    
    40.50000000000000       0.5685285643215236E-03    59.91203067882873        3597.207865685205        216437.8066538694        227.4549750013733        47.23138112282275    
    41.50000000000000       0.1003435589101172E-02    60.83547035234031        3708.514003038779        226521.7860654141        227.8602186450213        46.30619253095979    
    42.50000000000000       0.1822374147716304E-02    61.73494564888857        3818.545912048167        236637.7208339937        228.2460140583310        45.37840671387917    
    43.50000000000000       0.3395105096461512E-02    62.60555276376208        3926.574976298289        246711.0281021757        228.6134580264163        44.44818884354011    
    44.50000000000000       0.6465847859353906E-02    63.44444422294971        4032.101894810090        256685.4864718318        228.9635657006570        43.51569150342840    
    45.50000000000000       0.1254176169396076E-01    64.24977718696960        4134.734814152247        266512.5265299405        229.2972774882581        42.58105585424839    
    46.50000000000000       0.2468874422755553E-01    65.02182772802109        4234.354988458344        276169.3311516542        229.6154652958126        41.64441267781660    
    47.50000000000000       0.4914366248196026E-01    65.76068992731997        4330.820594290780        285630.1581970365        229.9189381894746        40.70588331321499    
    48.50000000000000       0.9860138767319111E-01    66.46806033899860        4424.211736027456        294891.6033908675        230.2084475286171        39.76558049752845    
    49.50000000000000       0.1987399427493515        67.14461912513413        4514.484909503478        303938.4505753253        230.4846916244673        38.82360912197996    
    50.50000000000000       0.4013662326383354        67.79301065548665        4601.875583385065        312784.5815729795        230.7483199702282        37.88006691295926    
    51.50000000000000       0.8097114717125638        68.41350850618339        4686.306388824222        321412.3868016572        230.9999370846104        36.93504504629153    
    52.50000000000000        1.628034164785171        69.00793345751413        4767.924186273934        329828.1391003373        231.2401060065105        35.98862870209057    
    53.50000000000000        3.254498270179146        69.57662791477139        4846.678860611738        338018.0107613999        231.4693514747690        35.04089756666581    
    54.50000000000000        6.453870078284181        70.11986695312751        4922.516618115144        345968.0194631005        231.6881628234998        34.09192628718927    
    55.50000000000000        12.67304772066543        70.63894946488496        4995.537561142291        353681.1691855520        231.8969966203737        33.14178488416037    
    56.50000000000000        24.59085333046868        71.13399610379264        5065.682097121446        361143.9777253157        232.0962790724448        32.19053912612281    
    57.50000000000000        47.08105195591518        71.60607256066622        5133.031863859253        368358.5337845690        232.2864082215951        31.23825087057730    
    58.50000000000000        88.80006027880619        72.05576209461425        5197.605684638662        375320.6353043204        232.4677559494170        30.28497837458475    
    59.50000000000000        164.7521208129761        72.48349126910001        5259.405477859854        382024.6933694111        232.6406698093344        29.33077657816274    
    60.50000000000000        300.3450437846498        72.89015444574403        5318.505149930955        388473.2296928048        232.8054747019492        28.37569736323280    
    61.50000000000000        537.3175584146277        73.27584917877675        5374.865521999364        394656.5711333266        232.9624744079796        27.41978979057224    
    62.50000000000000        942.3746335690819        73.64087360700121        5428.480441740719        400568.9494925086        233.1119529917042        26.46310031695825    
    63.50000000000000        1618.963531381301        73.98584918962955        5479.396515927152        406210.8886122959        233.2541760865236        25.50567299445625    
    64.50000000000000        2722.027748562840        74.31097566147803        5527.601201348163        411576.6054693204        233.3893920730880        24.54754965359742    
    65.50000000000000        4476.275301060979        74.61673743656111        5573.127831474561        416665.7473053964        233.5178331593934        23.58877007200709    
    66.50000000000000        7195.687115484690        74.90367448149334        5616.021995471914        421479.7060354846        233.6397163713147        22.62937212988439    
    67.50000000000000        11301.69548980440        75.17215205117408        5656.305927414732        426017.4993849047        233.7552444612025        21.66939195358971    
    68.50000000000000        17337.83210737058        75.42274183068112        5694.036045252741        430282.3022207573        233.8646067414190        20.70886404847037    
    69.50000000000000        25972.66254942272        75.65596825265540        5729.264728778515        434277.1346899511        233.9679798490080        19.74782142194259    
    70.50000000000000        37987.07482632515        75.87227304792962        5762.034137671480        438004.0731262572        234.0655284470880        18.78629569774778    
    71.50000000000000        54241.49518766449        76.07221939104404        5792.407565447890        441467.8751232683        234.1574058680069        17.82431722221312    
    72.50000000000000        75614.61907509202        76.25637476357198        5820.451740215297        444673.9809248720        234.2437547028028        16.86191516326794    
    73.50000000000000        102919.8453304065        76.42534019523201        5846.240825302906        447628.9242422591        234.3247073410700        15.89911760289710    
    74.50000000000000        136797.7817748161        76.57976785611470        5869.859099180837        450340.6428640572        234.4003864649235        14.93595162365091    
    75.50000000000000        177593.9518749088        76.72030026206136        5891.391525924400        452817.3867886740        234.4709055003936        13.97244338977613    
    76.50000000000000        225246.1351909759        76.84762616096164        5910.932140811645        455068.6666899481        234.5363690292471        13.00861822348270    
    77.50000000000000        279179.7577412026        76.96244207001685        5928.578147436556        457104.5774550401        234.5968731639314        12.04450067681821    
    78.50000000000000        338243.5930958727        77.06543662803774        5944.427239708007        458935.4606268813        234.6525058880645        11.08011459958273    
    79.50000000000000        400703.7757667848        77.15728483124447        5958.576514616098        460571.7569837222        234.7033473646421        10.11548320368234    
    80.50000000000000        464289.4210751117        77.23862595503552        5971.118810667263        462023.5552300616        234.7494702139006        9.150629124289503    
    81.50000000000000        526304.6235228353        77.31005111500977        5982.140793475783        463300.3722209440        234.7909397625695        8.185574478151169    
    82.50000000000000        583816.3871097917        77.37210682620406        5991.723007512240        464411.1018854628        234.8278142660452        7.220340919361903    
    83.50000000000000        633762.4456434887        77.42487338688632        5999.874085184965        465356.3098134393        234.8601451048419        6.254949692898491    
    84.50000000000000        673680.2973909833        77.46984748300868        6006.825344116957        466162.8378595595        234.8879769565060        5.289421686194399    
    85.50000000000000        701006.7899445713        77.50621977156753        6012.447300815501        466815.1521653214        234.9113479440230        4.323777479016425    
    86.50000000000000        714214.2225405563        77.53458162836640        6016.830736315764        467323.7152673889        234.9302897615992        3.358037391892627    
    87.50000000000000        712513.3459826016        77.55508135098995        6019.997328386824        467690.8987398513        234.9448277785596        2.392221533329251    
    88.50000000000000        696002.7509615778        77.56772422229135        6021.946997265065        467916.5903364816        234.9549811219709        1.426349846044530    
    89.50000000000000        665675.8885658004        77.57251544570792        6022.680002587881        468000.7572484341        234.9607627384713       0.4604421524399720    
    90.50000000000000        623318.0414648358        77.56933282570309        6022.177061914977        467941.1168632652        234.9621794356646      -0.5054818004761454    
    91.50000000000000        571335.3812496191        77.55794843269126        6020.402895695634        467733.5710394840        234.9592319033160       -1.471402296502879    
    92.50000000000000        512544.5254274840        77.53811980811977        6017.320430208919        467373.8655864164        234.9519147144710       -2.437299605790322    
    93.50000000000000        449925.3486702241        77.50948244180600        6012.873975808817        466855.6154976027        234.9402163064960       -3.403153940305858    
    94.50000000000000        386375.4535987893        77.47158170583108        6006.994463088023        466170.9475223626        234.9241189419304       -4.368945409015578    
    95.50000000000000        324503.5576515321        77.42392810649561        5999.608096653632        465311.5167913585        234.9035986489138       -5.334653972570868    
    96.50000000000000        266466.2432097989        77.36595297453941        5990.629488232220        464267.7076680802        234.8786251408377       -6.300259397286264    
    97.50000000000000        213868.9355921046        77.29701943808709        5979.963597321417        463028.8874706161        234.8491617147427       -7.265741208189400    
    98.50000000000000        167727.0337288665        77.21646158956700        5967.512031388864        461584.1651436248        234.8151651278594       -8.231078640916165    
    99.50000000000000        128494.3897752901        77.12358653055054        5953.173381821921        459922.4307660971        234.7765854515535       -9.196250592215264    
    100.5000000000000        96134.21236420990        77.01767444661839        5936.843525705743        458032.4237936781        234.7333659017990       -10.16123556881503    
    101.5000000000000        70224.53883925859        76.89801552642912        5918.421573755980        455903.4494951126        234.6854426451536       -11.12601163439247    
    102.5000000000000        50077.95784308806        76.76389756586103        5897.807889894139        453525.1376298987        234.6327445790531       -12.09055635436890    
    103.5000000000000        34858.69972274273        76.61464970821480        5874.911386615215        450888.3504175591        234.5751930850759       -13.05484673823855    
    104.5000000000000        23684.90625570868        76.44960487740794        5849.643579964427        447984.4705646256        234.5127017536433       -14.01885917911660    
    105.5000000000000        15709.27737994150        76.26812633359435        5821.922978553715        444805.9399608008        234.4451760784287       -14.98256939016919    
    106.5000000000000        10172.83305998964        76.06964478252225        5791.680896630309        441346.9383118917        234.3725131185389       -15.94595233756180    
    107.5000000000000        6433.446357249322        75.85355745312593        5758.845937000246        437601.5845557767        234.2946011262931       -16.90898216953224    
    108.5000000000000        3974.816454696607        75.61934706317155        5723.362843824999        433566.1723669081        234.2113191381824       -17.87163214116093    
    109.5000000000000        2400.388039814864        75.36655122394163        5685.187347709652        429238.5139279925        234.1225365263086       -18.83387453437206    
    110.5000000000000        1417.757786565702        75.09468424417570        5644.274772639249        424616.6899870429        234.0281125073037       -19.79568057265755    
    111.5000000000000        819.5784736208046        74.80335710342638        5600.598703181433        419701.2198140078        233.9278956053959       -20.75702032996595    
    112.5000000000000        464.1006669069843        74.49224435523767        5554.145446977364        414494.3563369361        233.8217230659203       -21.71786263314456    
    113.5000000000000        257.6962053353661        74.16115953267173        5504.925339522804        409001.3459557813        233.7094202151683       -22.67817495726176    
    114.5000000000000        140.4574945307972        73.80958491009571        5452.901964424686        403222.4167243085        233.5907997620161       -23.63792331306720    
    115.5000000000000        75.23870576307999        73.43704121072804        5398.048456865442        397159.1960357587        233.4656610362807       -24.59707212576983    
    116.5000000000000        39.66354510166825        73.04309800581480        5340.348655099088        390814.7771319662        233.3337891581920       -25.55558410422653    
    117.5000000000000        20.60870799490717        72.62712003244181        5279.759893740357        384189.6069878788        233.1949541327602       -26.51342009953477    
    118.5000000000000        10.57115716790983        72.18852351180925        5216.253173227340        377286.1810393541        233.0489098621308       -27.47053895191244    
    119.5000000000000        5.362468524745029        71.72675244876558        5149.808917478064        370108.4582077692        232.8953930682576       -28.42689732462117    
    120.5000000000000        2.695639575339269        71.24177932419741        5080.490099356679        362669.8494337556        232.7341221173775       -29.38244952354834    
    121.5000000000000        1.345672968040849        70.73321372782681        5008.311420917340        354978.7696953939        232.5647957368196       -30.33714730090250    
    122.5000000000000       0.6685606890839489        70.20025927607638        4933.235428706786        347038.4345660331        232.3870916136244       -31.29093964129422    
    123.5000000000000       0.3313870822760416        69.64244101340195        4855.277352563667        338858.1517286085        232.2006648632680       -32.24377252826931    
    124.5000000000000       0.1643154713127337        69.05878413667642        4774.386565190219        330440.4359147076        232.0051463554623       -33.19558868912758    
    125.5000000000000       0.8172748967751094E-01    68.44806487999340        4690.487429948505        321785.8892457847        231.8001408825270       -34.14632731559369    
    126.5000000000000       0.4089588172043779E-01    67.80900688085543        4603.506769890255        312896.0080972614        231.5852251541762       -35.09592375760607    
    127.5000000000000       0.2065255410023277E-01    67.14054954541081        4513.411139435616        303777.0032140140        231.3599456007153       -36.04430918714566    
    128.5000000000000       0.1056181533967313E-01    66.44226535209128        4420.261616607182        294445.1321613814        231.1238159645800       -36.99141022863384    
    129.5000000000000       0.5488710069318495E-02    65.71357805402268        4324.103818526760        284915.0548106244        230.8763146578393       -37.93714855198281    
    130.5000000000000       0.2908531693011856E-02    64.95516211321058        4225.158773356903        275219.3682089858        230.6168818607127       -38.88144042387121    
    131.5000000000000       0.1577193707281749E-02    64.16923266101948        4123.843847753289        265408.8742672288        230.3449163332737       -39.82419621223303    
    132.5000000000000       0.8779852927260697E-03    63.35849521236089        4020.620051269922        255536.1183821703        230.0597719093169       -40.76531983828099    
    133.5000000000000       0.5030632011236996E-03    62.52672821014895        3916.066117906358        245662.6381393622        229.7607536378075       -41.70470816962026    
    134.5000000000000       0.2972981827734733E-03    61.67977689769447        3810.998127556834        235869.8872250159        229.4471135333946       -42.64225034713002    
    135.5000000000000       0.1814499667446551E-03    60.82456903766985        3706.328891575295        226244.4917504913        229.1180458931162       -43.57782703728551    
    136.5000000000000       0.1144162634159707E-03    59.96828664443154        3602.960530153437        216868.0386994337        228.7726821316407       -44.51130960043704    
    137.5000000000000       0.7450011211585489E-04    59.11718900326616        3501.640320499582        207804.0411561518        228.4100850821616       -45.44255916423536    
    138.5000000000000       0.5002757736751705E-04    58.27641964492958        3402.947907298300        199097.9573516435        228.0292427043859       -46.37142558986967    
    139.5000000000000       0.3458247629613597E-04    57.44974916114614        3307.274741409914        190776.4149253332        227.6290611349713       -47.29774631703351    
    140.5000000000000       0.2455482682645620E-04    56.63901466104625        3214.767637119171        182843.1700792953        227.2083570093064       -48.22134507152332    
    141.5000000000000       0.1786557926513548E-04    55.84449890758864        3125.387373300855        175285.5777890693        226.7658489768177       -49.14203041706858    
    142.5000000000000       0.1328832386263861E-04    55.06550029282002        3038.983974428126        168081.9441150306        226.3001483251804       -50.05959413034847    
    143.5000000000000       0.1008158972960224E-04    54.30065945604321        2955.339303468226        161205.6076100228        225.8097486221822       -50.97380937512459    
    144.5000000000000       0.7785941361921820E-05    53.54834596250567        2874.213781006333        154629.1146854978        225.2930142779311       -51.88442864796705    
    145.5000000000000       0.6109782421171426E-05    52.80679689253213        2795.363533013899        148325.7485427771        224.7481679251966       -52.79118146412316    
    146.5000000000000       0.4863900635402382E-05    52.07446258331069        2718.577566738027        142272.4718128102        224.1732765127551       -53.69377174762916    
    147.5000000000000       0.3922704839683856E-05    51.34988101894251        2643.663226615802        136448.6199064645        223.5662360068569       -54.59187488475839    
    148.5000000000000       0.3201154718108639E-05    50.63182681829378        2570.460235722719        130836.8292813920        222.9247546009925       -55.48513439430864    
    149.5000000000000       0.2640586814733382E-05    49.91939697667375        2498.848724083293        125423.5628333100        222.2463343462855       -56.37315816205680    
    150.5000000000000       0.2199767024388221E-05    49.21188214901004        2428.733650638057        120197.6864490588        221.5282511372133       -57.25551417999369    
    151.5000000000000       0.1849228066182869E-05    48.50869578862658        2360.036008875071        115149.6506520577        220.7675330242152       -58.13172572380039    
    152.5000000000000       0.1567631523184526E-05    47.80941213474684        2292.696129746676        110271.6856908406        219.9609368818412       -59.00126589464539    
    153.5000000000000       0.1339316702209191E-05    47.11371546339388        2226.667134490655        105557.1848387885        219.1049235461236       -59.86355144412239    
    154.5000000000000       0.1152620583116640E-05    46.42137480572890        2161.911939213367        101000.4372232342        218.1956316580051       -60.71793579458059    
    155.5000000000000       0.9987900552076876E-06    45.73235424057367        2098.412891537537        96597.25217516845        217.2288506242813       -61.56370116210140    
    156.5000000000000       0.8711064720265476E-06    45.04664791917696        2036.155250099149        92343.71515160035        216.1999933507990       -62.40004968727008    
    157.5000000000000       0.7644040714265366E-06    44.36423478036548        1975.121716576360        88235.71305657808        215.1040697363635       -63.22609348160901    
    158.5000000000000       0.6746720473220527E-06    43.68517536880386        1915.301737379388        84269.61382795988        213.9356623667576       -64.04084350785234    
    159.5000000000000       0.5987435381142136E-06    43.00968375758976        1856.698185603320        80442.73686994793        212.6889064483435       -64.84319723404151    
    160.5000000000000       0.5341642891704512E-06    42.33828583957861        1799.340464701485        76754.16936467397        211.3574768057763       -65.63192504005066    
    161.5000000000000       0.4789494182543958E-06    41.67157572153910        1743.262066156308        73203.21956554979        209.9345857752043       -66.40565541777856    
    162.5000000000000       0.4315164339353607E-06    41.01028352510109        1688.505412983293        69789.67127857638        208.4129970842251       -67.16285910218707    
    163.5000000000000       0.3905604816120544E-06    40.35505874453049        1635.103305897051        66512.59985657908        206.7850623365676       -67.90183241128040    
    164.5000000000000       0.3550309564308205E-06    39.70639061282086        1583.072610242307        63370.00672206694        205.0427884889733       -68.62068027277951    
    165.5000000000000       0.3240579887235178E-06    39.06477311174722        1532.428735641864        60359.78015358755        203.1779466265718       -69.31729968857249    
    166.5000000000000       0.2969275253894526E-06    38.43061713929823        1483.178244933181        57479.23632763585        201.1822342021691       -69.98936474872140    
    167.5000000000000       0.2730590141331008E-06    37.80414124222116        1435.310713325487        54724.67258433361        199.0475043194297       -70.63431476285760    
    168.5000000000000       0.2519324615149867E-06    37.18475567868206        1388.749867456756        52088.44888389004        196.7660759812184       -71.24934762277577    
    169.5000000000000       0.2331499918426547E-06    36.57257182876327        1343.476937590798        49566.58122035950        194.3311375648580       -71.83142111557603    
    170.5000000000000       0.2163924624631247E-06    35.96784350050526        1299.484369687791        47155.85096156292        191.7372509004949       -72.37726550120779    
    171.5000000000000       0.2013930730801079E-06    35.37082554392529        1256.763672766965        44853.02536729215        188.9809538235565       -72.88341112426841    
    172.5000000000000       0.1879133878622399E-06    34.78184097357440        1215.310269554303        42655.12549186608        186.0614437395795       -73.34623495141190    
    173.5000000000000       0.1757667805065533E-06    34.20107957101850        1175.109148812320        40558.66015011551        182.9813032201191       -73.76202945349277    
    174.5000000000000       0.1647798647592784E-06    33.62878550835202        1136.148721936180        38560.39567741701        179.7472023902323       -74.12709590213782    
    175.5000000000000       0.1548165702720688E-06    33.06513573981608        1098.412214477969        36656.89727414073        176.3704861406131       -74.43786170475825    
    176.5000000000000       0.1457512137130966E-06    32.51033000814981        1061.884030620473        34844.86837805560        172.8675345746608       -74.69101784494914    
    177.5000000000000       0.1374730096793047E-06    31.96457812361278        1026.548648368715        33121.08091901451        169.2597825480995       -74.88366817281759    
    178.5000000000000       0.1299021702162753E-06    31.42792259022633        992.3795272863813        31481.85669477405        165.5733080173864       -75.01347800455905    
    179.5000000000000       0.1229532132885847E-06    30.90053721712826        959.3588729051729        29924.04708159664        161.8379530489083       -75.07880642617805    
    180.5000000000000       0.1165571033868783E-06    30.38253173528108        927.4642736208084        28444.34774272997        158.0860194102880       -75.07880609823255    
    181.5000000000000       0.1106568313662061E-06    29.87398181931578        896.6717543265094        27039.49715974835        154.3506647725329       -75.01347702501316    
    182.5000000000000       0.1051992429580646E-06    29.37493406287732        866.9554560539398        25706.22680480384        150.6641908863014       -74.88366655426684    
    183.5000000000000       0.1001395603863507E-06    28.88549655799677        838.2935913788781        24441.55515951855        147.0564397861737       -74.69101560750610    
    184.5000000000000       0.9543771007392476E-07    28.40563469886330        810.6562999915141        23242.23828148713        143.5534893857216       -74.43785887486405    
    185.5000000000000       0.9106171436603516E-07    27.93543265907246        784.0209710371802        22105.44433236377        140.1767744913197       -74.12709251112740    
    186.5000000000000       0.8697673147092635E-07    27.47489030932307        758.3606058297668        21028.24706795796        136.9426751551699       -73.76202553607867    
    187.5000000000000       0.8315651470220132E-07    27.02400432560528        733.6487069316455        20007.84396926221        133.8625362188523       -73.34623054423061    
    188.5000000000000       0.7958028559944458E-07    26.58273673944429        709.8572820992322        19041.45878754084        130.9430277632528       -72.88340626459396    
    189.5000000000000       0.7622243012630705E-07    26.15107921658272        686.9606854519127        18126.50873678635        128.1867323223889       -72.37726022589368    
    190.5000000000000       0.7306591834441014E-07    25.72899570231108        664.9322592953714        17260.45494345218        125.5928472715447       -71.83141546024464    
    191.5000000000000       0.7009704361290146E-07    25.31641020911901        643.7443049223847        16440.82038499811        123.1579104230390       -71.24934162124502    
    192.5000000000000       0.6729420102168655E-07    24.91329699364711        623.3719580678704        15665.30694420183        120.8764835903970       -70.63430844677600    
    193.5000000000000       0.6464914766176061E-07    24.51949439860298        603.7846320766510        14931.49936142731        118.7417551398776       -69.98935814737332    
    194.5000000000000       0.6215171281179614E-07    24.13508638596794        584.9643771717033        14237.52370805063        116.7460440678213       -69.31729282881447    
    195.5000000000000       0.5978391449299982E-07    23.75978594224494        566.8760438776886        13580.96003297669        114.8812034749259       -68.62067317907204    
    196.5000000000000       0.5754199422141903E-07    23.39363338489306        549.5010388839297        12960.06411357332        113.1389308137101       -67.90182510578465    
    197.5000000000000       0.5541712910268688E-07    23.03648127821302        532.8123714253653        12372.85614676498        111.5109971709541       -67.16285160490247    
    198.5000000000000       0.5339891688129457E-07    22.68822064446108        516.7859828540360        11817.54251644626        109.9894095063858       -66.40564774670280    
    199.5000000000000       0.5148104530437436E-07    22.34873180823869        501.3978346600701        11292.38786718054        108.5665194275844       -65.63191721134910    
    200.5000000000000       0.4965795012697123E-07    22.01791593939234        486.6257313657580        10795.78870844229        107.2350906665030       -64.84318926221677    
    201.5000000000000       0.4792285400192515E-07    21.69561437007404        472.4455264819394        10326.13585026602        105.9883355638852       -64.04083540590767    
    202.5000000000000       0.4627110315508948E-07    21.38173266212922        458.8367133631576        9882.000986985926        104.8199289490307       -63.22608526120229    
    203.5000000000000       0.4469696923831951E-07    21.07612304445652        445.7771242346338        9461.954150406889        103.7240060328632       -62.40004135885624    
    204.5000000000000       0.4319688457490479E-07    20.77864511282685        433.2457056939792        9064.656362658214        102.6951494055560       -61.56369273506233    
    205.5000000000000       0.4176598436329057E-07    20.48915918693996        421.2221433448790        8688.841854050383        101.7283689700785       -60.71792727734252    
    206.5000000000000       0.4040060082073329E-07    20.20752116680296        409.6866343388141        8333.308120077583        100.8190776361845       -59.86354284426145    
    207.5000000000000       0.3909700535339650E-07    19.93359125957280        398.6202678761570        7996.926098958416        99.96306481430480       -59.00125721898162    
    208.5000000000000       0.3785228593020977E-07    19.66721210168840        388.0040892484412        7678.607773576598        99.15646914874449       -58.13171697848158    
    209.5000000000000       0.3666343083752478E-07    19.40825811753591        377.8210499090158        7377.362034744981        98.39575147863059       -57.25550537056956    
    210.5000000000000       0.3552770696964291E-07    19.15657748028330        368.0537154190275        7092.224717380735        97.67766868135188       -56.37314929354479    
    211.5000000000000       0.3444237868613712E-07    18.91202430044076        358.6854910913818        6822.291662303817        96.99924880994465       -55.48512547125197    
    212.5000000000000       0.3340473637375245E-07    18.67445996793171        349.7006237666825        6566.715661472497        96.35776776125780       -54.59186591127749    
    213.5000000000000       0.3241298695616957E-07    18.44372880457767        341.0833269188600        6324.681271551643        95.75072758857753       -53.69376272746705    
    214.5000000000000       0.3146478853058494E-07    18.21970003723147        332.8192614869434        6095.442349895286        95.17583648736471       -52.79117240068548    
    215.5000000000000       0.3055798591342659E-07    18.00222627406936        324.8940243378015        5878.279258286675        94.63099042566414       -51.88441954435759    
    216.5000000000000       0.2969075808836106E-07    17.79117227051262        317.2941429024273        5672.523330808397        94.11425635388595       -50.97380023417663    
    217.5000000000000       0.2886126708377717E-07    17.58638998858067        310.0061859405465        5477.531750142743        93.62385690628741       -50.05958495465246    
    218.5000000000000       0.2806785921081498E-07    17.38774841059364        303.0177889804986        5292.712882634341        93.15815649433165       -49.14202120899685    
    219.5000000000000       0.2730894436170778E-07    17.19511575305440        296.3170154573717        5117.507915806352        92.71564868704094       -48.22133583325183    
    220.5000000000000       0.2658304078165960E-07    17.00835531584114        289.8921699430505        4951.383859012927        92.29494477321623       -47.29773705056124    
    221.5000000000000       0.2588871466869885E-07    16.82733882212233        283.7322665444725        4793.844981761729        91.89476340331106       -46.37141629703592    
    222.5000000000000       0.2522457368055013E-07    16.65194167809648        277.8268340409792        4644.426062440979        91.51392121365174       -45.44254984673506    
    223.5000000000000       0.2458937829937737E-07    16.48203521556307        272.1656278057613        4502.683625178232        91.15132434175280       -44.51130025983446    
    224.5000000000000       0.2398189805827197E-07    16.31750368743327        266.7391981693210        4368.209473036725        90.80596074810515       -43.57781767502647    
    225.5000000000000       0.2340096382381688E-07    16.15822483275346        261.5382074247128        4240.612031802866        90.47689326661948       -42.64224096455283    
    226.5000000000000       0.2284546235182706E-07    16.00408336937242        256.5538703561543        4119.526499132047        90.16325331262199       -41.70469876796555    
    227.5000000000000       0.2231433168098211E-07    15.85496522787776        251.7777456678420        4004.608677500873        89.86423518375388       -40.76531041870048    
    228.5000000000000       0.2180656980713776E-07    15.71075941736245        247.2017812108480        3895.535144170309        89.57909089521819       -39.82418677579738    
    229.5000000000000       0.2132120143139600E-07    15.57135722948349        242.8182742460640        3792.001464190189        89.30712549648949       -38.88143097157722    
    230.5000000000000       0.2085733127551696E-07    15.43665532850332        238.6199534818847        3693.723303037365        89.04769282183108       -37.93713908475971    
    231.5000000000000       0.2041411196641398E-07    15.30655165410005        234.5998357892701        3600.432279387654        88.80019163174848       -36.99140074734913    
    232.5000000000000       0.1999074199478373E-07    15.18094709238470        230.7512638044632        3511.876116375644        88.56406210685957       -36.04429969261042    
    233.5000000000000       0.1958643311876070E-07    15.05974588011185        227.0679068624349        3427.818044149675        88.33878265960156       -35.09591425057936    
    234.5000000000000       0.1920043848639363E-07    14.94285488857083        223.5437258926330        3348.035354475361        88.12386703275018       -34.14631779678717    
    235.5000000000000       0.1883206497617876E-07    14.83018454745594        220.1729898644009        3272.319216690136        87.91886165692603       -33.19557915920932    
    236.5000000000000       0.1848066306752779E-07    14.72164864639808        216.9502587963856        3200.473763536335        87.72334324213516       -32.24376298786712    
    237.5000000000000       0.1814562119033243E-07    14.61716322897342        213.8703407487260        3132.314647623225        87.53691658096827       -31.29093009099907    
    238.5000000000000       0.1782633785515149E-07    14.51664838864940        210.9283336548140        3067.669485808322        87.35921254338905       -30.33713774127146    
    239.5000000000000       0.1752225416591454E-07    14.42002699766222        208.1195783096884        3006.376393354474        87.18988624510781       -29.38243995510704    
    240.5000000000000       0.1723283523081049E-07    14.32722501687328        205.4396571491602        2948.283536867707        87.02861537338336       -28.42688774786643    
    241.5000000000000       0.1695757275037892E-07    14.23817059133194        202.8843612270751        2893.248086850585        86.87509865574820       -27.47052936731455    
    242.5000000000000       0.1669599167578042E-07    14.15279526448140        200.4497160365516        2841.136413070118        86.72905445862943       -26.51341050753929    
    243.5000000000000       0.1644763512869815E-07    14.07103387118782        198.1319708721309        2791.823543192581        86.59021950415884       -25.55557450525642    
    244.5000000000000       0.1621204477052395E-07    13.99282261749687        195.9275374636414        2745.191569374493        86.45834769464827       -24.59706252022715    
    245.5000000000000       0.1598883800181476E-07    13.91810064680904        193.8330271579476        2701.130160735053        86.33320903526418       -23.63791370133452    
    246.5000000000000       0.1577765236224432E-07    13.84681004408361        191.8452450091857        2659.536196669078        86.21458864638332       -22.67816533970383    
    247.5000000000000       0.1557812696984730E-07    13.77889605738754        189.9611887856249        2620.313488565916        86.10228585796062       -21.71785301010967    
    248.5000000000000       0.1538990845197900E-07    13.71430647974096        188.1780265554916        2583.372107575873        85.99611337900264       -20.75701070178703    
    249.5000000000000       0.1521264706802795E-07    13.65299203483781        186.4931020663996        2548.628298376263        85.89589653592324       -19.79567093965348    
    250.5000000000000       0.1504603750665408E-07    13.59490523115777        184.9038987825707        2516.003564555313        85.80147257417384       -18.83386489684875    
    251.5000000000000       0.1488981737214036E-07    13.54000105593810        183.4080536017056        2485.424768939593        85.71269001809259       -17.87162249941223    
    252.5000000000000       0.1474374009774958E-07    13.48823701713252        182.0033533691919        2456.823900578660        85.62940808441581       -16.90897252384098    
    253.5000000000000       0.1460756903599279E-07    13.43957306607045        180.6877295177346        2430.137839054596        85.55149614534454       -15.94594268820067    
    254.5000000000000       0.1448106745731156E-07    13.39397181877190        179.4592598659580        2405.308250658734        85.47883323746424       -14.98255973740149    
    255.5000000000000       0.1436403395511801E-07    13.35139824080858        178.3161564467536        2382.281218327892        85.41130761318458       -14.01884952319709    
    256.5000000000000       0.1425626366724447E-07    13.31182018422670        177.2567765674410        2361.007351747204        85.34881633169834       -13.05483707941420    
    257.5000000000000       0.1415755200978790E-07    13.27520731484487        176.2795913298178        2341.441058959314        85.29126488676199       -12.09054669287945    
    258.5000000000000       0.1406774322288574E-07    13.24153139126271        175.3831901286195        2323.540540549368        85.23856686887616       -11.12600197047123    
    259.5000000000000       0.1398670294088138E-07    13.21076661596531        174.5662876655148        2307.267850552557        85.19064365969579       -10.16122590268947    
    260.5000000000000       0.1391431737504404E-07    13.18288927520127        173.8277120650448        2292.588584165191        85.14742415673096       -9.196240924107505    
    261.5000000000000       0.1385046746998027E-07    13.15787814264481        173.1664134722550        2279.471980645511        85.10884452661089       -8.231068971043653    
    262.5000000000000       0.1379502440593989E-07    13.13571412934511        172.5814529643509        2267.890644177533        85.07484798537918       -7.265731536765449    
    263.5000000000000       0.1373937288136927E-07    13.11646874091129        172.0743217528747        2257.866133386431        85.04538460446936       -6.300249724520462    
    264.5000000000000       0.1370900445535357E-07    13.09986158795872        171.6373293044110        2249.240372559877        85.02041114117817       -5.334644298669705    
    265.5000000000000       0.1367829820787258E-07    13.08614565949603        171.2768308962515        2242.132776099389        84.99989089261125       -4.368935734182929    
    266.5000000000000       0.1365573276744133E-07    13.07522216054634        170.9900005390388        2236.483057676676        84.98379357222356       -3.403144264743311    
    267.5000000000000       0.1364128018200098E-07    13.06708277832859        170.7764348177235        2232.279589930144        84.97209520821772       -2.437289929697822    
    268.5000000000000       0.1363494535957811E-07    13.06172134767213        170.6358343297076        2229.513747858488        84.96477806319517       -1.471392620079152    
    269.5000000000000       0.1363670436494467E-07    13.05913375543985        170.5680007759984        2228.179837717365        84.96183057458411      -0.5054721239189980    
    270.5000000000000       0.1364657487883485E-07    13.05931798426243        170.5728376928464        2228.275099315222        84.96324731549105       0.4604518289330185    
    271.5000000000000       0.1366458572513068E-07    13.06227426716141        170.6503543310020        2229.799776971831        84.96902897574269        1.426359522275830    
    272.5000000000000       0.1369075094544984E-07    13.06800512920671        170.8006667480178        2232.757141120988        84.97918236300418        2.392231209100741    
    273.5000000000000       0.1372512731646802E-07    13.07651496485668        171.0239869226577        2237.153280261911        84.99372042397530        3.358047067005188    
    274.5000000000000       0.1376777901741833E-07    13.08781027242858        171.3206292537251        2242.997239885804        85.01266228578503        4.323787153269468    
    275.5000000000000       0.1381876528714116E-07    13.10189981638407        171.6910154222004        2250.301136320875        85.03603331782114        5.289431359385556    
    276.5000000000000       0.1387817338691882E-07    13.11879420751995        172.1356641330353        2259.079978175741        85.06386521435385        6.254959364822964    
    277.5000000000000       0.1394611594728944E-07    13.13850654225271        172.6552087688719        2269.352041790558        85.09619609843375        7.220350589812017    
    278.5000000000000       0.1401786680444570E-07    13.16107018457377        173.2508749392401        2281.148500653587        85.13307064767356        8.185584146916028    
    279.5000000000000       0.1410808729488351E-07    13.18644825859464        173.9220580426636        2294.464818511647        85.17454024265543        9.150638791154305    
    280.5000000000000       0.1420244540208997E-07    13.21471459634927        174.6711703450535        2309.358133702599        85.22066313884552        10.11549286842788    
    281.5000000000000       0.1430593471171115E-07    13.24587334171924        175.4988117370332        2325.850331275405        85.27150466304522        11.08012426198500    
    282.5000000000000       0.1441878073040931E-07    13.27994849552674        176.4061699415664        2343.976311402656        85.32713743556543        12.04451033664767    
    283.5000000000000       0.1454118751481346E-07    13.31696660215998        177.3945585933084        2363.774773467446        85.38764161947843        13.00862788050365    
    284.5000000000000       0.1467340934815721E-07    13.35695606508516        178.4654014094296        2385.287977479257        85.45310519848229        13.97245304374631    
    285.5000000000000       0.1481570190846503E-07    13.39994783969843        179.6202534449767        2408.562258304992        85.52362428510749        14.93596127432061    
    286.5000000000000       0.1496834400689794E-07    13.44597519872687        180.8607974365469        2433.648041633221        85.59930346120733        15.89912725000850    
    287.5000000000000       0.1513163431191927E-07    13.49507352035781        182.1888412658867        2460.599897552708        85.68025615290277        16.86192480655452    
    288.5000000000000       0.1530586905142275E-07    13.54728079609190        183.6063347952152        2489.476989975477        85.76660504240391        17.82432686139868    
    289.5000000000000       0.1549139194792809E-07    13.60263702545655        185.1153572660905        2520.342947508674        85.85848251940445        18.78630533254567    
    290.5000000000000       0.1568855863834747E-07    13.66118506870245        186.7181438680100        2553.266529836316        85.95603117504741        19.74783105205493    
    291.5000000000000       0.1589773076961366E-07    13.72297075231582        188.4170932215736        2588.321935996847        86.05940434179118        20.70887367358691    
    292.5000000000000       0.1611932336388233E-07    13.78804190890880        190.2147460412406        2625.588534303855        86.16876668287088        21.66940157338685    
    293.5000000000000       0.1635375702129181E-07    13.85644906673088        192.1138080064769        2665.151489127126        86.28429483545375        22.62938174402422    
    294.5000000000000       0.1660149988028636E-07    13.92824514977457        194.1171464819236        2707.101878023668        86.40617811203255        23.58877968013601    
    295.5000000000000       0.1686300898871833E-07    14.00348653632186        196.2278260728176        2751.537648341930        86.53461926509671        24.54755925534492    
    296.5000000000000       0.1713879999126486E-07    14.08223116314728        198.4490612222575        2798.562838069624        86.66983532066847        25.50568258943366    
    297.5000000000000       0.1742942123327884E-07    14.16454104387803        200.7842934428009        2848.289447562776        86.81205848690077        26.46310990475706    
    298.5000000000000       0.1773546907430757E-07    14.25047995044653        203.2371317802911        2900.836419283130        86.96153714461101        27.41979937076250    
    299.5000000000000       0.1805754404684976E-07    14.34011541440681        205.8114169990149        2956.331290191888        87.11853692737843        28.37570693536155    
    300.5000000000000       0.1839636194259379E-07    14.43351615121798        208.5111556542344        3014.909082685339        87.28334189967245        29.33078614175187    
    301.5000000000000       0.1875255593852745E-07    14.53075508018305        211.3406137548801        3076.714625298204        87.45625584241569        30.28498792912896    
    302.5000000000000       0.1912689516400421E-07    14.63190737111828        214.3042693178970        3141.901885480328        87.63760365642905        31.23826041554200    
    303.5000000000000       0.1952017709599453E-07    14.73705181236254        217.4068612029345        3210.635418578076        87.82773289537151        32.19054866094145    
    304.5000000000000       0.1993322346434041E-07    14.84627094984544        220.6534032743367        3283.091097962189        88.02701544108817        33.14179440823173    
    305.5000000000000       0.2036693376475780E-07    14.95964990921376        224.0491600175071        3359.456028189061        88.23584933573269        34.09193579987470    
    306.5000000000000       0.2082229168580568E-07    15.07727816957286        227.5997081635940        3439.930349554628        88.45466078665206        35.04090706728570    
    307.5000000000000       0.2130029137873739E-07    15.19924701035585        231.3108737651860        3524.726395937342        88.68390636183288        35.98863818992093    
    308.5000000000000       0.2180198653157995E-07    15.32564984890180        235.1887504227555        3614.069566747884        88.92407539573013        36.93505452056009    
    309.5000000000000       0.2232850787830056E-07    15.45658457294550        239.2397832680763        3708.200849707042        89.17569262755315        37.88007637284099    
    310.5000000000000       0.2288107993785773E-07    15.59215156237353        243.4707219374948        3807.376396060615        89.43932109659747        38.82361856659233    
    311.5000000000000       0.2346101913691611E-07    15.73245503327119        247.8886756282227        3911.869472622564        89.71556532200620        39.76558992592627    
    312.5000000000000       0.2406967434999045E-07    15.87760086231289        252.5010569068881        4021.969812415293        90.00507479745171        40.70589272438446    
    313.5000000000000       0.2470856689191581E-07    16.02770006978047        257.3157089534916        4137.987472259118        90.30854783467066        41.64442207066875    
    314.5000000000000       0.2537919823402609E-07    16.18286383064855        262.3407610744641        4260.250197622148        90.62673579359000        42.58106522761214    
    315.5000000000000       0.2608319811292371E-07    16.34320468523471        267.5846786086378        4389.105397389633        90.96044774096694        43.51570085604237    
    316.5000000000000       0.2682226406884951E-07    16.50884098026976        273.0564260408346        4524.925121706051        91.31055558405133        44.44819817404372    
    317.5000000000000       0.2759823590170751E-07    16.67989199445518        278.7653244537187        4668.103581476274        91.67799973076468        45.37841602080299    
    318.5000000000000       0.2841302614203921E-07    16.85648428732249        284.7212872148753        4819.064294998526        92.06379533326891        46.30620181271424    
    319.5000000000000       0.2926882294831235E-07    17.03874678087789        290.9346664484870        4978.257204162631        92.46903917753271        47.23139037768582    
    320.5000000000000       0.3016783884471981E-07    17.22680605320781        297.4161128580228        5146.156371147816        92.89491728752689        48.15380265160491    
    321.5000000000000       0.3111238847368136E-07    17.42079549698211        304.1769046431273        5323.269607623412        93.34271331887045        49.07324421864072    
    322.5000000000000       0.3210505942241131E-07    17.62085327124915        311.2289146339263        5510.139566904686        93.81381782292178        49.98950367446768    
    323.5000000000000       0.3314862074848477E-07    17.82712156361203        318.5845953949552        5707.344523991828        94.30973846817280        50.90235078851985    
    324.5000000000000       0.3424601980341796E-07    18.03974048586350        326.2567929909531        5915.495323149246        94.83211131093807        51.81153443800933    
    325.5000000000000       0.3540041991442343E-07    18.25885722039455        334.2590730660316        6135.245191359649        95.38271321112717        52.71678028261159    
    326.5000000000000       0.3661522062384725E-07    18.48461551674939        342.6053948469876        6367.283497908377        95.96347549047742        53.61778814439659    
    327.5000000000000       0.3789407723438860E-07    18.71715967146334        351.3102712165768        6612.341946592334        96.57649892879748        54.51422905274097    
    328.5000000000000       0.3924122179468420E-07    18.95663732756423        360.3888466181422        6871.197315251728        97.22407018684544        55.40574190857789    
    329.5000000000000       0.4066082913786447E-07    19.20319658406675        369.8568898447248        7144.675639843667        97.90867973012593        56.29192971643603    
    330.5000000000000       0.4215770343862422E-07    19.45698123185259        379.7305317508772        7433.643932572052        98.63304130298854        57.17235532635166    
    331.5000000000000       0.4373659057471261E-07    19.71813809718207        390.0267028459596        7739.029001376790        99.40011296268264        58.04653662102847    
    332.5000000000000       0.4540289572724594E-07    19.98681285284154        400.7628532673129        8061.807825589789        100.2131196227538        58.91394107679697    
    333.5000000000000       0.4716279306009555E-07    20.26315722664319        411.9573536585864        8403.024546686673        101.0755769667608        59.77397962037019    
    334.5000000000000       0.4902267651667319E-07    20.54731931603631        423.6291173410721        8763.781581226474        101.9913164667619        60.62599969770339    
    335.5000000000000       0.5098967503700146E-07    20.83944740002087        435.7977508030899        9145.246438939108        102.9645110633806        61.46927746735176    
    336.5000000000000       0.5307111811612307E-07    21.13969579483480        448.4838397538129        9548.664007972551        103.9997008189463        62.30300902993311    
    337.5000000000000       0.5527539067492971E-07    21.44820741711225        461.7082027610203        9975.335095131335        105.1018175214171        63.12630060959881    
    338.5000000000000       0.5761165045571953E-07    21.76513061013318        475.4926404739677        10426.64400796086        106.2762067692366        63.93815761556225    
    339.5000000000000       0.6009107240807333E-07    22.09058853479630        489.8586012294942        10904.01749160788        107.5286454763149        64.73747253559242    
    340.5000000000000       0.6272328388048059E-07    22.42472835324309        504.8294498977654        11409.00606714793        108.8653519693430        65.52301165419047    
    341.5000000000000       0.6552191472020049E-07    22.76766866791778        520.4280100969791        11943.20102553054        110.2929848743501        66.29340065288520    
    342.5000000000000       0.6850075270612882E-07    23.11955118774748        536.6789472866608        12508.31986914482        111.8186257805647        67.04710924765030    
    343.5000000000000       0.7167393628661191E-07    23.48049044739592        553.6065561520674        13106.13648413288        113.4497392210123        67.78243515988460    
    344.5000000000000       0.7506055087587951E-07    23.85057346560189        571.2345014272977        13738.46724464989        115.1941018535040        68.49748791549519    
    345.5000000000000       0.7867639046026804E-07    24.22992652375170        589.5892498307670        14407.30571952462        117.0596909645544        69.19017323486297    
    346.5000000000000       0.8254488378068249E-07    24.61867245504466        608.6978889545552        15114.74333298565        119.0545207663712        69.85817912659211    
    347.5000000000000       0.8668848420748711E-07    25.01689478775002        628.5865029275315        15862.91807692947        121.1864137945098        70.49896523545422    
    348.5000000000000       0.9113573431103170E-07    25.42468002432801        649.2819848934450        16654.07519999233        123.4626946484443        71.10975751172940    
    349.5000000000000       0.9591324519696279E-07    25.84210654759156        670.8117528462313        17490.57082032025        125.8897952255621        71.68755083262674    
    350.5000000000000       0.1010574060526333E-06    26.26923062652474        693.2026248207432        18374.81673062834        128.4727656117191        72.22912274563276    
    351.5000000000000       0.1066071593932354E-06    26.70610931930500        716.4823084230227        19309.35378797408        131.2146941556825        72.73106189452982    
    352.5000000000000       0.1126019703659529E-06    27.15276540580289        740.6775240191987        20296.78149378772        134.1160549887301        73.18981474564681    
    353.5000000000000       0.1190915034513921E-06    27.60927569821313        765.8183905057207        21339.92409640646        137.1740215251093        73.60175371471561    
    354.5000000000000       0.1261360756006134E-06    28.07560380387084        791.9295802340262        22441.48303458646        140.3818087548233        73.96326844875949    
    355.5000000000000       0.1337969381832116E-06    28.55181123143545        819.0417709638983        23604.50781167353        143.7281313008660        74.27087965704885    
    356.5000000000000       0.1421466878723705E-06    29.03785618608973        847.1804900579693        24831.93546006528        147.1968812277385        74.52137152084781    
    357.5000000000000       0.1512677533236615E-06    29.53373088035392        876.3736152032458        26126.90150094199        150.7671304577474        74.71193468811381    
    358.5000000000000       0.1612626522142188E-06    30.03934415091862        906.6445013604715        27492.44163020998        154.4135392040250        74.84030793145310    
    359.5000000000000       0.1722385001360423E-06    30.55474220548589        938.0252751807443        28932.09649965505        158.1072010375724        74.90490380038713    
