 # author: MA Kubiak / Space Research Center PAS Warsaw Poland, contact: mkubiak@cbk.waw.pl                          
 # code version Program.keplerV_ellipt_V2      , Dates: calkV:21/04/2026  ; part_pr:21/04/2026                       
 # czas no T v_mas, kier.naplywu(dl, szer) macierz obrotu (ecl to helio), r, theta, phi(ecl,spher), V_detector(ecl,cart), IBEX_energy_channel
 #     2026.227240000000        0.1419110000000000E-01     7443.000000000000        -25.78400000689422         255.7450000000000         5.169000000000000        0.2459841265748581        0.9692738567985851         0.000000000000000       -0.9615244635393438        0.2440174711049008        0.1261989691358298        0.1223213615382913       -0.3104294319752456E-01    0.9920049496797150        0.9867540000000000         183.8896180000000        0.4385700000000000E-01     1.546000000000000        -29.60699999999999       -0.8999999999999996E-02 00
 # routs_end= 150.00;    Maxwellian,    elliptOrb=Off                                                                                        
 # Numerical parameters: GridKl=10  GridKf=09  GridKV=05  epsV= 0.0000100  epssJon=.0010000                                                  
 # Numerical parameters: GridKl=10  GridKf=09  GridKV=05  epsV= 0.0000100  epssJon=.0010000; tessel128                                                                                                                                                                                                                                                                                                                                                                                                                                                                 
# Axis to the Sun: alpha_ecl= 359.8860000000000000 delta_Ecl= 0.0720000000000000 delta_Ax= 105.0000000000000000  repoint= 00195
 #  flag_atom: He                                                   
 #  flag_general:                                                   
 #                                                                  
 #                                                                  
  # Ly_a_Profil: zero                                               
  # flag_Itot: zero                                                 
 #  v_SW_Eqtr: speed3D.hybrid2026c_patched.dat                      
 #  n_SW_Eqtr: density3D.hybrid2026c_patched.dat                    
 #  phot_Eqtr: 0.8500000  phion_Helium_T12F107_pat_2026c.dat        
 #  sigma_SW: p+He->H +He+, He + alpha (2 chnls);src:simuLosses.nb  
 #  flag_el:slow  swEqtrElectrons5.2026c.patched.dat                
 #  SW_lati: interpolation                                          
 #  phot_lati: analit pole-flattened after Pryor & Auchere          
 #
 #
 #
 #Spin  flux speed	speed^2 speed^3    long_ecl lat_ecl
   0.5000000000000000       0.2279300841012977E-07    31.00829188873446        966.0608666400049        30237.77417821108        181.7426479264320        74.91989560906420    
    1.500000000000000       0.2457028892600900E-07    31.53959092461137        999.4402680409844        31817.86137898895        185.4398659383022        74.85523661560211    
    2.500000000000000       0.2654745287998628E-07    32.08010064764706        1033.974015245090        33480.28273718240        189.0896931388666        74.72674016065456    
    3.500000000000000       0.2875310042575554E-07    32.62968119472407        1069.682230145573        35228.33329819136        192.6631439858381        74.53599821925700    
    4.500000000000000       0.3122233782449424E-07    33.18817176978786        1106.583686467495        37065.33540916925        196.1348161204627        74.28527823719627    
    5.500000000000000       0.3399537215596395E-07    33.75539811182313        1144.695839829235        38994.61915609922        199.4837383060357        73.97739692083692    
    6.500000000000000       0.3712078720572440E-07    34.33113570480689        1184.032184727780        41019.37889200314        202.6937791754146        73.61557799557802    
    7.500000000000000       0.4065463738445462E-07    34.91515268593681        1224.605523324958        43142.85992163457        205.7536478547101        73.20330868014719    
    8.500000000000000       0.4466623480985219E-07    35.50721471723148        1266.427472359390        45368.28897543000        208.6565686027014        72.74420685062580    
    9.500000000000000       0.4923696975245345E-07    36.10706138625796        1309.507242857782        47698.83107446176        211.3997350927059        72.24190691062715    
    10.50000000000000       0.5446476501720841E-07    36.71439450014541        1353.850313694548        50137.48993866136        213.9836489593713        71.69996833551899    
    11.50000000000000       0.6046938511713184E-07    37.32888318773445        1399.458607265107        52687.10354495543        216.4114300046248        71.12180747797436    
    12.50000000000000       0.6739447552244178E-07    37.95021682396391        1446.334593344589        55350.57985517641        218.6881610837524        70.51065085434836    
    13.50000000000000       0.7542620624763825E-07    38.57884888962896        1494.542160897731        58134.64814969853        220.8203062508582        69.86950678488749    
    14.50000000000000       0.8479635567549629E-07    39.21512404682315        1544.137478297324        61045.73232608093        222.8152203629272        69.20115174716965    
    15.50000000000000       0.9578607664671267E-07    39.85866560038458        1595.117262033901        64086.67098118833        224.6807535558353        68.50812786430282    
    16.50000000000000       0.1087490863219055E-06    40.50911409312103        1647.478003603670        67260.28738585551        226.4249446279941        67.79274834572391    
    17.50000000000000       0.1241287014560711E-06    41.16589830700330        1701.196823568839        70568.18085553624        228.0557923640939        67.05710824225315    
    18.50000000000000       0.1424819886457045E-06    41.82839160918172        1756.244177561822        74011.49727884124        229.5810919432211        66.30309844410243    
    19.50000000000000       0.1645205749019585E-06    42.49610038127015        1812.600635349796        77592.04812305808        231.0083236637046        65.53242136981872    
    20.50000000000000       0.1911615154427264E-06    43.16873174128981        1870.262986360123        81312.71936131129        232.3445824005966        64.74660723325351    
    21.50000000000000       0.2235918236010333E-06    43.84609479440527        1929.235878126638        85176.93317542775        233.5965378814678        63.94703012669473    
    22.50000000000000       0.2633714170438714E-06    44.52813045426709        1989.535253130469        89188.92801919428        234.7704176406581        63.13492342699189    
    23.50000000000000       0.3125717553806279E-06    45.21505269948441        2051.202033688803        93354.75286649578        235.8720061775924        62.31139422975775    
    24.50000000000000       0.3739555535895486E-06    45.90732208028012        2114.301738692500        97682.38283336766        236.9066553000932        61.47743665813591    
    25.50000000000000       0.4513135552703282E-06    46.60582614147261        2178.942654692687        102183.1068301772        237.8793018468874        60.63394399006414    
    26.50000000000000       0.5499050437894790E-06    47.31183531072345        2245.274629804897        106871.6643564358        238.7944899615457        59.78171961251061    
    27.50000000000000       0.6771721761119586E-06    48.02708472174000        2313.500654725976        111767.3863968579        239.6563958586814        58.92148685178975    
    28.50000000000000       0.8438920740644763E-06    48.75388367986100        2383.891761233366        116895.6449272009        240.4688536150138        58.05389775274967    
    29.50000000000000       0.1065960112253378E-05    49.49520891101027        2456.800555171154        122289.2518989471        241.2353809657922        57.17954089161594    
    30.50000000000000       0.1367481449800704E-05    50.25502448994159        2532.700359141784        127992.0396205839        241.9592044208769        56.29894831143861    
    31.50000000000000       0.1786110394257332E-05    51.03850611257330        2612.216073421195        134061.9719581028        242.6432832599506        55.41260166818979    
    32.50000000000000       0.2382517477225419E-05    51.85201978339838        2696.132722344787        140572.8242124156        243.2903321437219        54.52093767155439    
    33.50000000000000       0.3257765393239609E-05    52.70256809565766        2785.344012756601        147610.8698840956        243.9028422042404        53.62435289869136    
    34.50000000000000       0.4586205241627194E-05    53.59715638531198        2880.791009073287        155270.7259536941        244.4831005655709        52.72320805262721    
    35.50000000000000       0.6680126669233133E-05    54.54153524003437        2983.323561734206        163644.1633913677        245.0332083060754        51.81783173007365    
    36.50000000000000       0.1011781946835801E-04    55.53684740474149        3093.310035375334        172786.2966556037        245.5550969130421        50.90852375671341    
    37.50000000000000       0.1600712256661110E-04    56.57767767737678        3210.380960861367        182690.9809804195        246.0505433050876        49.99555814159987    
    38.50000000000000       0.2654269859407369E-04    57.65151600564901        3333.311218259539        193275.8392937123        246.5211835119115        49.07918569638944    
    39.50000000000000       0.4618418724752267E-04    58.73785020372682        3459.850750490723        204361.6894832444        246.9685251077539        48.15963635972729    
    40.50000000000000       0.8423650748844949E-04    59.81441418546764        3587.407190857334        215727.7067098518        247.3939584965975        47.23712126224919    
    41.50000000000000       0.1605018479779888E-03    60.86034684776822        3713.405627583396        227141.3462679705        247.7987671454526        46.31183456332865    
    42.50000000000000       0.3178135364610532E-03    61.86082222259185        3835.875554958353        238413.2556449453        248.1841368581740        45.38395508685868    
    43.50000000000000       0.6501660363662310E-03    62.80868163463359        3953.702571514021        249424.4553235242        248.5511641770469        44.45364777997295    
    44.50000000000000       0.1365310656702509E-02    63.70171365641935        4066.348866632967        260105.1317888513        248.9008639934472        43.52106501563699    
    45.50000000000000       0.2925741738467407E-02    64.54151256902750        4173.744121130659        270427.2716453090        249.2341764426561        42.58634775743568    
    46.50000000000000       0.6360843765864792E-02    65.33106450732362        4276.019339262532        280383.2008072406        249.5519731516748        41.64962660260569    
    47.50000000000000       0.1396502904857841E-01    66.07507989051790        4373.558161869410        289991.4936977752        249.8550629028230        40.71102271737324    
    48.50000000000000       0.3082094615622602E-01    66.77755539879881        4466.689258888206        299268.0937343504        250.1441967701385        39.77064867692314    
    49.50000000000000       0.6813517085280485E-01    67.44287510278798        4555.826610583795        308239.9900194090        250.4200727801948        38.82860922081233    
    50.50000000000000       0.1503571086419471        68.07440495335490        4641.277218328345        316925.6389621659        250.6833401439424        37.88500193332290    
    51.50000000000000       0.3302404879275542        68.67433288252928        4723.205983116960        325330.1848386233        250.9346031015802        36.93991785709978    
    52.50000000000000       0.7200397180645508        69.24476813808542        4801.785590489288        333460.9341102774        251.1744244182617        35.99344204741555    
    53.50000000000000        1.554392835678238        69.78620668039954        4876.976039003268        341303.7338867131        251.4033285646261        35.04565407353003    
    54.50000000000000        3.315888133449307        70.30053767248873        4948.947541152683        348867.7700254237        251.6218046126907        34.09662847284812    
    55.50000000000000        6.974911391188234        70.78869678344353        5017.749651663435        356150.6097196411        251.8303088745266        33.14643516291181    
    56.50000000000000        14.44347718305256        71.25222097649998        5083.525567734425        363160.4209800344        252.0292673083392        32.19513981567866    
    57.50000000000000        29.39419135793942        71.69196734973697        5146.328972168775        369896.3387345753        252.2190777140529        31.24280419802750    
    58.50000000000000        58.70366961327553        72.10838392808769        5206.159023158890        376351.8675290709        252.4001117382440        30.28948648198472    
    59.50000000000000        114.9014108665930        72.50225919031750        5263.070567960869        382527.0839708938        252.5727167062379        29.33524152777146    
    60.50000000000000        220.1360608316186        72.87393392023996        5317.058773293402        388415.9904801173        252.7372172973738        28.38012114242731    
    61.50000000000000        412.4106050908510        73.22395844330924        5368.153717963116        394016.7582528949        252.8939170778154        27.42417431646272    
    62.50000000000000        754.7656348535899        73.55276597150790        5416.373458061289        399326.6935718444        253.0430999038308        26.46744744072577    
    63.50000000000000        1348.336912181210        73.86091162593631        5461.758366052388        404345.9615600929        253.1850312071620        25.50998450543400    
    64.50000000000000        2349.606734828287        74.14899547209649        5504.359376734934        409076.2486262143        253.3199591729394        24.55182728311451    
    65.50000000000000        3991.575864002665        74.41745188484444        5544.206123857162        413517.1611988000        253.4481158195495        23.59301549701278    
    66.50000000000000        6608.038118626964        74.66690686093932        5581.360352972949        417672.2372967246        253.5697179889279        22.63358697636928    
    67.50000000000000        10656.78176175857        74.89789290723742        5615.873186663805        421544.1455931641        253.6849682549090        21.67357779981921    
    68.50000000000000        16738.55466102857        75.11100156220125        5647.807517517850        425137.1643018503        253.7940557565093        20.71302242804466    
    69.50000000000000        25604.53523848726        75.30688349509143        5677.238044885216        428457.1950613412        253.8971569623440        19.75195382669647    
    70.50000000000000        38143.30779511687        75.48620566067666        5704.245120531677        431511.1140006597        253.9944363717652        18.79040358050250    
    71.50000000000000        55345.21682018407        75.64970976858598        5728.922849948039        434307.6097095326        254.0860471577629        17.82840199939191    
    72.50000000000000        78234.07325943197        75.79819480600362        5751.376620330649        436856.9296265156        254.1721317561747        16.86597821738573    
    73.50000000000000        107766.6142325731        75.93248361698322        5771.717934601175        439170.2866327123        254.2528224053031        15.90316028493457    
    74.50000000000000        144712.7820180500        76.05350894947362        5790.077372708388        441261.3302608519        254.3282416396359        14.93997525532214    
    75.50000000000000        189513.0248853546        76.16221822093416        5806.589913931963        443144.4506006404        254.3985027409996        13.97644926569849    
    76.50000000000000        242143.2782389282        76.25955998106396        5821.392518749511        444834.4643899824        254.4637101501440        13.01260761325742    
    77.50000000000000        302002.9342125854        76.34649644013177        5834.625807598395        446346.7826151975        254.5239598414550        12.04847482702904    
    78.50000000000000        367831.5794394057        76.42390043484494        5846.418236522709        447695.5878638853        254.5793396632164        11.08407473572016    
    79.50000000000000        437707.6780873768        76.49265049244326        5856.900128428913        448895.3886908186        254.6299296455936        10.11943053200018    
    80.50000000000000        508885.2416767855        76.55353303683403        5866.189351082836        449959.4482679546        254.6758022782784        9.154564833600176    
    81.50000000000000        578954.3116068853        76.60707509837290        5874.362067419890        450896.0067036513        254.7170227595255        8.189499741566113    
    82.50000000000000        643977.4187400157        76.65393842930700        5881.519414086607        451716.6710386619        254.7536492181152        7.224256895982719    
    83.50000000000000        700798.7065805993        76.69456221866703        5887.726270998612        452428.6299643727        254.7857329095970        6.258857529464570    
    84.50000000000000        746283.6233870583        76.72923120491180        5893.024796513314        453036.5668780070        254.8133183879989        5.293322518692377    
    85.50000000000000        777807.5523517354        76.75825090683315        5897.460641529829        453545.6008226717        254.8364436540331        4.327672434256614    
    86.50000000000000        793495.8482548707        76.78176870306123        5901.055339018358        453958.0897819587        254.8551402806777        3.361927589057455    
    87.50000000000000        792390.9652736207        76.79988827057886        5903.824083072343        454275.7031538389        254.8694335168779        2.396108085498553    
    88.50000000000000        774568.2118915269        76.81270682257552        5905.781211327640        454500.0264827924        254.8793423699733        1.430233861702439    
    89.50000000000000        741105.3045992834        76.82016081874524        5906.916579741835        454629.8470207024        254.8848796673335       0.4643247369680496    
    90.50000000000000        693983.0379711636        76.82221592371808        5907.224884945585        454664.5502110509        254.8860520975589      -0.5015995433149643    
    91.50000000000000        635914.8598969154        76.81871516999810        5906.681928335602        454601.3351698294        254.8828602314842       -1.467519263084995    
    92.50000000000000        570076.1774301976        76.80940129880047        5905.248477631552        454435.7113147284        254.8752985231033       -2.433414691152333    
    93.50000000000000        499839.3593324226        76.79397231806314        5902.878634563551        454162.4421477036        254.8633552904183       -3.399266036661061    
    94.50000000000000        428503.5182883811        76.77199409223724        5899.506277725644        453773.9675199853        254.8470126760967       -4.365053404261595    
    95.50000000000000        359040.9488624036        76.74289992595347        5895.045233574107        453260.4508550792        254.8262465877043       -5.330756748783798    
    96.50000000000000        293916.2732006191        76.70604154056694        5889.397104576768        452610.6799950548        254.8010266171592       -6.296355829196738    
    97.50000000000000        234969.8440557542        76.66067602778533        5882.449358324077        451811.8581694159        254.7713159389315       -7.261830161635777    
    98.50000000000000        183367.0683958183        76.60595966965600        5874.074598982425        450849.5455710432        254.7370711863826       -8.227158971270024    
    99.50000000000000        139623.9486800233        76.54098180724860        5864.136061716504        449708.3255826265        254.6982423055065       -9.192321142774162    
    100.5000000000000        103694.3837319285        76.46481247250482        5852.494914688263        448372.6440902156        254.6547723851957       -10.15729516915736    
    101.5000000000000        75083.20012711242        76.37647370151400        5839.006313383204        446826.4074750610        254.6065974630065       -11.12205909868906    
    102.5000000000000        52988.32000503789        76.27502005457509        5823.532193058751        445054.5064400969        254.5536463052389       -12.08659047964565    
    103.5000000000000        36438.42748440737        76.15957916626139        5805.947623727256        443043.5608381943        254.4958401599817       -13.05086630258437    
    104.5000000000000        24411.61469410189        76.02922706841838        5786.121561009554        440779.6843322592        254.4330924815903       -14.01486293983035    
    105.5000000000000        15930.87387572294        75.88311173944095        5763.936287841915        438250.7769345874        254.3653086248683       -14.97855608183922    
    106.5000000000000        10127.22884820344        75.72046368259387        5739.289126629201        435446.7282922006        254.2923855070148       -15.94192067007108    
    107.5000000000000        6271.822860040914        75.54049858789766        5712.077553911157        432357.7031797361        254.2142112351672       -16.90493082598206    
    108.5000000000000        3784.547764371801        75.34243999786328        5682.203333516900        428974.6880108626        254.1306646971164       -17.86755977570508    
    109.5000000000000        2225.775113140265        75.12561508223619        5649.586975187802        425291.1206394910        254.0416151124986       -18.82977976995362    
    110.5000000000000        1276.423685289572        74.88935588495464        5614.152402421400        421301.0932312845        253.9469215414619       -19.79156199863929    
    111.5000000000000        714.1506046414904        74.63297019272960        5575.823488624876        416999.0629681795        253.8464323474751       -20.75287649964497    
    112.5000000000000        390.0555108603884        74.35587589139033        5534.544921653390        412382.2714088123        253.7399846105775       -21.71369206114127    
    113.5000000000000        208.1435683161247        74.05762584982374        5490.285239680227        407450.9924680906        253.6274034869633       -22.67397611677227    
    114.5000000000000        108.6218218527203        73.73767739556548        5443.002536353426        402204.6906371314        253.5085015103446       -23.63369463296774    
    115.5000000000000        55.49424979006445        73.39564158925880        5392.683551390057        396646.6021397779        253.3830778300386       -24.59281198756057    
    116.5000000000000        27.78794910436304        73.03129005846419        5339.343777928770        390783.6167065966        253.2509173801739       -25.55129083880164    
    117.5000000000000        13.65684239314317        72.64409806516733        5282.956543689292        384617.9912076865        253.1117899737939       -26.50909198376427    
    118.5000000000000        6.597454247191744        72.23307563265358        5223.431322601409        378145.3027288626        252.9654493149529       -27.46617420502029    
    119.5000000000000        3.137951622698461        71.79715346959865        5160.671828471689        371360.9756422246        252.8116319211415       -28.42249410434298    
    120.5000000000000        1.472128018063127        71.33555370923595        5094.632043323453        364266.6093351120        252.6500559475250       -29.37800592205069    
    121.5000000000000       0.6826223208559624        70.84719903555018        5025.230753815073        356860.6668140618        252.4804199035352       -30.33266134044432    
    122.5000000000000       0.3135796346899875        70.33086879969832        4952.378406415665        349141.8098058613        252.3024012512988       -31.28640926960945    
    123.5000000000000       0.1430766390950844        69.78604795387380        4876.097191858455        341121.5642830691        252.1156548742017       -32.23919561364814    
    124.5000000000000       0.6502260448319987E-01    69.21164788998989        4796.334391058912        332803.7699549763        251.9198114025737       -33.19096301517179    
    125.5000000000000       0.2952397129329298E-01    68.60526925048021        4712.865786203400        324175.1067949099        251.7144753819987       -34.14165057562020    
    126.5000000000000       0.1344027337981441E-01    67.96339504135140        4625.328822502876        315209.1250477482        251.4992232681081       -35.09119354866996    
    127.5000000000000       0.6158788814825526E-02    67.28296053726797        4533.448577813700        305890.5138994306        251.2736012298713       -36.03952300365263    
    128.5000000000000       0.2853549423729436E-02    66.56143396804609        4437.048636180622        296216.0644738573        251.0371227413346       -36.98656545550936    
    129.5000000000000       0.1343576202137159E-02    65.79564782369974        4335.886892345352        286177.1886758843        250.7892659394585       -37.93224245736304    
    130.5000000000000       0.6464528967468725E-03    64.98410953737611        4229.968502510969        275791.6443209255        250.5294707231318       -38.87647015127835    
    131.5000000000000       0.3197688769303752E-03    64.12759529609589        4119.602590044596        265106.8668285391        250.2571355655747       -39.81915877219546    
    132.5000000000000       0.1635751967616213E-03    63.22913476875664        4005.367101328378        254193.2184143432        249.9716140091519       -40.76021209935597    
    133.5000000000000       0.8700357329518440E-04    62.29725213212252        3888.519238099487        243183.4222539676        249.6722108080714       -41.69952684877480    
    134.5000000000000       0.4832182354396293E-04    61.34442144212137        3770.739047644518        232242.4071699111        249.3581776805165       -42.63699199943352    
    135.5000000000000       0.2809974965354505E-04    60.38866583927571        3654.321053620479        221585.1710567071        249.0287086274199       -43.57248804486576    
    136.5000000000000       0.1711339840196954E-04    59.44679066031662        3541.293937397541        211391.2647993054        248.6829347703242       -44.50588616065011    
    137.5000000000000       0.1089550867753433E-04    58.53207003378639        3433.166336817068        201784.7540915443        248.3199186555631       -45.43704727699932    
    138.5000000000000       0.7226992594863615E-05    57.65260430365014        3330.761839099636        192822.6692005672        247.9386479663504       -46.36582104411258    
    139.5000000000000       0.4972661320341842E-05    56.81132010225613        3234.264892560612        184503.5252151888        247.5380285783059       -47.29204467620824    
    140.5000000000000       0.3532653414659806E-05    56.00594170039065        3143.246185967424        176772.0962604505        247.1168768875265       -48.21554165814569    
    141.5000000000000       0.2579603276621454E-05    55.23170077943105        3057.011178863635        169552.7923245547        246.6739113336426       -49.13612029624190    
    142.5000000000000       0.1928523239867086E-05    54.48300606470209        2974.803219620125        162768.0010995195        246.2077430335523       -50.05357209224823    
    143.5000000000000       0.1471153018214522E-05    53.75443017029865        2895.916835808142        156347.6778244275        245.7168654349597       -50.96766991643169    
    144.5000000000000       0.1141929857444342E-05    53.04109947371171        2819.738363903800        150232.3404112698        245.1996428928703       -51.87816595225969    
    145.5000000000000       0.8998864635149856E-06    52.33903133175377        2745.777475055695        144375.0610972959        244.6542980673871       -52.78478938126707    
    146.5000000000000       0.7186364617653319E-06    51.64514048957568        2673.661407878872        138740.3408797628        244.0788980383510       -53.68724377224610    
    147.5000000000000       0.5807262195058735E-06    50.95712988111285        2603.117251239674        133302.1059888923        243.4713390327545       -54.58520413390751    
    148.5000000000000       0.4743004268359937E-06    50.27320012124456        2533.935580159436        128040.2882321019        242.8293296660777       -55.47831358458753    
    149.5000000000000       0.3911553550186398E-06    49.59192804120926        2465.954274466440        122939.2371592631        242.1503726110426       -56.36617958642488    
    150.5000000000000       0.3254900669562369E-06    48.91249290058875        2399.078916829261        117989.0366608750        241.4317446298759       -57.24836968474632    
    151.5000000000000       0.2731146391730028E-06    48.23434950835778        2333.246008326861        113182.3997118247        240.6704749432819       -58.12440668628572    
    152.5000000000000       0.2309593137824570E-06    47.55719870895101        2268.417888601160        108514.1112425367        239.8633219667079       -58.99376320252834    
    153.5000000000000       0.1967571054612940E-06    46.88135695760246        2204.619127558890        103983.7250898706        239.0067485298102       -59.85585547727315    
    154.5000000000000       0.1687943133797112E-06    46.20721911487234        2141.880067430625        99591.11288228071        238.0968958184953       -60.71003641101512    
    155.5000000000000       0.1457628601346714E-06    45.53501884257045        2080.213454311112        95334.75800119829        237.1295564538067       -61.55558768984525    
    156.5000000000000       0.1266635670502770E-06    44.86534121768329        2019.664745199968        91215.47982146748        236.1001473654179       -62.39171092457653    
    157.5000000000000       0.1107227681549102E-06    44.19880400818748        1960.280516491823        87234.08777847770        235.0036834512396       -63.21751770866084    
    158.5000000000000       0.9733598191468158E-07    43.53602339827327        1902.104309514998        83391.02981706568        233.8347534653430       -64.03201851393611    
    159.5000000000000       0.8602549162896938E-07    42.87740382100930        1845.158035674134        79685.16836930785        232.5875001757256       -64.83411036522604    
    160.5000000000000       0.7640703599010735E-07    42.22282138606064        1789.414114324245        76111.94320340130        231.2556076169900       -65.62256327364003    
    161.5000000000000       0.6817847521448675E-07    41.57197170242107        1734.828502219484        72665.72953521129        229.8322992671650       -66.39600547123705    
    162.5000000000000       0.6110283629520362E-07    40.92505242950207        1681.401633330016        69343.93612766912        228.3103522334101       -67.15290758581583    
    163.5000000000000       0.5499128064067492E-07    40.28251392167802        1629.154983303155        66145.36093780115        226.6821340512818       -67.89156603556677    
    164.5000000000000       0.4969009778045757E-07    39.64478975708621        1578.106429293406        63068.50594777246        224.9396704618341       -68.61008612286632    
    165.5000000000000       0.4507153598749410E-07    39.01232259253933        1528.272485782527        60111.73071698683        223.0747544357970       -69.30636557939916    
    166.5000000000000       0.4103141311300815E-07    38.38551737025187        1479.665119717267        57273.10194798946        221.0791085549377       -69.97807967459673    
    167.5000000000000       0.3748419649636925E-07    37.76476028485028        1432.292689630828        54550.42513746078        218.9446142528027       -70.62266945383539    
    168.5000000000000       0.3435593092426797E-07    37.15041119016782        1386.159948983503        51941.28522149153        216.6636217334572       -71.23733521627632    
    169.5000000000000       0.3158753746759591E-07    36.54280524141694        1341.268111416803        49443.05370295446        214.2293527044515       -71.81903794408136    
    170.5000000000000       0.2912840794912659E-07    35.94227816164696        1297.617417399037        47053.07724822187        211.6364031620949       -72.36451198434767    
    171.5000000000000       0.2693739936733657E-07    35.34911352375406        1255.202919430794        44768.42888278138        208.8813439726527       -72.87029273529257    
    172.5000000000000       0.2497726019576624E-07    34.76362880004647        1214.021429133993        42586.32966005393        205.9634017115526       -73.33276320387142    
    173.5000000000000       0.2321871997467704E-07    34.18611769479467        1174.066668334703        40503.85057842550        202.8851808121368       -73.74822282559379    
    174.5000000000000       0.2163545781975040E-07    33.61684332801425        1135.329368009917        38517.95267044193        199.6533619931515       -74.11298058790959    
    175.5000000000000       0.2020503249590250E-07    33.05588742443372        1097.787165565617        36624.97936239632        196.2792854369103       -74.42347206014691    
    176.5000000000000       0.1890945041193719E-07    32.50353893738018        1061.431423131723        34822.05151445242        192.7793078038518       -74.67639639284828    
    177.5000000000000       0.1773224007422397E-07    31.95998063917705        1026.246080477953        33105.99119200304        189.1748197727433       -74.86886505351134    
    178.5000000000000       0.1665998039357880E-07    31.42534373922947        992.2112860753815        31473.50435077963        185.4918346236697       -74.99854981255713    
    179.5000000000000       0.1568025902116554E-07    30.89980564029902        959.3097356038112        29921.48973045545        181.7601122210674       -75.06381445760097    
    180.5000000000000       0.1478255042387181E-07    30.38337668320260        927.5136397061954        28446.43866136808        178.0118602749291       -75.06381412997705    
    181.5000000000000       0.1395824254114344E-07    29.87617664854188        896.8023943008232        27045.28389553953        174.2801382020726       -74.99854883396327    
    182.5000000000000       0.1319935826114210E-07    29.37832793417782        867.1555209516721        25715.04628735954        170.5971536956091       -74.86886343650652    
    183.5000000000000       0.1249862433799280E-07    28.88987604698846        838.5481513220886        24452.64103433212        166.9926665883195       -74.67639415748828    
    184.5000000000000       0.1185085291099408E-07    28.41090750641061        810.9579742148578        23255.18279630650        163.4926901175990       -74.42346923280128    
    185.5000000000000       0.1125015937897033E-07    27.94142394482640        784.3584317225417        22119.70729353275        160.1186149130756       -74.11297719983325    
    186.5000000000000       0.1069258061795174E-07    27.48146500212721        758.7250096819264        21043.40793231260        156.8867975841918       -73.74821891141664    
    187.5000000000000       0.1017356749036560E-07    27.03111192168595        734.0362965831069        20023.71347651830        153.8085782643192       -73.33275880014979    
    188.5000000000000       0.9689897020901750E-08    26.59025153402164        710.2605766517695        19057.71218623925        150.8906376281664       -72.87028787922659    
    189.5000000000000       0.9237775760367651E-08    26.15893703077358        687.3757256797450        18142.97363854208        148.1355800716305       -72.36450671272551    
    190.5000000000000       0.8815000502616524E-08    25.73711399818066        665.3544329644258        17276.94593647628        145.5426321399414       -71.81903229246977    
    191.5000000000000       0.8418875852668526E-08    25.32465932439724        644.1665668778874        16457.05818156256        143.1083646762793       -71.23732921844754    
    192.5000000000000       0.8047046390211955E-08    24.92159396723790        623.7900475536926        15681.13455648360        140.8273736603329       -70.62266314140163    
    193.5000000000000       0.7697778497374147E-08    24.52782246103559        604.1977003937170        14946.89195139795        138.6928807885725       -69.97807307681444    
    194.5000000000000       0.7369095497797242E-08    24.14331419552233        585.3661504395900        14252.26389064786        136.6972362585133       -69.30635872310434    
    195.5000000000000       0.7059383293678348E-08    23.76794718020212        567.2683765832380        13595.13057011407        134.8323215007041       -68.61007903250507    
    196.5000000000000       0.6767431698751832E-08    23.40165166863044        549.8805971678498        12973.56335955533        133.0898590965920       -67.89155873329084    
    197.5000000000000       0.6491842811210047E-08    23.04428334382724        533.1761501777053        12385.59977965253        131.4616420185257       -67.15290009161926    
    198.5000000000000       0.6231344836772623E-08    22.69577442128820        517.1328808450648        11829.51131493800        129.9396960105155       -66.39599780311526    
    199.5000000000000       0.5984996624892370E-08    22.35602662398189        501.7278869050222        11303.60658919854        128.5163886119414       -65.62255544775859    
    200.5000000000000       0.5751768216174495E-08    22.02487964878537        486.9361710692692        10806.18505054924        127.1844969342941       -64.83410239608943    
    201.5000000000000       0.5530925483742277E-08    21.70225844264708        472.7374408485774        10335.77011930853        125.9372444601769       -64.03201041455078    
    202.5000000000000       0.5321460160167330E-08    21.38799428224857        459.1079043824443        9890.823035101486        124.7683152288192       -63.21750949068884    
    203.5000000000000       0.5122904511490178E-08    21.08198116672616        446.0272557045062        9469.975328974293        123.6718520127648       -62.39170259847749    
    204.5000000000000       0.4934378415304989E-08    20.78405890586104        433.4736580745734        9071.864050159842        122.6424435704625       -61.55557926500612    
    205.5000000000000       0.4755322283213972E-08    20.49411322231040        421.4278307685374        8695.254077542155        121.6751048039766       -60.71002789586742    
    206.5000000000000       0.4585336453501339E-08    20.21203816351217        409.8715502298329        8338.991333594220        120.7652526468785       -59.85584687939833    
    207.5000000000000       0.4423694895437466E-08    19.93767451690234        398.7851013946247        8001.920917046292        119.9086797238398       -58.99375452875174    
    208.5000000000000       0.4269911079520933E-08    19.67086925189167        388.1496577208825        7682.956441467475        119.1015272241229       -58.12439794276029    
    209.5000000000000       0.4123606776107583E-08    19.41148560785777        377.9477328986644        7381.093154394059        118.3402579804743       -57.24836087702676    
    210.5000000000000       0.3984382182719465E-08    19.15937579894165        368.1620447204568        7095.370496569625        117.6216304111756       -56.36617071953342    
    211.5000000000000       0.3851843594918196E-08    18.91439499837569        358.7760159677902        6824.883486347967        116.9426737395250       -55.47830466307200    
    212.5000000000000       0.3725623062277556E-08    18.67639715884467        349.7736218132664        6568.776904112330        116.3006647301177       -54.58519516189273    
    213.5000000000000       0.3605382097972521E-08    18.44523752070675        341.1394381292981        6326.243616880408        115.6931060578363       -53.68723475347918    
    214.5000000000000       0.3490794667276992E-08    18.22077635301546        332.8587851131945        6096.527251821211        115.1177063401296       -52.78478031915757    
    215.5000000000000       0.3381579458702093E-08    18.00287489658076        324.9175173160340        5878.913179081617        114.5723618057827       -51.87815684991507    
    216.5000000000000       0.3277473221568749E-08    17.79138245501286        317.3015825056025        5672.715972762757        114.0551395362694       -50.96766077668864    
    217.5000000000000       0.3178241954263863E-08    17.58616388634090        309.9979994787998        5477.304265097220        113.5642621931795       -50.05356291770047    
    218.5000000000000       0.3083647977186451E-08    17.38709431483238        302.9945995120887        5292.090707337312        113.0980941328728       -49.13611108926479    
    219.5000000000000       0.2993457110257607E-08    17.19404535534130        296.2795373872393        5116.517878084881        112.6551288042876       -48.21553242091801    
    220.5000000000000       0.2907441383742355E-08    17.00688712422437        289.8413480990017        4950.058361864247        112.2339773254472       -47.29203541073169    
    221.5000000000000       0.2825389149157533E-08    16.82548755897228        283.6688841580929        4792.211163484715        111.8333581370087       -46.36581175222893    
    222.5000000000000       0.2747108375931683E-08    16.64971939857156        277.7515594349975        4642.507283851836        111.4520876360064       -45.43703796040582    
    223.5000000000000       0.2672428554017724E-08    16.47946080901131        272.0793537840653        4500.508586167725        111.0890716989167       -44.50587682091323    
    224.5000000000000       0.2601189307265459E-08    16.31458046007339        266.6422750814862        4365.792540279544        110.7432980097372       -43.57247868343335    
    225.5000000000000       0.2533237657136704E-08    16.15495539320793        261.4309484677417        4237.966128220797        110.4138291155189       -42.63698261764580    
    226.5000000000000       0.2468429226893365E-08    16.00046283126550        256.4363208053903        4116.657270773128        110.0997961384620       -41.69951744787420    
    227.5000000000000       0.2406619732447539E-08    15.85098280749962        251.6497442272231        4001.516236218658        109.8003930801024       -40.76020268049587    
    228.5000000000000       0.2347676023197064E-08    15.70640756160029        247.0632544458533        3892.221238249987        109.5148716591773       -39.81914933644813    
    229.5000000000000       0.2291472327916379E-08    15.56663225838380        242.6692624792857        3788.470254206494        109.2425366304041       -38.87646069964205    
    230.5000000000000       0.2237890013650012E-08    15.43155975460418        238.4606781683378        3689.982833523080        108.9827415366165       -37.93223299076833    
    231.5000000000000       0.2186815838063220E-08    15.30109533659882        234.4307358472805        3596.495359630040        108.7348848514664       -36.98655597482507    
    232.5000000000000       0.2138141048050815E-08    15.17514719914263        230.5729900985059        3507.760104547449        108.4984064742413       -36.03951350969104    
    233.5000000000000       0.2091755770003382E-08    15.05362396756781        226.8812296263783        3423.542658050269        108.2727845422697       -35.09118404219127    
    234.5000000000000       0.2047555235987094E-08    14.93643424891797        223.3494504985967        3343.620679987349        108.0575325299383       -34.14164105733712    
    235.5000000000000       0.2005440443028710E-08    14.82348591331319        219.9718278796984        3267.782810425835        107.8521966065317       -33.19095348575340    
    236.5000000000000       0.1965316163941231E-08    14.71468805965993        216.7427639251488        3195.829220187225        107.6563532279733       -32.23918607372315    
    237.5000000000000       0.1927092854011902E-08    14.60995316468359        213.6569458975621        3127.572524401479        107.4696069401179       -31.28639971976975    
    238.5000000000000       0.1890694599958773E-08    14.50919608998059        210.7093047815712        3062.836356971271        107.2915883735473       -30.33265178124778    
    239.5000000000000       0.1856051233533977E-08    14.41233569550899        207.8950545903809        3001.455842100456        107.1219524118818       -29.37799635402371    
    240.5000000000000       0.1823097610990556E-08    14.31929526827199        205.2096927978732        2943.277138548723        106.9603765174663       -28.42248452798312    
    241.5000000000000       0.1791775950089406E-08    14.23000117867108        202.6489525243039        2888.156024074105        106.8065591999362       -27.46616462079849    
    242.5000000000000       0.1762031670549693E-08    14.14438433240591        200.2088364654789        2835.958291982470        106.6602186146471       -26.50908239212674    
    243.5000000000000       0.1733813742724232E-08    14.06237926359045        197.8855806943249        2786.558600091886        106.5210912792673       -25.55128124017193    
    244.5000000000000       0.1707072349661812E-08    13.98392374525349        195.6756367400680        2739.839803910329        106.3889308980180       -24.59280238234130    
    245.5000000000000       0.1681762292430296E-08    13.90895920855542        193.5756758337530        2695.692758850636        106.2635072840986       -23.63368502154201    
    246.5000000000000       0.1657838859964807E-08    13.83742909623584        191.5825358124514        2654.014939694647        106.1446053717846       -22.67396649950534    
    247.5000000000000       0.1635257530445150E-08    13.76927976992566        189.6932405921579        2614.710620815591        106.0320243105315       -21.71368243838184    
    248.5000000000000       0.1613975709781214E-08    13.70445962824433        187.9049702730558        2577.690043441011        105.9255766341814       -20.75286687172644    
    249.5000000000000       0.1593954015905729E-08    13.64291926825169        186.2150601203271        2542.869192525540        105.8250874990513       -19.79155236588092    
    250.5000000000000       0.1575152780504674E-08    13.58461114546125        184.6209866230585        2510.169334077794        105.7303939852968       -18.82977013266171    
    251.5000000000000       0.1557535455475441E-08    13.52949025447766        183.1203814563565        2479.517132319822        105.6413444564966       -17.86755013417382    
    252.5000000000000       0.1541068336617168E-08    13.47751387682182        181.7110209697514        2450.844293892193        105.5577979729032       -16.90492118049460    
    253.5000000000000       0.1525719028578653E-08    13.42864186871264        180.3908291680920        2424.087468755219        105.4796237542520       -15.94191102090043    
    254.5000000000000       0.1511458975786018E-08    13.38283646385750        179.1578690307161        2399.187951068839        105.4067006884286       -14.97854642924894    
    255.5000000000000       0.1498260427800977E-08    13.34006213134249        178.0103353914704        2376.091418684240        105.3389168826605       -14.01485328407546    
    256.5000000000000       0.1486098647572995E-08    13.30028583978659        176.9465581208036        2354.747872908486        105.2761692542333       -13.05085664391208    
    257.5000000000000       0.1474950472935900E-08    13.26347724793390        175.9650043997532        2335.111586714664        105.2183631580332       -12.08658081829592    
    258.5000000000000       0.1464795528584395E-08    13.22960808815960        175.0642596746872        2317.140634599003        105.1654120484951       -11.12204943489539    
    259.5000000000000       0.1455615072254626E-08    13.19865246394028        174.2430327083872        2300.796903046166        105.1172371737847       -10.15728550314741    
    260.5000000000000       0.1447391628972087E-08    13.17058663400077        173.5001476511902        2286.045859498216        105.0737673002759       -9.192311474770211    
    261.5000000000000       0.1440110210484893E-08    13.14538895617656        172.8345404970572        2272.856414695028        105.0349384655967       -8.227149301489669    
    262.5000000000000       0.1433756773444385E-08    13.12304010224981        172.2452629050121        2261.200938492366        105.0006937587091       -7.261820490292457    
    263.5000000000000       0.1428320217156547E-08    13.10352293025432        171.7314770862393        2251.055103705124        104.9709831256752       -6.296346156500158    
    264.5000000000000       0.1423789246154040E-08    13.08682250270782        171.2924546694423        2242.397814115873        104.9457631999223       -5.330747074940541    
    265.5000000000000       0.1420156542099627E-08    13.07292591714993        170.9275712149865        2235.211060850588        104.9249971559855       -4.365043729475619    
    266.5000000000000       0.1417415231055886E-08    13.06182257168095        170.6363119209208        2229.479996944026        104.9086545858468       -3.399256361134020    
    267.5000000000000       0.1415560557742993E-08    13.05350401548102        170.4182668757882        2225.192817236598        104.8967113971346       -2.433405015084221    
    268.5000000000000       0.1414589185906790E-08    13.04796382546045        170.2731271074169        2222.340658328199        104.8891497325787       -1.467509586674576    
    269.5000000000000       0.1414499348655980E-08    13.04519775936426        170.2006880288552        2220.917648997202        104.8859579102427      -0.5015898667600642    
    270.5000000000000       0.1413788901403143E-08    13.04511525721204        170.1985515964446        2220.876159802254        104.8871303841818       0.4643344134699030    
    271.5000000000000       0.1416971452301147E-08    13.04798182237192        170.2736103901057        2222.350388759409        104.8926677252921        1.430243537953610    
    272.5000000000000       0.1419539618404683E-08    13.05353416353406        170.4190767317495        2225.209128417264        104.9025766222353        2.396117761301000    
    273.5000000000000       0.1423002203234669E-08    13.06186526954504        170.6374594084426        2229.503118771837        104.9168699024428        3.361937264212098    
    274.5000000000000       0.1427366581010252E-08    13.07298175102947        170.9290726014239        2235.241331676599        104.9355665733162        4.327682108562918    
    275.5000000000000       0.1432640756063458E-08    13.08689238004274        171.2943349846038        2242.435751589453        104.9586918838636        5.293332191948044    
    276.5000000000000       0.1438838165655047E-08    13.10360799484518        171.7337678377700        2251.101358747709        104.9862774071271        6.258867201464883    
    277.5000000000000       0.1445970958226778E-08    13.12314154631270        172.2479972992388        2261.256204320854        105.0183611438837        7.224266566520103    
    278.5000000000000       0.1454054216802316E-08    13.14550800524608        172.8377530316681        2272.921418696680        105.0549876482279        8.189509410429791    
    279.5000000000000       0.1463105688469705E-08    13.17072464670476        173.5038767657796        2286.121416132574        105.0962081757769        9.154574500575478    
    280.5000000000000       0.1473142051474352E-08    13.19881106413367        174.2473243740291        2300.883987164918        105.1420808553812        10.11944019686804    
    281.5000000000000       0.1484183210759889E-08    13.22978885434111        175.0691592388937        2317.240220903836        105.1926708853671        11.08408439825676    
    282.5000000000000       0.1496252930938929E-08    13.26368195315611        175.9705630055943        2335.224778932080        105.2480507555008        12.04848448700499    
    283.5000000000000       0.1509375253383694E-08    13.30051646549719        176.9528333381831        2354.875921848065        105.3083004960244        13.01261727043725    
    284.5000000000000       0.1523577416721946E-08    13.34032083900052        178.0173906144752        2376.235713700279        105.3735079553017        13.97645891984015    
    285.5000000000000       0.1538890107802783E-08    13.38312597177701        179.1657837794748        2399.350231632496        105.4437691078016        14.93998490617615    
    286.5000000000000       0.1555345808080896E-08    13.42896512162680        180.3996904991812        2424.269657726427        105.5191883943604        15.90316993224339    
    287.5000000000000       0.1572979287806902E-08    13.47787412816977        181.7209262469444        2451.048565416275        105.5998790968954        16.86598786088311    
    288.5000000000000       0.1591829335101869E-08    13.52989112636098        183.1314399554506        2479.745944863830        105.6859637499890        17.82841163880196    
    289.5000000000000       0.1611936696545033E-08    13.58505697114983        184.6333287159348        2510.425616273835        105.7775745920436        18.79041321553890    
    290.5000000000000       0.1633344149721515E-08    13.64341506759333        186.2288374206788        2543.156363991866        105.8748540590014        19.75196345706168    
    291.5000000000000       0.1656099444561403E-08    13.70501023324432        187.9203317848142        2578.011527929471        105.9779553239630        20.71303205342882    
    292.5000000000000       0.1680250329890744E-08    13.76989056897816        189.7103532478027        2615.070273048479        106.0870428863969        21.67358741989911    
    293.5000000000000       0.1705849833725299E-08    13.83810490129702        191.6015541408634        2654.416438075952        106.2022932150416        22.63359659080746    
    294.5000000000000       0.1732947812553187E-08    13.90970529676735        193.5967708784860        2696.140210152678        106.3238954490444        23.59302510545609    
    295.5000000000000       0.1761601319030814E-08    13.98474465408836        195.6989620217565        2740.337024551861        106.4520521623783        24.55183688519294    
    296.5000000000000       0.1791863841718313E-08    14.06328017996458        197.9113119381294        2787.109970337021        106.5869801971262        25.50999410075943    
    297.5000000000000       0.1823795848827965E-08    14.14537099963532        200.2371711084391        2836.568794381049        106.7289115718315        26.46745702889022    
    298.5000000000000       0.1857458121607911E-08    14.23108096399278        202.6801396191773        2888.831876726671        106.8780944717918        27.42418389703685    
    299.5000000000000       0.1892919349538408E-08    14.32047598628930        205.2440007256893        2944.025135018455        107.0347943289277        28.38013071495879    
    300.5000000000000       0.1930249098265954E-08    14.41362735528963        207.9328229040531        3002.284511204957        107.1992949996980        29.33525109178286    
    301.5000000000000       0.1969526950510776E-08    14.51060894657592        210.7508881224128        3063.754757104530        107.3719000504706        30.28949603697149    
    302.5000000000000       0.2010838186849806E-08    14.61149945412779        213.7027646251731        3128.591360060498        107.5529341608038        31.24281374345581    
    303.5000000000000       0.2054280258600890E-08    14.71638108816917        216.7932805434519        3196.960398192227        107.7427446562581        32.19514935098278    
    304.5000000000000       0.2099958034972255E-08    14.82533977252928        220.0275394783539        3269.039302691709        107.9417031836621        33.14644468749141    
    305.5000000000000       0.2147985000441294E-08    14.93846494928071        223.4109246031764        3345.017381349128        108.1502075432122        34.09663798606546    
    306.5000000000000       0.2198490297026945E-08    15.05584707646129        226.9490345062776        3425.094856655576        108.3686836934062        35.04566357470656    
    307.5000000000000       0.2251606411520139E-08    15.17757841128539        230.6477164286472        3509.484088876868        108.5975879466314        35.99345153582829    
    308.5000000000000       0.2307472544950418E-08    15.30374948842826        234.5129651837313        3598.407679694715        108.8374093752458        36.93992733197760    
    309.5000000000000       0.2366234605663800E-08    15.43445156550326        238.5510082264178        3692.100966141722        109.0886724502573        37.88501139384199    
    310.5000000000000       0.2428043111984954E-08    15.56977742194207        242.7683422982475        3790.813468639324        109.3519399372186        38.82861866609145    
    311.5000000000000       0.2493061782482006E-08    15.70982297520423        247.1717957189009        3894.810992812051        109.6278160767610        39.77065810601849    
    312.5000000000000       0.2561455219411197E-08    15.85469020076397        251.7686382145468        4004.379036239064        109.9169500803040        40.71103212927247    
    313.5000000000000       0.2633404634752952E-08    16.00448660745246        256.5665795867013        4119.823540708125        110.2200399749309        41.64963599622143    
    314.5000000000000       0.2709101440893501E-08    16.15932840075063        261.5738926096233        4241.474842648889        110.5378368352334        42.58635713159850    
    315.5000000000000       0.2788742387820669E-08    16.31933843649338        266.7993634825230        4369.687369802981        110.8711494441341        43.52107436908729    
    316.5000000000000       0.2872544938640505E-08    16.48464106232217        272.2521337255062        4504.836555547455        111.2208494292912        44.45365711135210    
    317.5000000000000       0.2960727861198741E-08    16.65536210354432        277.9417177478143        4647.320291027999        111.5878769267029        45.38396439469926    
    318.5000000000000       0.3053540481931789E-08    16.83162732388815        283.8779664671750        4797.559030377233        111.9732468285269        46.31184384604325    
    319.5000000000000       0.3151258449382572E-08    17.01356219050980        290.0710785664903        4955.997237283968        112.3780556779034        47.23713051811816    
    320.5000000000000       0.3254178617450712E-08    17.20129248691037        296.5316500824694        5123.106156407113        112.8034892796223        48.15964558688497    
    321.5000000000000       0.3362628627186769E-08    17.39495158524683        303.2709454648822        5299.392204286629        113.2508311017170        49.07919489280865    
    322.5000000000000       0.3476959830126306E-08    17.59467670626376        310.3007780086176        5485.394949217211        113.7214715492911        49.99556730507450    
    323.5000000000000       0.3597518291336476E-08    17.80059602195195        317.6330676067087        5681.676675228034        114.2169181978132        50.90853288483913    
    324.5000000000000       0.3724671472819469E-08    18.01283765619307        325.2801732783555        5888.832603416732        114.7388070783302        51.81784082022575    
    325.5000000000000       0.3858814918534335E-08    18.23153720419129        333.2551802969836        6107.500126046042        115.2889151109361        52.72321710193598    
    326.5000000000000       0.4000377582323952E-08    18.45684365821666        341.5722313234350        6338.372423089258        115.8691737845408        53.62436190401433    
    327.5000000000000       0.4149859787429842E-08    18.68890891224235        350.2460452141589        6582.183578519303        116.4816841792851        54.52094662944478    
    328.5000000000000       0.4307771200555685E-08    18.92787915402508        359.2916834761694        6839.706039410070        117.1287334211850        55.41261057486105    
    329.5000000000000       0.4474662792030823E-08    19.17389701637247        368.7245938254432        7111.751969390964        117.8128126444290        56.29895716272446    
    330.5000000000000       0.4651155435553832E-08    19.42712344372390        378.5615404294749        7399.204507184601        118.5366365120680        57.17954968292486    
    331.5000000000000       0.4837933384157553E-08    19.68771932165367        388.8198997669331        7702.999023980720        119.3031643063460        58.05390647901366    
    332.5000000000000       0.5035717263398598E-08    19.95583290012137        399.5171710048854        8024.110559267379        120.1156225399188        58.92149550740665    
    333.5000000000000       0.5245287266429476E-08    20.23160333652208        410.6711536797018        8363.562070639106        120.9775289510769        59.78172819127845    
    334.5000000000000       0.5467502921218300E-08    20.51517493642040        422.3004896054537        8722.442162484249        121.8927176198376        60.63395248510754    
    335.5000000000000       0.5703332674007260E-08    20.80669493630787        434.4247395386342        9101.914404302708        122.8653647643714        61.47744506182317    
    336.5000000000000       0.5953825951932821E-08    21.10629414797572        447.0633943134691        9503.183343624234        123.9000145320620        62.31140253360766    
    337.5000000000000       0.6220121022880305E-08    21.41410788066439        460.2368576449416        9927.531012992629        125.0016037656870        63.13493162156977    
    338.5000000000000       0.6503476220950976E-08    21.73028103982826        473.9666672390697        10376.32660116621        126.1754842773249        63.94703820149695    
    339.5000000000000       0.6805226795857266E-08    22.05495144726454        488.2748083991951        10851.00803700170        127.4274405708022        64.74661517657991    
    340.5000000000000       0.7126885120551457E-08    22.38825243549661        503.1838381367727        11353.08918539458        128.7637001849150        65.53242916863353    
    341.5000000000000       0.7470107915156509E-08    22.73031180648690        518.7168822365750        11884.16415537734        130.1909328516107        66.30310608388460    
    342.5000000000000       0.7836912781312460E-08    23.08125752088274        534.8978180075608        12445.91384231950        131.7162334500456        67.05711570683773    
    343.5000000000000       0.8229397782409098E-08    23.44121019568958        551.7509870378151        13040.10132255062        133.3470822821153        67.79275561713912    
    344.5000000000000       0.8649611802670714E-08    23.81024700086216        569.2994856234852        13668.51425519484        135.0912745295808        68.50813492260852    
    345.5000000000000       0.9100069732797977E-08    24.18848194918355        587.5689769066644        14333.10466376097        136.9568089784502        69.20115857030629    
    346.5000000000000       0.9584086381520262E-08    24.57604358827676        606.5865033573623        15035.94487014055        138.9517244265102        69.86951334854916    
    347.5000000000000       0.1010486698218226E-07    24.97301974026151        626.3780418793059        15779.15034156293        141.0838710063512        70.51065713189793    
    348.5000000000000       0.1066588253939923E-07    25.37944995334081        646.9679633997257        16564.85808748505        143.3606035681711        71.12181344042364    
    349.5000000000000       0.1127106744132486E-07    25.79541891022356        668.3836888886466        17395.40458106707        145.7883861548529        71.69997395160406    
    350.5000000000000       0.1192534501402785E-07    26.22096711185331        690.6508780602771        18273.13517990413        148.3723016050753        72.24191214701275    
    351.5000000000000       0.1263408171983256E-07    26.65616587345971        713.7975436574123        19200.57626716679        151.1154696979158        72.74421167227521    
    352.5000000000000       0.1340291715859918E-07    27.10102666570507        737.8493483911658        20180.25664086056        154.0183920383520        73.20331305089358    
    353.5000000000000       0.1423873055413427E-07    27.55557533617911        762.8332733219237        21214.84646306614        157.0782622631368        73.61558187892275    
    354.5000000000000       0.1514956938203814E-07    28.01984321367424        788.7772536335577        22307.15121817751        160.2883045882738        73.97740028098274    
    355.5000000000000       0.1614410918724460E-07    28.49384357022880        815.7088444785818        23460.05882005367        163.6372280925521        74.28528104029421    
    356.5000000000000       0.1723307317425288E-07    28.97755026823753        843.6538624623983        24676.47912141307        167.1089013597157        74.53600043480775    
    357.5000000000000       0.1842772246934152E-07    29.47091670925008        872.6374118708562        25959.38877086259        170.6823531058929        74.72674176296249    
    358.5000000000000       0.1974155978601775E-07    29.97389413748700        902.6846605632160        27311.85595231344        174.3321809314611        74.85523758514609    
    359.5000000000000       0.2119063172285663E-07    30.48635907222378        933.8166035746112        28736.85790078437        178.0293992638876        74.91989593362966    
