 # author: MA Kubiak / Space Research Center PAS Warsaw Poland, contact: mkubiak@cbk.waw.pl                          
 # code version Program.keplerV_ellipt_V2      , Dates: calkV:20/04/2026  ; part_pr:20/04/2026                       
 # czas no T v_mas, kier.naplywu(dl, szer) macierz obrotu (ecl to helio), r, theta, phi(ecl,spher), V_detector(ecl,cart), IBEX_energy_channel
 #     2026.079296000000        0.1419110000000000E-01     7443.000000000000        -25.78400000689422         255.7450000000000         5.169000000000000        0.2459841265748581        0.9692738567985851         0.000000000000000       -0.9615244635393438        0.2440174711049008        0.1261989691358298        0.1223213615382913       -0.3104294319752456E-01    0.9920049496797150        0.9759250000000000         129.6259800000000       -0.4710999999999999E-02    -23.11100000000000        -18.90500000000000        0.4900000000000001E-01 00
 # routs_end= 150.00;    Maxwellian,    elliptOrb=Off                                                                                        
 # Numerical parameters: GridKl=10  GridKf=09  GridKV=05  epsV= 0.0000100  epssJon=.0010000                                                  
 # Numerical parameters: GridKl=10  GridKf=09  GridKV=05  epsV= 0.0000100  epssJon=.0010000; tessel128                                                                                                                                                                                                                                                                                                                                                                                                                                                                 
# Axis to the Sun: alpha_ecl= 305.6960000000000000 delta_Ecl= 0.0980000000000000 delta_Ax= 90.0000000000000000  repoint= 00141
 #  flag_atom: He                                                   
 #  flag_general:                                                   
 #                                                                  
 #                                                                  
  # Ly_a_Profil: zero                                               
  # flag_Itot: zero                                                 
 #  v_SW_Eqtr: speed3D.hybrid2026c_patched.dat                      
 #  n_SW_Eqtr: density3D.hybrid2026c_patched.dat                    
 #  phot_Eqtr: 0.8500000  phion_Helium_T12F107_2026c.dat            
 #  sigma_SW: p+He->H +He+, He + alpha (2 chnls);src:simuLosses.nb  
 #  flag_el:slow  swEqtrElectrons5.2026c.patched.dat                
 #  SW_lati: interpolation                                          
 #  phot_lati: analit pole-flattened after Pryor & Auchere          
 #
 #
 #
 #Spin  flux speed	speed^2 speed^3    long_ecl lat_ecl
   0.5000000000000000       0.4187952732757754E-03    32.74679770842079        1077.548953106155        35626.20255095459        204.6068870656894        89.49048424130599    
    1.500000000000000       0.4611420806423300E-03    33.32316261363101        1115.795178619414        37538.70148598633        211.9588442058413        88.49680030090362    
    2.500000000000000       0.5087483251476411E-03    33.91005767574759        1155.422573617372        39554.94202529076        213.4525817644906        87.49807865095381    
    3.500000000000000       0.5624221276271988E-03    34.50728209390429        1196.452153355013        41678.96422450978        214.0941349102225        86.49862747052286    
    4.500000000000000       0.6231037534468767E-03    35.11472232050095        1238.912869214338        43915.43675453390        214.4509909746654        85.49893270528051    
    5.500000000000000       0.6919217878041176E-03    35.73235099311611        1282.839563605724        46269.45796658657        214.6783410233022        84.49912715666957    
    6.500000000000000       0.7702330111369538E-03    36.36015008598562        1328.268596280929        48746.38905432512        214.8359324510164        83.49926193973114    
    7.500000000000000       0.8596272919804113E-03    36.99791279150134        1375.221928318266        51350.90067421480        214.9516606986205        82.49936091670720    
    8.500000000000000       0.9620690124150782E-03    37.64565309493825        1423.738687088582        54088.80718381762        215.0402979725839        81.49943672314298    
    9.500000000000000       0.1079903035462070E-02    38.30323820017137        1473.846796316634        56965.42277343769        215.1103980830310        80.49949667530997    
    10.50000000000000       0.1216003000153222E-02    38.97063969349802        1525.582803197651        59986.74373850961        215.1672568744094        79.49954530273777    
    11.50000000000000       0.1373936258250876E-02    39.64785649617792        1578.985996983606        63159.11929026641        215.2143284595214        78.49958555966595    
    12.50000000000000       0.1558055110677410E-02    40.33492707292832        1634.099608884087        66489.33996624629        215.2539617957013        77.49961945508552    
    13.50000000000000       0.1773777510711175E-02    41.03174638399153        1690.954908167918        69983.60417424575        215.2878099475850        76.49964840279615    
    14.50000000000000       0.2027902039455673E-02    41.73826827361883        1749.588182139113        73648.59381736173        215.3170700232720        75.49967342662764    
    15.50000000000000       0.2328892916169464E-02    42.45435278273737        1810.027770235077        77490.64798835665        215.3426302430225        74.49969528622745    
    16.50000000000000       0.2687566575016127E-02    43.17995503866533        1872.310424554918        81516.83516203059        215.3651635339475        73.49971455711122    
    17.50000000000000       0.3117700147018415E-02    43.91511705504476        1936.481582683057        85735.04517175554        215.3851890379981        72.49973168326908    
    18.50000000000000       0.3637103642889910E-02    44.65991878415431        2002.590460368408        90153.62652581136        215.4031136730181        71.49974701271151    
    19.50000000000000       0.4268636382577417E-02    45.41410849757202        2070.655673427558        94778.97887170051        215.4192609067012        70.49976082207863    
    20.50000000000000       0.5042306413732892E-02    46.17756907039321        2140.707765053502        99618.47852913944        215.4338911094496        69.49977333404712    
    21.50000000000000       0.5997512730995350E-02    46.95013879024171        2212.773030666941        104679.3836619590        215.4472162277040        68.49978472987969    
    22.50000000000000       0.7186751613024002E-02    47.73174035411578        2286.886087441354        109969.7580126938        215.4594105446020        67.49979515862790    
    23.50000000000000       0.8680256029291378E-02    48.52210906133682        2363.062235818207        115496.3587565404        215.4706186933782        66.49980474398589    
    24.50000000000000       0.1057291238484041E-01    49.32093624215759        2441.311501189071        121265.6730308157        215.4809617083967        65.49981358946508    
    25.50000000000000       0.1299431003243292E-01    50.12782027566505        2521.632737606977        127283.3923264198        215.4905416524822        64.49982178235204    
    26.50000000000000       0.1612265121444995E-01    50.94221371425942        2604.007493987217        133553.8756420582        215.4994451966048        63.49982939676971    
    27.50000000000000       0.2020532169949716E-01    51.76338340208052        2688.394984553859        140079.6806318241        215.5077464185831        62.49983649607098    
    28.50000000000000       0.2558985277671439E-01    52.59058081248724        2774.748215318800        146862.6761219248        215.5155090126189        61.49984313472854    
    29.50000000000000       0.3276674592378574E-01    53.42258493343009        2862.964220778017        153899.9470444740        215.5227880494620        60.49984935983991    
    30.50000000000000       0.4243867879719973E-01    54.25834803279553        2952.951698404531        161189.0821130391        215.5296313903364        59.49985521233700    
    31.50000000000000       0.5561535215749754E-01    55.09629827363762        3044.555012320808        168721.9147382244        215.5360808315678        58.49986072796478    
    32.50000000000000       0.7377044667382493E-01    55.93518797090336        3137.646022530715        176491.9584795361        215.5421730379151        57.49986593807965    
    33.50000000000000       0.9906247668661706E-01    56.77329480007198        3232.034095764498        184486.7254369275        215.5479403087551        56.49987087030460    
    34.50000000000000       0.1346885366998705        57.60889210667014        3327.516441144116        192691.7030732579        215.5534112110363        55.49987554907061    
    35.50000000000000       0.1854156255362508        58.44010091561557        3423.861925070539        201088.9661180539        215.5586111052698        54.49987999606638    
    36.50000000000000       0.2584142253506474        59.26523106047978        3520.851427224513        209660.7150358712        215.5635625850740        53.49988423061439    
    37.50000000000000       0.3645428377768771        60.08250771613479        3618.243968726322        218386.0526005373        215.5682858464071        52.49988826998653    
    38.50000000000000       0.5203361798554140        60.89013035139022        3715.783964796066        227241.5810211890        215.5727989992743        51.49989212967078    
    39.50000000000000       0.7511194524749866        61.68636135541593        3813.212789281751        236202.4775188432        215.5771183321028        50.49989582359726    
    40.50000000000000        1.095903962935870        62.46980698738422        3910.305973518042        245246.1273873168        215.5812585369671        49.49989936433086    
    41.50000000000000        1.614997394320214        63.23911641578233        4006.835440545703        254348.4983849838        215.5852329022682        48.49990276323601    
    42.50000000000000        2.401923158075304        63.99313604935762        4102.591529503363        263486.4368777950        215.5890534782277        47.49990603061827    
    43.50000000000000        3.602029896140263        64.73081371707988        4197.371148655803        272636.5245128392        215.5927312195736        46.49990917584626    
    44.50000000000000        5.441282322065359        65.45106108944064        4290.960291356242        281773.3732498823        215.5962761090040        45.49991220745734    
    45.50000000000000        8.271000467963816        66.15296639956176        4383.163523606087        290872.6634743287        215.5996972643887        44.49991513324923    
    46.50000000000000        12.63706110113239        66.83590314223655        4473.820876671948        299913.0633422243        215.6030030321569        43.49991796035994    
    47.50000000000000        19.38542730314373        67.49938941797762        4562.790577349785        308874.6410573170        215.6062010689076        42.49992069533747    
    48.50000000000000        29.82272857803571        68.14310208138724        4649.952144817858        317739.3030739443        215.6092984129430        41.49992334420108    
    49.50000000000000        45.95772688312754        68.76686877447609        4735.206444494012        326490.9256392005        215.6123015471523        40.49992591249504    
    50.50000000000000        70.85963454442198        69.37050054439506        4818.452812890974        335113.0155444000        215.6152164544438        39.49992840533599    
    51.50000000000000        109.1853575245837        69.95394360420867        4899.610945518745        343591.0918348083        215.6180486667409        38.49993082745493    
    52.50000000000000        167.9434463346913        70.51718357024923        4978.607842421288        351911.3646103271        215.6208033084011        37.49993318323425    
    53.50000000000000        257.5785095941916        71.06020559478821        5055.372187142734        360060.1535496817        215.6234851347874        36.49993547674082    
    54.50000000000000        393.4878192127555        71.58302391908208        5129.839379241732        368024.5385902399        215.6260985666176        35.49993771175526    
    55.50000000000000        598.0929701344166        72.08573536867537        5201.959629777893        375793.2996369635        215.6286477206247        34.49993989179828    
    56.50000000000000        903.6104528741083        72.56847374563972        5271.691294017605        383356.2033333480        215.6311364369863        33.49994202015402    
    57.50000000000000        1355.662345659545        73.03141266256117        5339.001434137420        390704.0993512675        215.6335683039181        32.49994409989119    
    58.50000000000000        2017.839094353906        73.47481189245993        5403.873146582183        397829.8076718394        215.6359466797731        31.49994613388188    
    59.50000000000000        2977.240287320024        73.89889250206704        5466.286572216984        404725.9671504936        215.6382747129392        30.49994812481863    
    60.50000000000000        4350.914733889990        74.30386971265737        5526.224044080999        411385.6597121569        215.6405553597945        29.49995007522974    
    61.50000000000000        6292.973901628392        74.68997222817038        5583.672751418571        417802.7000474587        215.6427914009407        28.49995198749325    
    62.50000000000000        9001.935085261623        75.05747301202420        5638.629526102245        423972.2110493755        215.6449854559100        27.49995386384938    
    63.50000000000000        12727.42083987840        75.40665696659995        5691.095851600077        429890.0586145783        215.6471399965166        26.49995570641206    
    64.50000000000000        17775.16305413259        75.73785169109971        5741.082709254601        435553.4396419583        215.6492573589997        25.49995751717928    
    65.50000000000000        24508.66305926516        76.05139239162395        5788.605114281287        440960.2570029159        215.6513397550915        24.49995929804251    
    66.50000000000000        33346.30038349348        76.34764693245931        5833.685888855304        446109.5585609802        215.6533892821243        23.49996105079541    
    67.50000000000000        44751.60993044938        76.62700169976615        5876.353394250073        451001.2751479649        215.6554079322786        22.49996277714173    
    68.50000000000000        59215.39811063009        76.88985316377745        5916.640054921399        455636.0385798242        215.6573976010627        21.49996447870248    
    69.50000000000000        77229.12695731483        77.13661591873696        5954.583629036222        460015.3429390363        215.6593600951045        20.49996615702275    
    70.50000000000000        99248.03761316165        77.36772377957389        5990.227370734618        464141.5710276528        215.6612971393245        19.49996781357768    
    71.50000000000000        125646.0502527996        77.58362882842124        6023.619756364841        468017.9556304029        215.6632103835562        18.49996944977822    
    72.50000000000000        156665.6609737737        77.78479977853259        6054.814092904217        471648.5244842034        215.6651014086674        17.49997106697633    
    73.50000000000000        192364.2897989584        77.97170298635183        6083.865418480872        475037.7267275752        215.6669717322359        16.49997266646987    
    74.50000000000000        232563.3080530294        78.14480942903107        6110.831498518148        478190.5441636803        215.6688228138227        15.49997424950704    
    75.50000000000000        276807.4222932734        78.30459345806227        6135.772492713567        481112.4410547386        215.6706560598849        14.49997581729066    
    76.50000000000000        324339.1690335145        78.45150684800339        6158.746704669665        483808.8459185266        215.6724728283654        13.49997737098206    
    77.50000000000000        374093.3928190369        78.58599728785120        6179.813418591442        486285.4817513878        215.6742744329909        12.49997891170471    
    78.50000000000000        424718.9882948100        78.70849231679715        6199.030191914241        488548.0277416960        215.6760621473109        11.49998044054777    
    79.50000000000000        474627.3849432860        78.81938754830453        6216.450862563919        490601.8698864687        215.6778372085041        10.49998195856929    
    80.50000000000000        522066.9730360353        78.91904629420115        6232.125346123368        492452.0617612962        215.6796008209771        9.499983466799252    
    81.50000000000000        565221.5295869348        79.00779982200302        6246.099525824195        494103.2953503535        215.6813541597789        8.499984966242573    
    82.50000000000000        602321.3870907279        79.08593297995694        6258.412894820581        495559.6125741483        215.6830983738531        7.499986457881840    
    83.50000000000000        631764.0987302953        79.15368923034102        6269.099235219827        496824.4728777646        215.6848345891472        6.499987942679930    
    84.50000000000000        652227.9588713447        79.21126994739359        6278.186434435163        497900.7238256928        215.6865639115959        5.499989421582653    
    85.50000000000000        662770.0779870098        79.25882468635248        6285.694836621186        498790.3931047340        215.6882874299989        4.499990895521157    
    86.50000000000000        662893.8756302367        79.29644503779664        6291.636237085036        499494.5655750435        215.6900062188060        3.499992365414282    
    87.50000000000000        652593.8464684902        79.32418658041878        6296.017333743844        500013.7909382168        215.6917213408272        2.499993832170948    
    88.50000000000000        632353.9991080249        79.34204354235574        6298.835590026819        500347.5773233019        215.6934338498814        1.499995296692386    
    89.50000000000000        603105.5134048982        79.34994276548339        6300.078326127285        500494.2895411832        215.6951447933982       0.4999967598743260    
    90.50000000000000        566160.1235194335        79.34778604606414        6299.729504746419        500451.9652787903        215.6968552149862      -0.5000017773907351    
    91.50000000000000        523115.7726907581        79.33542028544967        6297.764902069648        500217.7286725026        215.6985661569820       -1.500000314211389    
    92.50000000000000        475739.4864436782        79.31263211303695        6294.151313444265        499787.7031779122        215.7002786629918       -2.499998849695179    
    93.50000000000000        425846.2613447378        79.27916365256587        6288.849171712436        499157.3369661884        215.7019937804405       -3.499997382946348    
    94.50000000000000        375192.5826441815        79.23472188731323        6281.814023363526        498321.5769179302        215.7037125631402       -4.499995913063674    
    95.50000000000000        325374.3634855908        79.17896415862710        6272.994325705798        497274.6182088061        215.7054360738913       -5.499994439138293    
    96.50000000000000        277748.7871761394        79.11150483913512        6262.332639536914        496010.0615089084        215.7071653871322       -6.499992960251346    
    97.50000000000000        233390.1279907852        79.03194555357621        6249.770520801672        494521.5060610497        215.7089015916481       -7.499991475471719    
    98.50000000000000        193065.9918946900        78.93984119919033        6235.243185531322        492801.9200267548        215.7106457933573       -8.499989983853641    
    99.50000000000000        157239.3091672700        78.83472805505696        6218.684187606538        490844.2224855842        215.7123991181878       -9.499988484434260    
    100.5000000000000        126096.0431753389        78.71615128184689        6200.029953240562        488641.8418912656        215.7141627150615       -10.49998697623102    
    101.5000000000000        99585.56644299654        78.58363772207716        6179.215482508417        486188.2041100468        215.7159377590027       -11.49998545823906    
    102.5000000000000        77469.11336417394        78.43668722778293        6156.173175379212        483476.6134741618        215.7177254543906       -12.49998392942843    
    103.5000000000000        59374.38852983064        78.27483933161437        6130.843569582388        480501.5479898930        215.7195270383735       -13.49998238874115    
    104.5000000000000        44846.72834454770        78.09761128989942        6103.165535281414        477257.4901296151        215.7213437844676       -14.49998083508811    
    105.5000000000000        33393.59693139024        77.90453732093276        6073.082767261940        473739.7275113876        215.7231770063631       -15.49997926734591    
    106.5000000000000        24522.25293757733        77.69519392076637        6040.547908037074        469944.8516381392        215.7250280619628       -16.49997768435327    
    107.5000000000000        17766.81561344659        77.46915410823692        6005.515268702736        465869.8816440490        215.7268983576805       -17.49997608490744    
    108.5000000000000        12706.37470310963        77.22603760475417        5967.948949834772        461513.2443022724        215.7287893530300       -18.49997446776033    
    109.5000000000000        8974.947614780647        76.96544310855930        5927.812166823797        456873.5026749263        215.7307025655383       -19.49997283161415    
    110.5000000000000        6264.648627340604        76.68698532266777        5885.073289295215        451950.0862614910        215.7326395760180       -20.49997117511703    
    111.5000000000000        4324.175252698343        76.39032896611117        5839.711222782166        446743.9210753607        215.7346020342432       -21.49996949685814    
    112.5000000000000        2953.678509769751        76.07515348844919        5791.709864667660        441256.7651824008        215.7365916650703       -22.49996779536243    
    113.5000000000000        1998.091217613031        75.74117846465403        5741.062107979635        435491.6712998217        215.7386102750581       -23.49996606908494    
    114.5000000000000        1339.728605035098        75.38811176434184        5687.762000124190        429452.0845439253        215.7406597596408       -24.49996431640478    
    115.5000000000000        891.1505252967779        75.01570576839123        5631.813355519485        423142.8198398284        215.7427421109191       -25.49996253561833    
    116.5000000000000        588.6048381674932        74.62374874577509        5573.228459627381        416569.9007437653        215.7448594261391       -26.49996072493213    
    117.5000000000000        386.4255659808035        74.21201856348486        5512.020791892421        409739.6860834752        215.7470139169409       -27.49995888245479    
    118.5000000000000        252.4212385091320        73.78036994513393        5448.218511885934        402660.4199193628        215.7492079194645       -28.49995700618852    
    119.5000000000000        164.2362383201188        73.32859000445031        5381.842269814694        395339.6548447374        215.7514439054170       -29.49995509401963    
    120.5000000000000        106.5557687463357        72.85658710677639        5312.934342424167        387787.6104590374        215.7537244942162       -30.49995314370798    
    121.5000000000000        69.01530660180295        72.36422253153255        5241.532385940421        380014.0826693361        215.7560524663400       -31.49995115287585    
    122.5000000000000        44.67640299265841        71.85136048658649        5167.676960046518        372029.2771753677        215.7584307780336       -32.49994911899514    
    123.5000000000000        28.93966900080089        71.31802020344384        5091.434520397583        363846.4028837976        215.7608625775418       -33.49994703937352    
    124.5000000000000        18.78061648892512        70.76423443624752        5012.875485661708        355479.1061138245        215.7633512230631       -34.49994491113917    
    125.5000000000000        12.22484109987893        70.19004961862669        4932.074018935756        346941.4035668246        215.7659003026471       -35.49994273122374    
    126.5000000000000        7.991147717790914        69.59567639927999        4849.129692588857        338250.0108528501        215.7685136562916       -36.49994049634330    
    127.5000000000000        5.251891018274520        68.98153011435096        4764.172292816029        329424.7380975112        215.7711954005355       -37.49993820297752    
    128.5000000000000        3.474200481395131        68.34807182837631        4677.337452075049        320485.6891344003        215.7739499558869       -38.49993584734616    
    129.5000000000000        2.315787913913153        67.69589574228732        4588.778335877631        311454.4299885190        215.7767820774816       -39.49993342538270    
    130.5000000000000        1.556989463677473        67.02573603498041        4498.665951802143        302353.9575183853        215.7796968894309       -40.49993093270517    
    131.5000000000000        1.056857301552841        66.33835416554705        4407.171753217610        293206.7072018902        215.7826999233909       -41.49992836458308    
    132.5000000000000       0.7248597744229258        65.63468303320958        4314.487022648268        284036.5271113085        215.7857971619797       -42.49992571590023    
    133.5000000000000       0.5027039883379065        64.91577118384004        4220.813896151864        274867.6384446329        215.7889950877703       -43.49992298111293    
    134.5000000000000       0.3527481090032604        64.18294299471586        4126.385822683284        265726.6214910905        215.7923007387208       -44.49992015420252    
    135.5000000000000       0.2505688379516554        63.43758380634129        4031.436908134238        256639.1745591867        215.7957217710539       -45.49991722862159    
    136.5000000000000       0.1802422521191888        62.68114106646767        3936.201502478746        247630.0586941408        215.7992665307879       -46.49991419723289    
    137.5000000000000       0.1313267592744691        61.91519153907365        3840.922520390996        238723.9111087348        215.8029441353422       -47.49991105223947    
    138.5000000000000       0.9693157526880983E-01    61.14138633357727        3745.843183149415        229944.3798156812        215.8067645669206       -48.49990778510479    
    139.5000000000000       0.7247392775120273E-01    60.36133732792784        3651.192743387813        221312.8222977504        215.8107387797072       -49.49990438646117    
    140.5000000000000       0.5488398235570409E-01    59.57661313033618        3557.185551191185        212848.2257559130        215.8148788233244       -50.49990084600413    
    141.5000000000000       0.4208823930379150E-01    58.78875527734126        3464.023913032345        204567.6065185024        215.8191979855113       -51.49989715237030    
    142.5000000000000       0.3267301932134409E-01    57.99926776577292        3371.897444180590        196486.0518882563        215.8237109576091       -52.49989329299609    
    143.5000000000000       0.2566599962497713E-01    57.20949596036655        3280.968479941312        188615.4355774729        215.8284340272311       -53.49988925395281    
    144.5000000000000       0.2039252079151944E-01    56.42063294359679        3191.373873985333        180964.7193211023        215.8333853034767       -54.49988501975398    
    145.5000000000000       0.1637979903259327E-01    55.63369240397941        3103.223133948829        173539.9366839953        215.8385849812928       -55.49988057312947    
    146.5000000000000       0.1329331882787928E-01    54.84948874442571        3016.597242163610        166344.2227127681        215.8440556531653       -56.49987589475878    
    147.5000000000000       0.1089448921530564E-01    54.06875349928886        2931.563599001802        159379.2671607770        215.8498226783335       -57.49987096295535    
    148.5000000000000       0.9011121073109189E-02    53.29202285094453        2848.163972127815        152644.3637784469        215.8559146223122       -58.49986575329071    
    149.5000000000000       0.7518099118304589E-02    52.51980092702288        2766.433794024705        146138.1381116865        215.8623637828567       -59.49986023814462    
    150.5000000000000       0.6323397618323178E-02    51.75243465119355        2686.388976147897        139857.5170418636        215.8692068228845       -60.49985438616387    
    151.5000000000000       0.5358860373972129E-02    50.99022439377274        2608.038555339645        133798.8216031036        215.8764855366216       -61.49984816160708    
    152.5000000000000       0.4573497981678471E-02    50.23341433272110        2531.384300689519        127957.7977618844        215.8842477828876       -62.49984152354658    
    153.5000000000000       0.3928807214657605E-02    49.48218129696404        2456.419917333142        122329.5855707573        215.8925486296655       -63.49983442488944    
    154.5000000000000       0.3395510250239071E-02    48.73670466829831        2383.138420005403        116909.3092768677        215.9014517679574       -64.49982681116867    
    155.5000000000000       0.2951132093854576E-02    47.99707976369907        2311.523445267871        111691.4262754197        215.9110312718614       -65.49981861903768    
    156.5000000000000       0.2578273293309901E-02    47.26344675486892        2241.562691713290        106670.7809848976        215.9213738079956       -66.49980977438106    
    157.5000000000000       0.2263394700743326E-02    46.53592536628219        2173.241403172529        101842.1210532527        215.9325814340617       -67.49980018992109    
    158.5000000000000       0.1995817944194199E-02    45.81463102252626        2106.543964439861        97200.21332080333        215.9447751783520       -68.49978976215679    
    159.5000000000000       0.1767123989003725E-02    45.09967591777383        2041.453768326493        92739.81892333706        215.9580996668489       -69.49977836740656    
    160.5000000000000       0.1570581896224989E-02    44.39112287933370        1977.949205817999        88455.43745263403        215.9727291739580       -70.49976585663394    
    161.5000000000000       0.1400795736149461E-02    43.68908153575095        1916.012762111515        84341.95367942067        215.9888756355090       -71.49975204859454    
    162.5000000000000       0.1253429240358089E-02    42.99369599726122        1855.629503033718        80394.50622069374        216.0067994088814       -72.49973672063417    
    163.5000000000000       0.1124942758288112E-02    42.30508897036943        1796.782324269990        76608.18928971916        216.0268239456077       -73.49971959614068    
    164.5000000000000       0.1012438939518560E-02    41.62344594805189        1739.459027318336        72978.49572040625        216.0493561432270       -74.49970032713877    
    165.5000000000000       0.9135421151175029E-03    40.94890715746754        1683.642801801775        69500.68888598980        216.0749151178230       -75.49967846968305    
    166.5000000000000       0.8262823171069451E-03    40.28164097112238        1629.318696070033        66170.23448583078        216.1041737630331       -76.49965344831597    
    167.5000000000000       0.7490247255144924E-03    39.62177492630092        1576.467914058814        62982.44603451982        216.1380202550200       -77.49962450346661    
    168.5000000000000       0.6803905239619389E-03    38.96944489345651        1525.071767025427        59932.72360601559        216.1776516425861       -78.49959061140818    
    169.5000000000000       0.6192335170931365E-03    38.32481804778497        1475.113631351452        57016.68194356770        216.2247209087048       -79.49955035848309    
    170.5000000000000       0.5645883136039021E-03    37.68804418719915        1426.575234342642        54229.93633201704        216.2815768950459       -80.49950173590206    
    171.5000000000000       0.5156279178718338E-03    37.05927480543740        1379.437970282484        51568.17084452985        216.3516735449961       -81.49944178972130    
    172.5000000000000       0.4716602142494950E-03    36.43872080440676        1333.687321650809        49027.39220031203        216.4403064445241       -82.49936599086385    
    173.5000000000000       0.4320815278004714E-03    35.82657068016034        1289.306718395708        46603.58379724855        216.5560289888658       -83.49926702378717    
    174.5000000000000       0.3963817748037008E-03    35.22296553788391        1246.275422603131        44292.57180205893        216.7136126738988       -84.49913225419968    
    175.5000000000000       0.3641157733901195E-03    34.62810437492584        1204.576651012252        42090.49674559733        216.9409516139307       -85.49893782221457    
    176.5000000000000       0.3349034714390808E-03    34.04212921608689        1164.189244488496        39993.35714080258        217.2977904111044       -86.49863261779396    
    177.5000000000000       0.3084033560326817E-03    33.46520316152983        1125.093161585860        37997.30089896070        217.9393130831067       -87.49808385232164    
    178.5000000000000       0.2843301242981680E-03    32.89746442795116        1087.266199859055        36098.44602387943        219.4329827156326       -88.49680562578699    
    179.5000000000000       0.2624375106079002E-03    32.33930635542580        1050.700626816498        34293.60057379511        226.7846735230586       -89.49049012015588    
    180.5000000000000       0.2424563621146632E-03    31.78878115498119        1015.243095375237        32573.05165661722        24.60755316827206       -89.49048028928136    
    181.5000000000000       0.2242398672429360E-03    31.24970167257864        981.1148462650996        30945.14164124790        31.95905220067981       -88.49679562918982    
    182.5000000000000       0.2075972001042369E-03    30.71980119387913        948.1282735503415        29397.97175571064        33.45270592632768       -87.49807384210141    
    183.5000000000000       0.1923748231016873E-03    30.19951579984087        916.2845237813407        27929.50268309267        34.09422420056737       -86.49862260381079    
    184.5000000000000       0.1784300672464566E-03    29.68885846815329        885.5545446366805        26536.17993036551        34.45106118604262       -85.49892780668156    
    185.5000000000000       0.1656487992550785E-03    29.18799852139110        855.9193765401425        25215.03051007900        34.67839920857018       -84.49912223788196    
    186.5000000000000       0.1539212385292797E-03    28.69693836316265        827.3498711683246        23962.70034472391        34.83598236577433       -83.49925700701795    
    187.5000000000000       0.1431480164950673E-03    28.21572885378913        799.8203232004661        22776.09844194285        34.95170457890604       -82.49935597381142    
    188.5000000000000       0.1332463508414362E-03    27.74442239592538        773.3054551648469        21652.25050295967        35.04033725706304       -81.49943177247945    
    189.5000000000000       0.1241375366852265E-03    27.28302544936932        747.7778863802628        20588.19225220774        35.11043375178528       -80.49949171852751    
    190.5000000000000       0.1157501860627985E-03    26.83154538238842        723.2108312615960        19581.08412342152        35.16728962509551       -79.49954034101189    
    191.5000000000000       0.1080212681651244E-03    26.38992894839445        699.5746564119048        18628.06104532290        35.21435880636595       -78.49958059386441    
    192.5000000000000       0.1008949070124619E-03    25.95820687938951        676.8452513547126        17726.59409391881        35.25399012862119       -77.49961448586697    
    193.5000000000000       0.9431816110401067E-04    25.53630515774798        654.9932605279802        16874.02260958358        35.28783656926732       -76.49964343067245    
    194.5000000000000       0.8824490146935121E-04    25.12417649390495        633.9915771814237        16067.87233555549        35.31709517338983       -75.49966845200439    
    195.5000000000000       0.8263290060377191E-04    24.72176308533743        613.8132988352456        15305.76628717064        35.34265411459328       -74.49969030943151    
    196.5000000000000       0.7744440941783798E-04    24.32899120741439        594.4314401950452        14585.40961240932        35.36518628470773       -73.49970957840992    
    197.5000000000000       0.7264358389646073E-04    23.94577168009668        575.8190220015297        13904.59110241770        35.38521079851059       -72.49972670288382    
    198.5000000000000       0.6819953007084969E-04    23.57202476187202        557.9503725114434        13261.23088140284        35.40313455257793       -71.49974203082765    
    199.5000000000000       0.6408308070557402E-04    23.20766576297585        540.8003937802516        12653.34821514007        35.41928099771968       -70.49975583885302    
    200.5000000000000       0.6026757651300740E-04    22.85258582720118        524.3435797273038        12079.01988502591        35.43391049076440       -69.49976834961366    
    201.5000000000000       0.5672947173839739E-04    22.50669594779553        508.5562395784989        11536.46134151504        35.44723496711617       -68.49977974435348    
    202.5000000000000       0.5344567472378764E-04    22.16984217322830        493.4123624890827        11023.87129377156        35.45942870084701       -67.49979017210873    
    203.5000000000000       0.5039677949287390E-04    21.84192092165372        478.8892171490405        10539.63296763233        35.47063631767568       -66.49979975656079    
    204.5000000000000       0.4756351864779401E-04    21.52279122551230        464.9631333740826        10082.15792974975        35.48097884568307       -65.49980860121047    
    205.5000000000000       0.4492955622969948E-04    21.21231265191201        451.6112319525166        9649.942886362080        35.49055834240032       -64.49981679333533    
    206.5000000000000       0.4247915696009275E-04    20.91033735693549        438.8111772956996        9241.561849304106        35.49946147430654       -63.49982440705064    
    207.5000000000000       0.4019824722826717E-04    20.61671942483309        426.5414593146443        8855.668204365784        35.50776231538550       -62.49983150570290    
    208.5000000000000       0.3807398129516325E-04    20.33130072037142        414.7808413032907        8490.976266971797        35.51552455654480       -61.49983814375904    
    209.5000000000000       0.3609430891572365E-04    20.05394753526892        403.5098672046786        8146.304913684575        35.52280326568870       -60.49984436831190    
    210.5000000000000       0.3424839379972602E-04    19.78445878032920        392.7069712057896        7820.451674525537        35.52964630157052       -59.49985022028911    
    211.5000000000000       0.3252606632287840E-04    19.52269480295886        382.3539278620071        7512.363290012234        35.53609545836071       -58.49985573543196    
    212.5000000000000       0.3091839073366199E-04    19.26849535420546        372.4323011040578        7221.018657734694        35.54218739892931       -57.49986094509371    
    213.5000000000000       0.2941694097749054E-04    19.02170891611833        362.9246952399396        6945.466634362737        35.54795442099137       -56.49986587689448    
    214.5000000000000       0.2801399184092293E-04    18.78218236452056        353.8142944339933        6684.808960267649        35.55342509002701       -55.49987055526274    
    215.5000000000000       0.2670245373006976E-04    18.54976244353664        345.0848619637462        6438.196681318131        35.55862476524577       -54.49987500188502    
    216.5000000000000       0.2547575628648263E-04    18.32430408304995        336.7210908012313        6204.839659860088        35.56357603910777       -53.49987923608182    
    217.5000000000000       0.2432787032751465E-04    18.10565200970043        328.7078278079368        5983.980569729601        35.56829910653765       -52.49988327512322    
    218.5000000000000       0.2325323674517832E-04    17.89366531364545        321.0310282893740        5774.921399847508        35.57281207661510       -51.49988713449571    
    219.5000000000000       0.2224663775490320E-04    17.68818887269411        313.6766093689944        5576.987665232745        35.57713123693647       -50.49989082812795    
    220.5000000000000       0.2130339230029982E-04    17.48908688293591        306.6317275485793        5389.563786938158        35.58127127882808       -49.49989436858350    
    221.5000000000000       0.2041900333644951E-04    17.29620736804624        299.8834058108651        5212.052117107548        35.58524549001564       -48.49989776722575    
    222.5000000000000       0.1958945543292517E-04    17.10940884078575        293.4195035781151        5043.898440067695        35.58906592011005       -47.49990103435917    
    223.5000000000000       0.1881104630846516E-04    16.92856015661568        287.2286993053183        4884.590214949380        35.59274352328506       -46.49990417935141    
    224.5000000000000       0.1808025841150626E-04    16.75351465485257        281.2995038605422        4733.627477299202        35.59628828173526       -45.49990721073902    
    225.5000000000000       0.1739395887267004E-04    16.58414795126716        275.6216352222798        4590.559643716680        35.59970931287196       -44.49991013631892    
    226.5000000000000       0.1674918938930678E-04    16.42032809569278        270.1848980932787        4454.953213600535        35.60301496270596       -43.49991296322837    
    227.5000000000000       0.1614322207913173E-04    16.26192789900066        264.9796234918393        4326.402913636016        35.60621288745366       -42.49991569801479    
    228.5000000000000       0.1557356416501408E-04    16.10883013673399        259.9968261492164        4204.534550262074        35.60931012506716       -41.49991834669681    
    229.5000000000000       0.1503784624474645E-04    15.96091007546994        255.2275713440102        4088.987227061200        35.61231315811420       -40.49992091481814    
    230.5000000000000       0.1453391457240265E-04    15.81805403234785        250.6636081987545        3979.429089012490        35.61522796920802       -39.49992340749491    
    231.5000000000000       0.1405979924886699E-04    15.68015143545132        246.2970698546664        3875.548403576282        35.61806009000069       -38.49992582945765    
    232.5000000000000       0.1361364101662408E-04    15.54709047358383        242.1203158507747        3777.048866516608        35.62081464459945       -37.49992818508843    
    233.5000000000000       0.1319373428269451E-04    15.41876543659192        238.1261657079613        3683.654776482825        35.62349638813663       -36.49993047845356    
    234.5000000000000       0.1279850180341192E-04    15.29507394454778        234.3077857975796        3595.107319684015        35.62610974111710       -35.49993271333342    
    235.5000000000000       0.1242647692395551E-04    15.17591654841140        230.6586645142211        3511.163340455763        35.62865882007682       -34.49993489324838    
    236.5000000000000       0.1207628000706710E-04    15.06119512900653        227.1725510308390        3431.593314162442        35.63114746501113       -33.49993702148219    
    237.5000000000000       0.1174663917482052E-04    14.95081544872819        223.8435219191757        3356.182303007478        35.63357926396709       -32.49993910110332    
    238.5000000000000       0.1143637901329174E-04    14.84468791822895        220.6659959284385        3284.729822984573        35.63595757514091       -31.49994113498363    
    239.5000000000000       0.1114442937140489E-04    14.74272862794411        217.6347499088898        3217.049591840987        35.63828554677553       -30.49994312581532    
    240.5000000000000       0.1086977188045520E-04    14.64485473376480        214.7447672281050        3152.965581285234        35.64056613511420       -29.49994507612654    
    241.5000000000000       0.1061144874073668E-04    14.55098527602880        211.9912532501977        3092.311947322414        35.64280212063332       -28.49994698829511    
    242.5000000000000       0.1036857651524804E-04    14.46104268515271        209.3696715925110        3034.933454907978        35.64499612274891       -27.49994886456101    
    243.5000000000000       0.1014033989397613E-04    14.37495282716279        206.8757362661396        2980.684921196495        35.64715061316680       -26.49995070703800    
    244.5000000000000       0.9925933808531964E-05    14.29263815013743        204.5051983857185        2929.426083408035        35.64926792802571       -25.49995251772394    
    245.5000000000000       0.9724687738657584E-05    14.21403348661979        202.2543098605924        2881.031673044578        35.65135027896436       -24.49995429851007    
    246.5000000000000       0.9535956459027128E-05    14.13907374152251        200.1194477805814        2835.382689025674        35.65339976322798       -23.49995605118994    
    247.5000000000000       0.9359137343710950E-05    14.06769673776831        198.0971932593148        2792.367915838618        35.65541837291615       -22.49995777746720    
    248.5000000000000       0.9193693471015582E-05    13.99984589434811        196.1844023931710        2751.885213167207        35.65740800346215       -21.49995947896267    
    249.5000000000000       0.9039123145975038E-05    13.93546676643273        194.3780975685811        2713.838868478534        35.65937046142384       -20.49996115722132    
    250.5000000000000       0.8894963623092597E-05    13.87450789848900        192.6754879492438        2678.139865519982        35.66130747165704       -19.49996281371825    
    251.5000000000000       0.8760772599444593E-05    13.81691871317777        191.0739029951699        2644.704242630544        35.66322068393489       -18.49996444986422    
    252.5000000000000       0.8636173300250674E-05    13.76265590190852        189.5709707223653        2613.456751962836        35.66511167906961       -17.49996606701114    
    253.5000000000000       0.8520815523290825E-05    13.71167844073749        188.1644693499977        2584.327484091139        35.66698197458732       -16.49996766645681    
    254.5000000000000       0.8414376474649611E-05    13.66394839760338        186.8523463256994        2557.252132060504        35.66883303000137       -15.49996924944929    
    255.5000000000000       0.8316540709719378E-05    13.61942717809896        185.6326052380136        2532.169384947779        35.67066625172509       -14.49997081719133    
    256.5000000000000       0.8227009767428243E-05    13.57807685069595        184.5033429752484        2509.021665989153        35.67248299766078       -13.49997237084426    
    257.5000000000000       0.8145514078569336E-05    13.53986124505274        183.4627772841195        2487.755600404487        35.67428458149822       -12.49997391153141    
    258.5000000000000       0.8071802567013229E-05    13.50474513575933        182.5092207726022        2468.321364319691        35.67607227675326       -11.49997544034190    
    259.5000000000000       0.8005687038650656E-05    13.47270190990858        181.6412937209992        2450.677084278740        35.67784732057384       -10.49997695833379    
    260.5000000000000       0.7947002647594179E-05    13.44370807599850        180.8577659200052        2434.785389153278        35.67961091733871       -9.499978466536918    
    261.5000000000000       0.7895575617172533E-05    13.41773853463283        180.1574223464410        2420.610519838124        35.68136424207213       -8.499979965956209    
    262.5000000000000       0.7851271131825986E-05    13.39477346848126        179.5392538045531        2408.122265167126        35.68310844369566       -7.499981457574238    
    263.5000000000000       0.7813968594071977E-05    13.37479472588773        179.0023542872195        2397.293755790249        35.68484464813702       -6.499982942353787    
    264.5000000000000       0.7783554824229483E-05    13.35778413297140        178.5458716552197        2388.100365969359        35.68657396131432       -5.499984421240667    
    265.5000000000000       0.7759916762487142E-05    13.34372382217976        178.1690165208364        2380.519879452505        35.68829747201277       -4.499985895166041    
    266.5000000000000       0.7743001000607720E-05    13.33260349539832        177.8712623060853        2374.536612746420        35.69001625467038       -3.499987365048654    
    267.5000000000000       0.7732779228671125E-05    13.32441697463299        177.6522485786846        2370.139372013314        35.69173137208772       -2.499988831797446    
    268.5000000000000       0.7729241120684309E-05    13.31916146046597        177.5117589649603        2367.320953364860        35.69344387807661       -1.499990296313675    
    269.5000000000000       0.7732367740525271E-05    13.31683242498585        177.4495784181534        2366.075141982431        35.69515482006189      -0.4999917594929878    
    270.5000000000000       0.7742173987970984E-05    13.31742877045147        177.4656370524456        2366.399719190606        35.69686524164992       0.5000067777720862    
    271.5000000000000       0.7758656580490158E-05    13.32094614247986        177.5598241799220        2368.292578671532        35.69857618517717        1.500005314590099    
    272.5000000000000       0.7781861796442008E-05    13.32738645620986        177.7322529006528        2371.757244156928        35.70028869425233        2.500003850068668    
    273.5000000000000       0.7811874323796886E-05    13.33675705076279        177.9832363743849        2376.802371860219        35.70200381630499        3.500002383311987    
    274.5000000000000       0.7848812952365392E-05    13.34906889912205        178.3132386797529        2383.440741971971        35.70372260515413        4.500000913418789    
    275.5000000000000       0.7892776444121338E-05    13.36433024377982        178.7226993477075        2391.685634477084        35.70544612360983        5.499999439480266    
    276.5000000000000       0.7943867680832190E-05    13.38255040722208        179.2121398507584        2401.553072400498        35.70717544612211        6.499997960577502    
    277.5000000000000       0.8002242654067633E-05    13.40374613082831        179.7823396398682        2413.065501763166        35.70891166149070        7.499996475779307    
    278.5000000000000       0.8068079285924723E-05    13.42793563548330        180.4341746601251        2426.248511585801        35.71065587565075        8.499994984139997    
    279.5000000000000       0.8141551497063377E-05    13.45513545390008        181.1685293625462        2441.129015398372        35.71240921454966        9.499993484696605    
    280.5000000000000       0.8222897478577826E-05    13.48537186692972        181.9866173742253        2457.742019607449        35.71417282713136        10.49999197646651    
    281.5000000000000       0.8312301098734160E-05    13.51866196426096        182.8894535602750        2476.119597131044        35.71594788844529        11.49999045844491    
    282.5000000000000       0.8410036262942402E-05    13.55503683469276        183.8785063611693        2496.304689411731        35.71773560289821        12.49998892960175    
    283.5000000000000       0.8516378269564335E-05    13.59452608822619        184.9552651089372        2518.342051070408        35.71953720766911        13.49998738887893    
    284.5000000000000       0.8631634970052584E-05    13.63716424718102        186.1214252509829        2542.282311274871        35.72135397630800        14.49998583518742    
    285.5000000000000       0.8756137034516483E-05    13.68298525653626        187.3787344866554        2568.178768678036        35.72318722254209        15.49998426740367    
    286.5000000000000       0.8890226519934251E-05    13.73202316663268        188.7290125892625        2596.087862892810        35.72503830431450        16.49998268436631    
    287.5000000000000       0.9034352292112677E-05    13.78432411867526        190.1745012960266        2626.076883513577        35.72690862808297        17.49998108487262    
    288.5000000000000       0.9188948546417681E-05    13.83992787490097        191.7173387347727        2658.212787912509        35.72879965340909        18.49997946767434    
    289.5000000000000       0.9354511680360483E-05    13.89888220785480        193.3599759705270        2692.571310836890        35.73071289787115        19.49997783147357    
    290.5000000000000       0.9531542169475550E-05    13.96123209497464        195.1048721805617        2729.230569290312        35.73264994233778        20.49997617491844    
    291.5000000000000       0.9720662390718159E-05    14.02703376863377        196.9549013095616        2768.279966085221        35.73461243664300        21.49997449659797    
    292.5000000000000       0.9922481987360859E-05    14.09633647145351        198.9128332406043        2809.809185028064        35.73660210570828        22.49997279503693    
    293.5000000000000       0.1013770585898173E-04    14.16919945746684        200.9818314951167        2853.919218351755        35.73862075616219        23.49997106869039    
    294.5000000000000       0.1036702262071221E-04    14.24567798551687        203.1650506776470        2900.713769053420        35.74067028351412        24.49996931593723    
    295.5000000000000       0.1061124772292770E-04    14.32583730390661        205.4660509844283        2950.308574138810        35.74275267994556        25.49996753507368    
    296.5000000000000       0.1087120230787901E-04    14.40974303645945        207.8885254671057        3002.825714701456        35.74487004278978        26.49996572430617    
    297.5000000000000       0.1114779652255644E-04    14.49746406084575        210.4363875245301        3058.395725685710        35.74702458378029        27.49996388174318    
    298.5000000000000       0.1144199187705791E-04    14.58907069368284        213.1137290994007        3117.157074333886        35.74921863915766        28.49996200538665    
    299.5000000000000       0.1175484430273035E-04    14.68463829169411        215.9249348652022        3179.259013153338        35.75145468073730        29.49996009312280    
    300.5000000000000       0.1208749961200717E-04    14.78424631508285        218.8746664308052        3244.861666488961        35.75373532805313        30.49995814271130    
    301.5000000000000       0.1244119196744627E-04    14.88797449565348        221.9677519242827        3314.133819458217        35.75606336170847        31.49995615177410    
    302.5000000000000       0.1281725492010533E-04    14.99590719376337        225.2093287424920        3387.256610847680        35.75844173808318        32.49995411778299    
    303.5000000000000       0.1321711845652281E-04    15.10813357549550        228.6048589794216        3464.424325936440        35.76087360556738        33.49995203804536    
    304.5000000000000       0.1364233666701389E-04    15.22474536471493        232.1600757489984        3545.843755045947        35.76336232251601        34.49994990968908    
    305.5000000000000       0.1409458427010410E-04    15.34583814505097        235.8810322534883        3631.735789958485        35.76591147714737        35.49994772964556    
    306.5000000000000       0.1457568926865398E-04    15.47151086597129        239.7741000538271        3722.335989468032        35.76852490964165        36.49994549463054    
    307.5000000000000       0.1508764091214953E-04    15.60186600818257        243.8459904023843        3817.895778551164        35.77120673673470        37.49994320112335    
    308.5000000000000       0.1563255036493250E-04    15.73700581661947        248.1036374999730        3918.680061999974        35.77396137914758        38.49994084534340    
    309.5000000000000       0.1621276533693864E-04    15.87704483521358        252.5546298408147        4024.978697652288        35.77679359224685        39.49993842322380    
    310.5000000000000       0.1683079391323994E-04    16.02209240283823        257.2066456769084        4137.093215616237        35.77970850039370        40.49993593038207    
    311.5000000000000       0.1748937792976309E-04    16.17227092000741        262.0680828850308        4255.353529846090        35.78271163551601        41.49993336208735    
    312.5000000000000       0.1819149685120840E-04    16.32769771241228        267.1474595852354        4380.103531961182        35.78580898052687        42.49993071322292    
    313.5000000000000       0.1894035748346639E-04    16.48849494308037        272.4537715595095        4511.711239751353        35.78900701832055        43.49992797824446    
    314.5000000000000       0.1973955263247732E-04    16.65480281296074        277.9969637410623        4650.581964103255        35.79231278720529        44.49992515113282    
    315.5000000000000       0.2059279666426245E-04    16.82673249038937        283.7863272424096        4797.117940827308        35.79573394378651        45.49992222533993    
    316.5000000000000       0.2150433035630651E-04    17.00443101552987        289.8327654322997        4951.778388911498        35.79927883450073        46.49991919372771    
    317.5000000000000       0.2247864720364050E-04    17.18803411146400        296.1471743711019        5115.038515252620        35.80295657722598        47.49991604849856    
    318.5000000000000       0.2352071819050763E-04    17.37767760937937        302.7408641637670        5287.401960166154        35.80677715466960        48.49991278111506    
    319.5000000000000       0.2463590601644624E-04    17.57350421327153        309.6258255787063        5469.409467740759        35.81075152156969        49.49990938220849    
    320.5000000000000       0.2583012515179183E-04    17.77566341530034        316.8147411562322        5661.640518313672        35.81489172815975        50.49990584147343    
    321.5000000000000       0.2710981551770853E-04    17.98430954824999        324.3209397218532        5864.713793898625        35.81921106285387        51.49990214754538    
    322.5000000000000       0.2848203401111655E-04    18.19959160999272        332.1580899148990        6079.281636288936        35.82372421774149        52.49989828785937    
    323.5000000000000       0.2995444121840365E-04    18.42167168460940        340.3408397089876        6306.047966382624        35.82844748126689        53.49989424848536    
    324.5000000000000       0.3153556465662253E-04    18.65070994101663        348.8843401375519        6545.758479494616        35.83339896345475        54.49989001393534    
    325.5000000000000       0.3323451579413297E-04    18.88688072311259        357.8049085519034        6799.222703494467        35.83859886028579        55.49988556693731    
    326.5000000000000       0.3506132949726970E-04    19.13030911052594        367.1174261995633        7067.235031720093        35.84406976540394        56.49988088816890    
    327.5000000000000       0.3702727076912987E-04    19.38120810935764        376.8410329349799        7350.754202531854        35.84983703935033        57.49987595594131    
    328.5000000000000       0.3914428020199491E-04    19.63969304729989        386.9914436248802        7650.665528245369        35.85592924910782        58.49987074582348    
    329.5000000000000       0.4142592212509273E-04    19.90597398739638        397.5890639829292        7968.040334205550        35.86237869409377        59.49986523019250    
    330.5000000000000       0.4388668751536656E-04    20.18015908319694        408.6506650185465        8303.872531583978        35.86922203911427        60.49985937769190    
    331.5000000000000       0.4654266538436068E-04    20.46244740065864        420.1975614424546        8659.341848290958        35.87650108055091        61.49985315257656    
    332.5000000000000       0.4941235508164288E-04    20.75301085537284        432.2508141038088        9035.669818889986        35.88426367969367        62.49984651391466    
    333.5000000000000       0.5251348528313150E-04    21.05192200772911        444.8276709558704        9433.991915286404        35.89256490737116        63.49983941460850    
    334.5000000000000       0.5586992548468313E-04    21.35945117829374        457.9551020171504        9855.823571416446        35.90146845787980        64.49983180018536    
    335.5000000000000       0.5950371064125274E-04    21.67567667629578        471.6522421877237        10302.46770667932        35.91104840915245        65.49982360729227    
    336.5000000000000       0.6344106748723661E-04    22.00070483087590        485.9402569086286        10775.35073943030        35.92139143229823        66.49981476180612    
    337.5000000000000       0.6771326042119080E-04    22.33481708219343        500.8491730561678        11276.26331274450        35.93259959031236        67.49980517644025    
    338.5000000000000       0.7234916979796480E-04    22.67800091911568        516.3965219323712        11806.63375351310        35.94479391777028        68.49979474768298    
    339.5000000000000       0.7738620972514443E-04    23.03045534250288        532.6100826462155        12368.29772854834        35.95811904817046        69.49978335184005    
    340.5000000000000       0.8286570409212118E-04    23.39239457570061        549.5198892964041        12963.26579252805        35.97274926498392        70.49977083985948    
    341.5000000000000       0.8882695799339043E-04    23.76376107616524        567.1433412157172        13593.14752356262        35.98889651507719        71.49975703047835    
    342.5000000000000       0.9532399286590767E-04    24.14486461723564        585.5167491753066        14260.32715141810        36.00682116940324        72.49974170101943    
    343.5000000000000       0.1024089419612181E-03    24.53570253569246        604.6620849236631        14966.74431253716        36.02684669637841        73.49972457484195    
    344.5000000000000       0.1101416838083690E-03    24.93636763088318        624.6066231034224        15714.60791758266        36.04938001480977        74.49970530393466    
    345.5000000000000       0.1185940770064263E-03    25.34704302432760        645.3835082326950        16506.45423574898        36.07494026795452        75.49968344430631    
    346.5000000000000       0.1278373114222027E-03    25.76770004702310        667.0155912510163        17344.50158861004        36.10420038473130        76.49965842043966    
    347.5000000000000       0.1379624413431905E-03    26.19852214736601        689.5378086841603        18231.54335586684        36.13804858795844        77.49962947268510    
    348.5000000000000       0.1490623901019197E-03    26.63956661506073        712.9793538596014        19170.24597496737        36.17768198945260        78.49959557720970    
    349.5000000000000       0.1612515248989632E-03    27.09094379778694        737.3732545817686        20163.53951144787        36.22475365941730        79.49955532020893    
    350.5000000000000       0.1746538977047696E-03    27.55266436381682        762.7479747006157        21214.27474931654        36.28161256383255        80.49950669268446    
    351.5000000000000       0.1894019556034037E-03    28.02482342198229        789.1373618983158        22325.63187853059        36.35171282951580        81.49944674038473    
    352.5000000000000       0.2056687028364735E-03    28.50750801516817        816.5761512626980        23500.96845300103        36.44035032486187        82.49937093375958    
    353.5000000000000       0.2236264856542589E-03    29.00063278341348        845.0889803119338        24743.27612922047        36.55607890369363        83.49927195650022    
    354.5000000000000       0.2434863499886705E-03    29.50433156617054        874.7152774312303        26056.37753506233        36.71367085926493        84.49913717298718    
    355.5000000000000       0.2654822041944841E-03    30.01843399968751        905.4754331877139        27443.28555422371        36.94102182545573        85.49894272081320    
    356.5000000000000       0.2898977988870276E-03    30.54315363701689        937.4154333275626        28908.38745885863        37.29787970169639        86.49863748450565    
    357.5000000000000       0.3170378227717772E-03    31.07828757745229        970.5549654274603        30454.91709729974        37.93943724543750        87.49808866117316    
    358.5000000000000       0.3472736324903853E-03    31.62385553326135        1004.928970315521        32086.99613736945        39.43319071189809        88.49681029749887    
    359.5000000000000       0.3810196236145496E-03    32.17982202794788        1040.571378382969        33808.94607137419        46.78533964007715        89.49049407215804    
