 # author: MA Kubiak / Space Research Center PAS Warsaw Poland, contact: mkubiak@cbk.waw.pl                          
 # code version Program.keplerV_ellipt_V2      , Dates: calkV:20/04/2026  ; part_pr:20/04/2026                       
 # czas no T v_mas, kier.naplywu(dl, szer) macierz obrotu (ecl to helio), r, theta, phi(ecl,spher), V_detector(ecl,cart), IBEX_energy_channel
 #     2025.977928000000        0.1419110000000000E-01     7443.000000000000        -25.78400000689422         255.7450000000000         5.169000000000000        0.2459841265748581        0.9692738567985851         0.000000000000000       -0.9615244635393438        0.2440174711049008        0.1261989691358298        0.1223213615382913       -0.3104294319752456E-01    0.9920049496797150        0.9753760000000000         92.18755200000000       -0.3163700000000000E-01    -29.76300000000000        -1.241000000000000       -0.1799999999999999E-01 00
 # routs_end= 150.00;    Maxwellian,    elliptOrb=Off                                                                                        
 # Numerical parameters: GridKl=10  GridKf=09  GridKV=05  epsV= 0.0000100  epssJon=.0010000                                                  
 # Numerical parameters: GridKl=10  GridKf=09  GridKV=05  epsV= 0.0000100  epssJon=.0010000; tessel128                                                                                                                                                                                                                                                                                                                                                                                                                                                                 
# Axis to the Sun: alpha_ecl= 268.1680000000000000 delta_Ecl= 0.0760000000000000 delta_Ax= 90.0000000000000000  repoint= 00087
 #  flag_atom: He                                                   
 #  flag_general:                                                   
 #                                                                  
 #                                                                  
  # Ly_a_Profil: zero                                               
  # flag_Itot: zero                                                 
 #  v_SW_Eqtr: speed3D.hybrid2026c_patched.dat                      
 #  n_SW_Eqtr: density3D.hybrid2026c_patched.dat                    
 #  phot_Eqtr: 0.8500000  phion_Helium_T12F107_2026c.dat            
 #  sigma_SW: p+He->H +He+, He + alpha (2 chnls);src:simuLosses.nb  
 #  flag_el:slow  swEqtrElectrons5.2026c.patched.dat                
 #  SW_lati: interpolation                                          
 #  phot_lati: analit pole-flattened after Pryor & Auchere          
 #
 #
 #
 #Spin  flux speed	speed^2 speed^3    long_ecl lat_ecl
   0.5000000000000000        2.655489099983485        34.99979796866462        1230.809864967061        43484.75064626196        169.5254187343178        89.49425462271908    
    1.500000000000000        2.951209692388072        35.57026536991181        1271.178297295078        45637.14613412129        175.2681590737869        88.49807383552223    
    2.500000000000000        3.283833365655700        36.15008269033144        1312.880931634583        47897.00580631624        176.4278520739910        87.49884329509096    
    3.500000000000000        3.658151936182593        36.73777487871105        1355.832053824715        50261.94457125317        176.9256085678619        86.49917347617766    
    4.500000000000000        4.079696331049513        37.33296096719735        1400.030141904028        52734.52086208426        177.2024225776183        85.49935708332924    
    5.500000000000000        4.554892197388782        37.93532206928956        1445.476547930599        55317.43791481118        177.3787623818690        84.49947404320221    
    6.500000000000000        5.090973591171537        38.54455693976736        1492.174129194094        58013.59132894263        177.5009892717218        83.49955511042570    
    7.500000000000000        5.696246466147652        39.16040029187179        1540.126948316050        60825.94452290822        177.5907447459106        82.49961464026400    
    8.500000000000000        6.380071634065515        39.78236737564347        1589.319704468794        63756.27460142370        177.6594879600736        81.49966023350822    
    9.500000000000000        7.153323010910933        40.41026613725899        1639.760424508464        66807.84994332194        177.7138538619969        80.49969629096840    
    10.50000000000000        8.028115920405774        41.04356931666434        1691.426916592960        69981.98598248549        177.7579501020257        79.49972553710896    
    11.50000000000000        9.018613826088693        41.68204405968977        1744.320651362963        73281.51078402075        177.7944557308337        78.49974974883170    
    12.50000000000000        10.14082216017355        42.32530739686203        1798.428974583910        76708.34495716666        177.8251925850138        77.49977013447356    
    13.50000000000000        11.41288124017603        42.97290320241634        1853.730670679271        80263.78150434358        177.8514427486139        76.49978754437390    
    14.50000000000000        12.85565154450360        43.62445685900639        1910.209504909106        83949.37045437648        177.8741346622502        75.49980259431568    
    15.50000000000000        14.49282797156166        44.27956356446646        1967.845316863053        87766.38455401968        177.8939571951416        74.49981574118567    
    16.50000000000000        16.35157417524674        44.93784740187330        2026.618023932800        91715.99249652537        177.9114322389859        73.49982733112302    
    17.50000000000000        18.46253586451756        45.59883828789083        2086.497164306168        95798.58582367947        177.9269624138664        72.49983763116060    
    18.50000000000000        20.86089702814234        46.26211057530352        2147.453951127444        100014.5518642560        177.9408633027256        71.49984685060447    
    19.50000000000000        23.58662251663669        46.92725828706734        2209.459618537081        104364.1982253913        177.9533857679725        70.49985515583533    
    20.50000000000000        26.68487833949734        47.59377739790903        2272.473221387472        108846.7921856396        177.9647317366608        69.49986268077812    
    21.50000000000000        30.20750551089542        48.26128032145491        2336.462978196440        113462.1497949105        177.9750655806626        68.49986953444970    
    22.50000000000000        34.21271926931398        48.92928569844877        2401.385955448639        118209.1458660840        177.9845224622361        67.49987580649406    
    23.50000000000000        38.76681167487124        49.59735794215836        2467.200889497587        123086.5850627355        177.9932145488802        66.49988157130424    
    24.50000000000000        43.94433854410068        50.26500208470703        2533.858275863824        128092.4882788183        178.0012357062348        65.49988689113484    
    25.50000000000000        49.83030668609756        50.93179084715740        2601.313049885582        133225.0340426457        178.0086650868058        64.49989181848224    
    26.50000000000000        56.51931384228909        51.59727300417743        2669.515450663568        138481.8633101525        178.0155699061780        63.49989639792588    
    27.50000000000000        64.12227306605077        52.26112972367840        2738.426795975749        143861.2574134248        178.0220076135313        62.49990066756774    
    28.50000000000000        72.75741202965895        52.92282927839435        2807.984801810921        149359.5199141462        178.0280276052252        61.49990466016896    
    29.50000000000000        82.55671307474417        53.58172409825623        2878.111628185037        154971.4301821996        178.0336725898755        60.49990840405510    
    30.50000000000000        93.67589997649702        54.23759382279424        2948.772080422609        160694.9123283006        178.0389796849055        59.49991192384356    
    31.50000000000000        106.2803831131073        54.88991868481360        3019.897878342192        166525.1013952771        178.0439813042451        58.49991524103213    
    32.50000000000000        120.5590647763655        55.53832250246045        3091.433392206721        172457.8750700426        178.0487058821600        57.49991837447925    
    33.50000000000000        136.7177186651028        56.18234601692827        3163.311957462179        178487.9859229042        178.0531784674530        56.49992134079800    
    34.50000000000000        154.9830410088071        56.82156785851256        3235.469233686305        184610.1590911007        178.0574212143379        55.49992415468166    
    35.50000000000000        175.6095567493510        57.45559722943236        3307.841776870935        190818.9172861379        178.0614537903621        54.49992682917429    
    36.50000000000000        198.8674603676355        58.08402826953267        3380.363430499084        197108.3892133431        178.0652937172847        53.49992937589681    
    37.50000000000000        225.0570161526501        58.70646460416720        3452.966433870253        203472.2589297355        178.0689566574271        52.49993180523690    
    38.50000000000000        254.5006921069960        59.32252764370960        3525.583920437836        209904.1049034690        178.0724566554098        51.49993412650934    
    39.50000000000000        287.5447201402307        59.93186590429639        3598.150621658123        216397.4223140470        178.0758063431820        50.49993634809196    
    40.50000000000000        324.5633399754631        60.53412522449874        3670.599194846068        222945.2773454594        178.0790171146890        49.49993847754156    
    41.50000000000000        365.9481524121724        61.12891529136417        3742.856647782291        229540.0190313966        178.0820992752997        48.49994052169290    
    42.50000000000000        412.1148119579275        61.71591238069689        3814.856608118158        236174.3734417554        178.0850621701517        47.49994248674397    
    43.50000000000000        463.4948848272082        62.29476670385075        3886.528298910783        242840.4563661104        178.0879142948063        46.49994437832922    
    44.50000000000000        520.5334824379220        62.86516233827425        3957.804068548163        249530.4794316834        178.0906633909977        45.49994620158317    
    45.50000000000000        583.6855067029609        63.42676792892576        4028.613076882089        256236.1389107246        178.0933165297708        44.49994796119554    
    46.50000000000000        653.4085389199240        63.97931758835471        4098.892222572486        262949.7192198138        178.0958801839041        43.49994966145925    
    47.50000000000000        730.1552159673952        64.52253188678493        4168.575677534820        269663.0493730698        178.0983602912010        42.49995130631238    
    48.50000000000000        814.3650385020727        65.05611509722138        4237.594641001495        276367.4887430303        178.1007623099656        41.49995289937502    
    49.50000000000000        906.4516430278953        65.57980126179083        4305.883604207595        283054.5641195575        178.1030912677693        40.49995444398160    
    50.50000000000000        1006.790936736932        66.09333091831739        4373.377573042551        289715.7249333363        178.1053518044404        39.49995594320938    
    51.50000000000000        1115.716951737559        66.59648636881772        4440.016569803307        296342.7731120431        178.1075482100613        38.49995739990364    
    52.50000000000000        1233.487474178288        67.08900803074965        4505.734546975044        302926.7594671810        178.1096844586400        37.49995881670004    
    53.50000000000000        1360.274365917588        67.57063992091388        4570.465663032750        309458.6350958406        178.1117642380239        36.49996019604445    
    54.50000000000000        1496.162283968923        68.04118155489806        4634.151469788870        315930.0003987884        178.1137909765375        35.49996154021063    
    55.50000000000000        1641.124948508483        68.50047601577201        4696.739723556010        322333.0308550727        178.1157678667606        34.49996285131596    
    56.50000000000000        1795.004703353207        68.94832216572831        4758.171765020777        328659.1171645302        178.1176978867999        33.49996413133561    
    57.50000000000000        1957.497142576213        69.38452835347462        4818.390298260863        334899.7132790604        178.1195838193620        32.49996538211512    
    58.50000000000000        2128.129876006015        69.80890616330079        4877.338806511239        341046.3080268806        178.1214282688912        31.49996660538186    
    59.50000000000000        2306.280216780429        70.22132577579129        4934.969186397369        347091.2190634455        178.1232336770012        30.49996780275513    
    60.50000000000000        2491.153794490247        70.62165553965099        4991.233396478438        353026.7288409292        178.1250023363989        29.49996897575551    
    61.50000000000000        2681.734771717658        71.00970182217121        5046.075022205610        358844.2004130214        178.1267364034742        28.49997012581319    
    62.50000000000000        2876.876792913190        71.38536028418964        5099.450732330693        364536.3662003587        178.1284379097053        27.49997125427546    
    63.50000000000000        3075.230417790587        71.74850443962708        5151.314662869025        370095.6894909338        178.1301087720126        26.49997236241368    
    64.50000000000000        3275.255322005134        72.09898642481883        5201.618410626405        375514.3558355407        178.1317508021765        25.49997345142949    
    65.50000000000000        3475.286907503962        72.43672015884252        5250.323123403699        380785.5958076357        178.1333657154204        24.49997452246042    
    66.50000000000000        3673.502132917530        72.76158715318338        5297.385878576956        385902.2100484336        178.1349551382486        23.49997557658522    
    67.50000000000000        3867.975369770350        73.07348747570370        5342.767166634960        390857.3985722827        178.1365206156191        22.49997661482856    
    68.50000000000000        4056.698389233126        73.37232735981037        5386.429141313361        395644.5794470750        178.1380636175189        21.49997763816533    
    69.50000000000000        4237.605996274113        73.65801924030433        5428.335635833554        400257.3958562691        178.1395855450071        20.49997864752476    
    70.50000000000000        4408.620639491927        73.93047848694296        5468.451789008051        404689.6908335902        178.1410877357776        19.49997964379405    
    71.50000000000000        4567.686681873122        74.18962172972456        5506.743779520342        408935.4795479487        178.1425714692929        18.49998062782173    
    72.50000000000000        4712.809538580364        74.43536962307728        5543.179259410033        412989.0038146230        178.1440379715321        17.49998160042092    
    73.50000000000000        4842.096605051423        74.66764636710086        5577.727276934742        416844.7264959576        178.1454884193915        16.49998256237215    
    74.50000000000000        4953.802942072345        74.88637987698726        5610.358409875799        420497.3622914942        178.1469239447748        15.49998351442611    
    75.50000000000000        5046.383269456366        75.09150049069225        5641.044557144384        423941.8560371286        178.1483456384027        14.49998445730619    
    76.50000000000000        5118.525889147848        75.28294940150697        5669.760248397281        427173.5384117751        178.1497545533724        13.49998539171084    
    77.50000000000000        5169.181385434748        75.46066803760976        5696.481067168044        430187.9535480955        178.1511517084907        12.49998631831572    
    78.50000000000000        5197.603028700855        75.62460421232527        5721.184586374677        432980.9687297767        178.1525380914065        11.49998723777587    
    79.50000000000000        5203.355958312493        75.77470856586686        5743.849863035432        435548.7235861463        178.1539146615624        10.49998815072760    
    80.50000000000000        5186.343149921028        75.91092397490301        5764.455825507755        437887.4483163074        178.1552823529856        9.499989057790371    
    81.50000000000000        5146.788451009116        76.03318909645664        5782.981820453514        439993.5295785954        178.1566420769361        8.499989959568543    
    82.50000000000000        5085.249320816248        76.14145775118536        5799.410676386083        441863.8758802655        178.1579947244288        7.499990856653057    
    83.50000000000000        5002.615318918281        76.23569285539480        5813.727758064652        443495.8088708359        178.1593411686442        6.499991749622996    
    84.50000000000000        4900.076619505709        76.31584254353174        5825.917262327095        444886.6338111495        178.1606822672430        5.499992639047179    
    85.50000000000000        4779.081509077993        76.38187000066380        5835.966903366123        446034.1934575271        178.1620188645969        4.499993525485616    
    86.50000000000000        4641.293757387796        76.43373294961512        5843.864696646710        446936.4908874165        178.1633517939491        3.499994409490892    
    87.50000000000000        4488.548518561202        76.47137558549598        5849.597681800883        447591.5388451261        178.1646818795156        2.499995291609649    
    88.50000000000000        4322.809067943698        76.49475375647496        5853.155890680801        447997.8297965258        178.1660099385397        1.499996172383900    
    89.50000000000000        4146.150046266715        76.50383623467832        5854.532593488273        448154.3709721520        178.1673367833093       0.4999970523523332    
    90.50000000000000        3960.690990704148        76.49860216627717        5853.723911317936        448060.6405841192        178.1686632231489      -0.5000020679482908    
    91.50000000000000        3768.570396407358        76.47905244917798        5850.730587675770        447716.7949344972        178.1699900663962       -1.500001187981866    
    92.50000000000000        3571.856687437173        76.44515964224978        5845.550145565722        447122.7466679876        178.1713181223735       -2.500000307211675    
    93.50000000000000        3372.520833577257        76.39687818913521        5838.178452970214        446278.3441580212        178.1726482033640       -3.499999425098996    
    94.50000000000000        3172.442616025137        76.33417125003895        5828.613982151935        445183.8780637324        178.1739811266040       -4.499998541101824    
    95.50000000000000        2973.396798284482        76.25703828925809        5816.862128811921        443840.5879536655        178.1753177163001       -5.499997654673571    
    96.50000000000000        2776.970323925127        76.16546922307352        5802.928051073222        442249.8219172610        178.1766588056839       -6.499996765261629    
    97.50000000000000        2584.587242117084        76.05945083847178        5786.817633622094        440413.1435648865        178.1780052391127       -7.499995872306017    
    98.50000000000000        2397.500326091316        75.93897328716082        5768.538503844909        438332.4495572419        178.1793578742307       -8.499994975237938    
    99.50000000000000        2216.765728959095        75.80402753522934        5748.099678456435        436009.9315708700        178.1807175841991       -9.499994073478341    
    100.5000000000000        2043.235843847332        75.65461284787878        5725.512686756004        433448.2005648081        178.1820852600107       -10.49999316643630    
    101.5000000000000        1877.628071583530        75.49076051386842        5700.795196446816        430650.6998354255        178.1834618129010       -11.49999225350750    
    102.5000000000000        1720.459962926213        75.31248591398054        5673.963642357264        427620.8519859282        178.1848481768697       -12.49999133407252    
    103.5000000000000        1572.072387784180        75.11981532720847        5645.037323152629        424362.5256090338        178.1862453113291       -13.49999040749508    
    104.5000000000000        1432.673280617998        74.91277276376617        5614.036376995210        420879.7986035303        178.1876542038945       -14.49998947312019    
    105.5000000000000        1302.340613863831        74.69141544363941        5580.987199864820        417177.5758632866        178.1890758733363       -15.49998853027223    
    106.5000000000000        1181.022202649922        74.45577399872104        5545.913205321640        413260.5142353179        178.1905113727116       -16.49998757825282    
    107.5000000000000        1068.576003420837        74.20590767352493        5508.843261256314        409133.9866271096        178.1919617926976       -17.49998661633861    
    108.5000000000000        964.7675295413136        73.94188147261333        5469.808219052607        404803.6826896011        178.1934282651509       -18.49998564377899    
    109.5000000000000        869.2924865331341        73.66375787708888        5428.839560316706        400275.4392970473        178.1949119669168       -19.49998465979348    
    110.5000000000000        781.7990988606505        73.37162583347222        5385.973718915866        395555.7202943036        178.1964141239192       -20.49998366356904    
    111.5000000000000        701.8877135315955        73.06556918867612        5341.247350476809        390651.0800999754        178.1979360155611       -21.49998265425723    
    112.5000000000000        629.1327302201423        72.74569472358468        5294.701352649057        385568.5915505579        178.1994789794722       -22.49998163097091    
    113.5000000000000        563.0911032442054        72.41211813209381        5246.378831201088        380315.6202415325        178.2010444166425       -23.49998059278098    
    114.5000000000000        503.3028392266091        72.06494294704254        5196.321868259267        374899.4486004607        178.2026337969847       -24.49997953871261    
    115.5000000000000        449.3165426880443        71.70432915787187        5144.581606953482        369328.3833872576        178.2042486653767       -25.49997846774124    
    116.5000000000000        400.6859199436403        71.33044079107971        5091.210334034547        363610.8558732633        178.2058906482368       -26.49997737878830    
    117.5000000000000        356.9759462195383        70.94343388867361        5036.259709987302        357755.2210530807        178.2075614606961       -27.49997627071628    
    118.5000000000000        317.7651626801550        70.54347528079265        4979.783503080007        351770.0530663314        178.2092629144353       -28.49997514232373    
    119.5000000000000        282.6553995916379        70.13075900807532        4921.839860225788        345664.3763459376        178.2109969262681       -29.49997399233946    
    120.5000000000000        251.2715314963044        69.70550397805449        4862.490650188773        339447.5564113370        178.2127655275578       -30.49997281941626    
    121.5000000000000        223.2566960762751        69.26786543667448        4801.789000451504        333127.9802800273        178.2145708745703       -31.49997162212415    
    122.5000000000000        198.2892270069701        68.81817400294797        4739.812962812081        326716.6115783607        178.2164152598795       -32.49997039894276    
    123.5000000000000        176.0586513406047        68.35655063366254        4676.611139733272        320221.2244766728        178.2183011249557       -33.49996914825288    
    124.5000000000000        156.2898477646552        67.88331386339173        4612.259680786021        313652.3887070321        178.2202310740885       -34.49996786832742    
    125.5000000000000        138.7255514567496        67.39866209116846        4546.817863953925        307018.8072223738        178.2222078898181       -35.49996655732107    
    126.5000000000000        123.1335506511997        66.90289267643935        4480.358502731861        300330.4804024824        178.2242345500711       -36.49996521325887    
    127.5000000000000        109.3021545455931        66.39627775633433        4412.950423351882        293596.8514289460        178.2263142472328       -37.49996383402368    
    128.5000000000000        97.03946247894712        65.87912238349983        4344.666664521239        286827.6717783922        178.2284504094179       -38.49996241734210    
    129.5000000000000        86.17189269042686        65.35169116464589        4275.574211070324        280031.9235442877        178.2306467242458       -39.49996096076846    
    130.5000000000000        76.54496880780621        64.81429865998371        4205.746121996263        273219.0415566664        178.2329071654782       -40.49995946166749    
    131.5000000000000        68.01907005206448        64.26727481166485        4135.256683315387        266398.4046675605        178.2352360229296       -41.49995791719427    
    132.5000000000000        60.46934037211910        63.71095978943373        4064.180671644877        259579.2581891649        178.2376379361374       -42.49995632427188    
    133.5000000000000        53.78460690907260        63.14566490017329        3992.588010091069        252770.1699536913        178.2401179323566       -43.49995467956634    
    134.5000000000000        47.86598709294656        62.57173633697731        3920.552066540428        245979.8438808819        178.2426814695461       -44.49995297945805    
    135.5000000000000        42.62481448596145        61.98950862985637        3848.143767718031        239216.5625418336        178.2453344851325       -45.49995122000938    
    136.5000000000000        37.98294413286734        61.39937358481892        3775.439947397434        232488.9491851506        178.2480834514826       -46.49994939692797    
    137.5000000000000        33.87041387595064        60.80164280261569        3702.506036894989        225804.3354325074        178.2509354391898       -47.49994750552474    
    138.5000000000000        30.22538252739876        60.19668520069917        3629.413552997727        219170.4331671228        178.2538981894930       -48.49994554066578    
    139.5000000000000        26.99363172639104        59.58491917040678        3556.238321289218        212595.1010184775        178.2569801974087       -49.49994349671738    
    140.5000000000000        24.12765137177895        58.96683630783484        3483.063115347600        206086.5686277387        178.2601908074736       -50.49994136748238    
    141.5000000000000        21.58489185929126        58.34280660370515        3409.954018156569        199651.2932074174        178.2635403243932       -51.49993914612684    
    142.5000000000000        19.32602357430214        57.71306225071785        3336.959783538163        193294.0239682805        178.2670401413782       -52.49993682509500    
    143.5000000000000        17.31923720803945        57.07814043827570        3264.163157114449        187022.2707842797        178.2707028895618       -53.49993439601011    
    144.5000000000000        15.53491406314577        56.43840758706914        3191.624878515511        180841.3661161936        178.2745426126563       -54.49993184955855    
    145.5000000000000        13.94726259859915        55.79430138707703        3119.412130084599        174756.9831621164        178.2785749719693       -55.49992917535403    
    146.5000000000000        12.53365682047209        55.14624425568721        3047.588168223780        168774.2134501131        178.2828174881246       -56.49992636177716    
    147.5000000000000        11.27385167349983        54.49463952470583        2976.212141669319        162897.5812818371        178.2872898273943       -57.49992339578554    
    148.5000000000000        10.15036782080971        53.83993317700467        2905.345727163438        157131.5889546488        178.2920141425548       -58.49992026268780    
    149.5000000000000        9.147548116538845        53.18253755721163        2835.044682598435        151480.0251645342        178.2970154807824       -59.49991694587307    
    150.5000000000000        8.251670176190570        52.52287910982782        2765.364113439101        145946.4119774145        178.3023222744964       -60.49991342648537    
    151.5000000000000        7.450528100599290        51.86133011681525        2696.351541009008        140533.4865056103        178.3079669355205       -61.49990968302966    
    152.5000000000000        6.733551268949636        51.19838584405605        2628.065127417680        135244.6190701765        178.3139865788661       -62.49990569089181    
    153.5000000000000        6.091380050780020        50.53445814457528        2560.551812915328        130082.0844719811        178.3204239103731       -63.49990142174995    
    154.5000000000000        5.515617378869183        49.86994626262521        2493.855166534765        125047.7232751334        178.3273283231907       -64.49989684284722    
    155.5000000000000        4.998986657784440        49.20525729823903        2428.017343353499        120143.0959385317        178.3347572627650       -65.49989191608661    
    156.5000000000000        4.534960156984109        48.54081936619468        2363.080680441811        115369.6322885395        178.3427779403131       -66.49988659689451    
    157.5000000000000        4.117785477607225        47.87702247459937        2299.081462730274        110728.1474502132        178.3514695031985       -67.49988083278144    
    158.5000000000000        3.742407218811532        47.21427187532215        2236.055224945058        106219.2506229960        178.3609258109649       -68.49987456150093    
    159.5000000000000        3.404380632523711        46.55301722631914        2174.039824865571        101843.5979699408        178.3712590238291       -69.49986770866964    
    160.5000000000000        3.099699889860956        45.89368261027444        2113.068315705621        97601.35793647148        178.3826042952788       -70.49986018465530    
    161.5000000000000        2.824854055782315        45.23660169723750        2053.163085476548        93491.82409656278        178.3951259865265       -71.49985188045532    
    162.5000000000000        2.576686958375142        44.58222514590542        1994.355621329892        89514.84226496906        178.4090260115397       -72.49984266216227    
    163.5000000000000        2.352452486030373        43.93092325329267        1936.667814349925        85669.48754860871        178.4245552164834       -73.49983236341716    
    164.5000000000000        2.149660780888646        43.28311849512800        1880.124577677464        81954.97563546513        178.4420291638844       -74.49982077494126    
    165.5000000000000        1.966091989127074        42.63911040331774        1824.737633827045        78369.54325672922        178.4618504478082       -75.49980762973654    
    166.5000000000000        1.799805430651459        41.99938108836207        1770.533390863005        74912.36835315556        178.4845409262699       -76.49979258170903    
    167.5000000000000        1.649052683220628        41.36422642447108        1717.519829823065        71581.34343867828        178.5107894240952       -77.49977517403154    
    168.5000000000000        1.512285819279934        40.73405273394782        1665.712809926518        68374.83608178272        178.5415243221717       -78.49975479100121    
    169.5000000000000        1.388085002062889        40.10917236180106        1615.118794860396        65290.59898126242        178.5780276222377       -79.49973058238938    
    170.5000000000000        1.275198816036693        39.48989200106092        1565.742519447216        62326.27452338064        178.6221210442125       -80.49970134001607    
    171.5000000000000        1.172537755091711        38.87659032195296        1517.592671365798        59479.70602465824        178.6764834677128       -81.49966528721018    
    172.5000000000000        1.079103235573168        38.26960371324179        1470.673425931435        56748.48130032248        178.7452222817869       -82.49961969985999    
    173.5000000000000       0.9939951147164315        37.66923347666867        1424.984942994948        54129.96005991821        178.8349720141595       -83.49956017772423    
    174.5000000000000       0.9163981172407192        37.07569474767274        1380.519374083407        51621.04018194909        178.9571910995255       -84.49947912099107    
    175.5000000000000       0.8456061184853464        36.48936336598368        1337.280356508517        49219.32226212101        179.1335196868460       -85.49936217623777    
    176.5000000000000       0.7809656387302590        35.91044631897154        1295.257799438086        46921.66019295237        179.4103162127765       -86.49917859275638    
    177.5000000000000       0.7219021533462455        35.33923930585827        1254.447378068499        44725.27128430537        179.9080416962954       -87.49884845397831    
    178.5000000000000       0.6679044047257447        34.77610569471362        1214.848559582300        42627.60507480801        181.0676647459027       -88.49807909154343    
    179.5000000000000       0.6185969309613498        34.22246630494818        1176.532006293267        40629.76261905639        186.8101105173859       -89.49426032750144    
    180.5000000000000       0.5731586937645742        33.67014985832576        1138.887109496893        38696.79935604604        349.5260600271152       -89.49425042333729    
    181.5000000000000       0.5316459904263610        33.13284685568104        1102.884358709147        36879.28261953715        355.2683545955282       -88.49806908646615    
    182.5000000000000       0.4935965797597047        32.60312666777779        1067.940456934999        35142.50086308821        356.4279652808810       -87.49883844069423    
    183.5000000000000       0.4586707142455754        32.08204052809033        1034.109149769577        33487.52743843920        356.9256873507886       -86.49916857720760    
    184.5000000000000       0.4265877777097990        31.56977965048331        1001.376618860011        31911.57504060604        357.2024824710452       -85.49935215975653    
    185.5000000000000       0.3970974218658787        31.06652224037132        969.7275938271240        30411.83541498398        357.3788103466178       -84.49946910403776    
    186.5000000000000       0.3699741253330310        30.57242824153120        939.1452708557130        28985.48813937847        357.5010290225645       -83.49955016049944    
    187.5000000000000       0.3450050157992826        30.08752826465928        909.6044232393006        27629.37826945570        357.5907784980434       -82.49960968246477    
    188.5000000000000       0.3220071862397046        29.61195455178569        881.0866494484560        26340.77301361455        357.6595171404239       -81.49965526970109    
    189.5000000000000       0.3008041797133665        29.14570721455144        853.5655269428286        25116.64680313340        357.7138794435336       -80.49969132242717    
    190.5000000000000       0.2812488530003842        28.68886600889687        827.0200247742956        23954.31844100897        357.7579727778464       -79.49972056474233    
    191.5000000000000       0.2631967784490953        28.24139979673551        801.4225192381627        22850.87987054627        357.7944760121085       -78.49974477331052    
    192.5000000000000       0.2465231649343897        27.80335431833826        776.7507883812499        21803.76989691914        357.8252108595338       -77.49976515630723    
    193.5000000000000       0.2311133691129777        27.37474388199867        752.9812293201808        20810.45004746351        357.8514593175426       -76.49978256395833    
    194.5000000000000       0.2168615381262073        26.95551414186443        730.0866211165475        19868.29954162560        357.8741497641397       -75.49979761196469    
    195.5000000000000       0.2036717427472603        26.54565364897823        708.0430682470194        18974.93697621722        357.8939710221667       -74.49981075715222    
    196.5000000000000       0.1914581349120515        26.14513087078550        686.8260729951006        18128.03255950841        357.9114449482371       -73.49982234561396    
    197.5000000000000       0.1801404330287385        25.75388327544218        666.4100522057304        17325.28953255104        357.9269741354032       -72.49983264434731    
    198.5000000000000       0.1696465545043370        25.37183512789358        646.7694497420962        16564.49304121197        357.9408741454451       -71.49984186263043    
    199.5000000000000       0.1599106972419723        24.99895127658261        627.8816733123617        15843.62695867326        357.9533958239671       -70.49985016682199    
    200.5000000000000       0.1508722088281305        24.63512108443197        609.7207289709626        15160.60712394168        357.9647410845097       -69.49985769082909    
    201.5000000000000       0.1424761347352065        24.28026102734260        592.2628670579721        14513.51253410257        357.9750742879552       -68.49986454365413    
    202.5000000000000       0.1346716512884395        23.93428132528861        575.4847940165885        13900.50917081505        357.9845305875327       -67.49987081492921    
    203.5000000000000       0.1274127487864275        23.59707869264361        559.3632210934188        13319.82657168707        357.9932221432544       -66.49987657903753    
    204.5000000000000       0.1206574833739521        23.26854698014097        543.8754857765471        12769.78147603133        358.0012428145000       -65.49988189822547    
    205.5000000000000       0.1143662794935133        22.94855598625465        528.9984894410520        12248.73492530787        358.0086717485009       -64.49988682498237    
    206.5000000000000       0.1085043559027195        22.63698885029495        514.7105502879268        11755.15818776257        358.0155761563664       -63.49989140388182    
    207.5000000000000       0.1030388380684747        22.33372650595543        500.9906552095482        11287.60301916068        358.0220134834539       -62.49989567302077    
    208.5000000000000       0.9794005107667550E-01    22.03862686519439        487.8173189068870        10844.65282701464        358.0280331228392       -61.49989966515595    
    209.5000000000000       0.9318040827255228E-01    21.75155880004262        475.1703651820628        10424.98974074082        358.0336777803012       -60.49990340860930    
    210.5000000000000       0.8873477962083349E-01    21.47237700733260        463.0296679407525        10027.34496304513        358.0389845707999       -59.49990692799489    
    211.5000000000000       0.8458022896365179E-01    21.20094349714418        451.3760979705517        9650.527880675276        358.0439859061161       -58.49991024480769    
    212.5000000000000       0.8069560681309199E-01    20.93712691790930        440.1915177696617        9293.424474950180        358.0487102186320       -57.49991337790367    
    213.5000000000000       0.7706141928644152E-01    20.68078686540805        429.4579880336727        8954.965742537850        358.0531825554929       -56.49991634389369    
    214.5000000000000       0.7365961866557541E-01    20.43175826009612        419.1571697750999        8634.108843841448        358.0574250694482       -55.49991915746909    
    215.5000000000000       0.7047382570353361E-01    20.18991626133199        409.2730581037737        8329.921807743298        358.0614574267470       -54.49992183167229    
    216.5000000000000       0.6748899736492319E-01    19.95513346287409        399.7901112324133        8041.520470394432        358.0652971479930       -53.49992437812261    
    217.5000000000000       0.6469106501728881E-01    19.72725679492083        390.6922479193804        7768.034159496855        358.0689598944766       -52.49992680720638    
    218.5000000000000       0.6206694700161615E-01    19.50613822678414        381.9641446454731        7508.645476869215        358.0724597098948       -51.49992912823719    
    219.5000000000000       0.5960492886874138E-01    19.29165070712794        373.5919002353095        7262.609868325165        358.0758092253677       -50.49993134959176    
    220.5000000000000       0.5729401071810774E-01    19.08365846210559        365.5617319601685        7029.211336208490        358.0790198340944       -49.49993347882587    
    221.5000000000000       0.5512392866856681E-01    18.88201831017127        357.8600306751089        6807.763082632386        358.0821018407700       -48.49993552277346    
    222.5000000000000       0.5308533908677205E-01    18.68659951623617        350.4741640918728        6597.630908536900        358.0850645899224       -47.49993748763164    
    223.5000000000000       0.5116960780100786E-01    18.49727231304001        343.3919715336680        6398.215560202992        358.0879165765599       -46.49993937903416    
    224.5000000000000       0.4936870654716220E-01    18.31390600621029        336.6016672126040        6208.948300088457        358.0906655419145       -45.49994120211491    
    225.5000000000000       0.4767521364573144E-01    18.13637319816127        330.0920011995061        6029.294669962474        358.0933185565731       -44.49994296156298    
    226.5000000000000       0.4608227664206273E-01    17.96455004332815        323.8522451733715        5858.752570406969        358.0958820928967       -43.49994466167069    
    227.5000000000000       0.4458356871824488E-01    17.79831495767552        317.8721161494702        5696.848544776108        358.0983620883071       -42.49994630637568    
    228.5000000000000       0.4317323752022701E-01    17.63755049201946        312.1418316372912        5543.138227816146        358.1007640007585       -41.49994789929758    
    229.5000000000000       0.4184583686860957E-01    17.48213994200342        306.6519710160467        5397.201487805566        358.1030928575019       -40.49994944377035    
    230.5000000000000       0.4059634930210375E-01    17.33197085667338        301.3935816526411        5258.644130567461        358.1053532980710       -39.49995094287086    
    231.5000000000000       0.3942010215455251E-01    17.18693402199658        296.3581287319655        5127.095626824616        358.1075496122769       -38.49995239944406    
    232.5000000000000       0.3831277509813804E-01    17.04692340525470        291.5374745183838        5002.207536753025        358.1096857738783       -37.49995381612531    
    233.5000000000000       0.3727037358242157E-01    16.91183477161130        286.9238155708158        4883.651008298646        358.1117654704919       -36.49995519536010    
    234.5000000000000       0.3628918700037961E-01    16.78156742202705        282.5097286569546        4771.117158150013        358.1137921302300       -35.49995653942194    
    235.5000000000000       0.3536577338542876E-01    16.65602452303228        278.2881698561100        4664.316326719167        358.1157689454755       -34.49995785042803    
    236.5000000000000       0.3449694152754964E-01    16.53511148169294        274.2524024913212        4562.975432145833        358.1176988941530       -33.49995913035315    
    237.5000000000000       0.3367975036507536E-01    16.41873715685200        270.3960285273349        4466.838179691354        358.1195847588009       -32.49996038104272    
    238.5000000000000       0.3291145575681325E-01    16.30681359249023        266.7129647004526        4375.663769830997        358.1214291437071       -31.49996160422390    
    239.5000000000000       0.3218952562020983E-01    16.19925681190673        263.1974596537090        4289.226803065835        358.1232344903402       -30.49996280151573    
    240.5000000000000       0.3151160533027453E-01    16.09598459920432        259.8440066637176        4207.314498784712        358.1250030912728       -29.49996397443867    
    241.5000000000000       0.3087550424057961E-01    15.99691713839859        256.6473554088092        4129.726514685980        358.1267371027694       -28.49996512442276    
    242.5000000000000       0.3027920895528453E-01    15.90197884079290        253.6025644891784        4056.275842098737        358.1284385561923       -27.49996625281508    
    243.5000000000000       0.2972086110540301E-01    15.81109813920108        250.7049835294596        3986.787888769029        358.1301093683538       -26.49996736088688    
    244.5000000000000       0.2919872368144051E-01    15.72420513600818        247.9501669637399        3921.097950216073        358.1317513509339       -25.49996844983968    
    245.5000000000000       0.2871119933906109E-01    15.64123333026211        245.3339230446931        3859.052068367921        358.1333662190626       -24.49996952081085    
    246.5000000000000       0.2825681508092258E-01    15.56211914539931        242.8522901872492        3800.506101477563        358.1349555991573       -23.49997057487904    
    247.5000000000000       0.2783420658930353E-01    15.48680256222559        240.5015493626402        3745.325693093949        358.1365210360952       -22.49997161306885    
    248.5000000000000       0.2744211248427919E-01    15.41522655496138        238.2782005346830        3693.385449086401        358.1380639997884       -21.49997263635500    
    249.5000000000000       0.2707937148824006E-01    15.34733637633874        236.1789316399452        3644.567880689786        358.1395858912259       -20.49997364566667    
    250.5000000000000       0.2674491927672738E-01    15.28308091240489        234.2006566716572        3598.764093762051        358.1410880480370       -19.49997464189100    
    251.5000000000000       0.2643778104400776E-01    15.22241127022851        232.3404643695530        3555.872315466560        358.1425717496244       -18.49997562587638    
    252.5000000000000       0.2615706472481192E-01    15.16528119747200        230.5956270300959        3515.797914664689        358.1440382219110       -17.49997659843588    
    253.5000000000000       0.2590195623778169E-01    15.11164718468369        228.9635983564353        3478.453146096314        358.1454886417420       -16.49997756035002    
    254.5000000000000       0.2567172425475886E-01    15.06146801700697        227.4419942530865        3443.756505873577        358.1469241409733       -15.49997851236932    
    255.5000000000000       0.2546571586683099E-01    15.01470530885108        226.0286056590930        3411.632880919572        358.1483458102819       -14.49997945521717    
    256.5000000000000       0.2528335364403235E-01    14.97132297403290        224.7213779492556        3382.012914116407        358.1497547027245       -13.49998038959201    
    257.5000000000000       0.2512413207332038E-01    14.93128773359046        223.5184234610686        3354.833170024210        358.1511518370710       -12.49998131616936    
    258.5000000000000       0.2498761441787709E-01    14.89456900258888        222.4180141594665        3330.035829265139        358.1525382009368       -11.49998223560426    
    259.5000000000000       0.2487343433867216E-01    14.86113856860202        221.4185686526468        3307.568275172391        358.1539147537335       -10.49998314853303    
    260.5000000000000       0.2478129361734207E-01    14.83097087287391        220.5186586289925        3287.383155568974        358.1552824294607       -9.499984055574997    
    261.5000000000000       0.2471095598825585E-01    14.80404243738349        219.7169875044520        3269.437768837900        358.1566421393538       -8.499984957334535    
    262.5000000000000       0.2466224794876389E-01    14.78033299821624        219.0124247932303        3253.694822860505        358.1579947744053       -7.499985854402595    
    263.5000000000000       0.2461527498366459E-01    14.75949366139034        218.3940378247853        3239.897241713734        358.1593412077764       -6.499986747358154    
    264.5000000000000       0.2462932396749809E-01    14.74250149756719        217.8907735258576        3228.689884584729        358.1606822971108       -5.499987636770051    
    265.5000000000000       0.2464507153327098E-01    14.72835124194824        217.4721179573742        3219.376486164951        358.1620188867661       -4.499988523198315    
    266.5000000000000       0.2468237561946717E-01    14.71736315040091        217.1474206039024        3212.162251898068        358.1633518099735       -3.499989407195440    
    267.5000000000000       0.2474136569656901E-01    14.70952890937610        216.9162254049041        3207.032340273324        358.1646818909396       -2.499990289308089    
    268.5000000000000       0.2482223397124061E-01    14.70484284217969        216.7782155191901        3203.976387360824        358.1660099469007       -1.499991170078309    
    269.5000000000000       0.2492523058108645E-01    14.70330172491238        216.7332076940740        3202.988370750069        358.1673367901399      -0.4999920500447023    
    270.5000000000000       0.2505067436096852E-01    14.70490460454099        216.7811452227405        3204.066408962040        358.1686632299795       0.5000070702559343    
    271.5000000000000       0.2519894255006933E-01    14.70965262786609        216.9220926926854        3207.212638232596        358.1699900747573        1.500006190287457    
    272.5000000000000       0.2537048940962422E-01    14.71754931599653        217.1562448940167        3212.433431708252        358.1713181337976        2.500005309513221    
    273.5000000000000       0.2556582757371168E-01    14.72860083868494        217.4839359727718        3219.739631882692        358.1726482193885        3.500004427394460    
    274.5000000000000       0.2578555169859275E-01    14.74281584087997        217.9056342943661        3229.146442724529        358.1739811487732        4.500003543389123    
    275.5000000000000       0.2603032388379730E-01    14.76020560864450        218.4219486576454        3240.673608088628        358.1753177461680        5.500002656950687    
    276.5000000000000       0.2630088903416103E-01    14.78078395989751        219.0336258557556        3254.345389189801        358.1766588448161        6.500001767526483    
    277.5000000000000       0.2659807037720895E-01    14.80456694304453        219.7415416232942        3270.190373254915        358.1780052890894        7.500000874556467    
    278.5000000000000       0.2692278132455570E-01    14.83157312975456        220.5467125402774        3288.241833986901        358.1793579366485        8.499999977471937    
    279.5000000000000       0.2727602670847814E-01    14.86182348064473        221.4502930229893        3308.537710049915        358.1807176606744        9.499999075693728    
    280.5000000000000       0.2765891765936366E-01    14.89534157942846        222.4535849103882        3331.120905750892        358.1820853521819        10.49999816863086    
    281.5000000000000       0.2807266321843120E-01    14.93215362858423        223.5580399962550        3356.039440013617        358.1834619224314        11.49999725567909    
    282.5000000000000       0.2851858936389819E-01    14.97228847738014        224.7652630065550        3383.346596126569        358.1848483054503        12.49999633621889    
    283.5000000000000       0.2899814569236812E-01    15.01577758876468        226.0770127613654        3413.101035585405        358.1862454606814        13.49999540961389    
    284.5000000000000       0.2951289747552460E-01    15.06265500230117        227.4952056516809        3445.367029133994        358.1876543757739        14.49999447520919    
    285.5000000000000       0.3006455784996422E-01    15.11295736977687        229.0219191538253        3480.214639631787        358.1890760695351        15.49999353232903    
    286.5000000000000       0.3065498731435928E-01    15.16672383626152        230.6593919370414        3517.719864670381        358.1905115950623        16.49999258027494    
    287.5000000000000       0.3128619382715872E-01    15.22399630334193        232.4100360049426        3557.965069731079        358.1919620430768        17.49999161832363    
    288.5000000000000       0.3196035771658039E-01    15.28481890608091        234.2764255332296        3601.038912801491        358.1934285454827        18.49999064572435    
    289.5000000000000       0.3267984269424228E-01    15.34923914247413        236.2613366331746        3647.037455419873        358.1949122791767        19.49998966169651    
    290.5000000000000       0.3344719047517398E-01    15.41730629373356        238.3677034127923        3696.063336470643        358.1964144701384        20.49998866542712    
    291.5000000000000       0.3426517812846647E-01    15.48907461986490        240.5987219777447        3748.228399163863        358.1979363978309        21.49998765606756    
    292.5000000000000       0.3513678864059655E-01    15.56459911048984        242.9577233038673        3803.650937728489        358.1994793999488        22.49998663273061    
    293.5000000000000       0.3606526191665326E-01    15.64393899550587        245.4482922100038        3862.458822894580        358.2010448775516        23.49998559448715    
    294.5000000000000       0.3705410836077041E-01    15.72715591883627        248.0742134508852        3924.788427640667        358.2026343006273        24.49998454036219    
    295.5000000000000       0.3810713002047744E-01    15.81431445470652        250.8394967399140        3990.785559327186        358.2042492141346        25.49998346933105    
    296.5000000000000       0.3922846638669480E-01    15.90548267575542        253.7484046004341        4060.606511508264        358.2058912445786        26.49998238031509    
    297.5000000000000       0.4042259769349868E-01    16.00073069037147        256.8054068587132        4134.417143458578        358.2075621071836        27.49998127217668    
    298.5000000000000       0.4169441855841699E-01    16.10013337978797        260.0152854555288        4212.396007344078        358.2092636137311        28.49998014371415    
    299.5000000000000       0.4304921870448567E-01    16.20376751749443        263.3830463895968        4294.732516487000        358.2109976811425        29.49997899365628    
    300.5000000000000       0.4449276017918852E-01    16.31171452697653        266.9140188218815        4381.629799279880        358.2127663408974        30.49997782065567    
    301.5000000000000       0.4603131315498221E-01    16.42405648419018        270.6137348389249        4473.302238496173        358.2145717493868        31.49997662328212    
    302.5000000000000       0.4767168754915099E-01    16.54088065384127        274.4880890923456        4569.979913129397        358.2164161993191        32.49997540001515    
    303.5000000000000       0.4942130875525434E-01    16.66227811161042        278.5433073625233        4671.908452366081        358.2183021323095        33.49997414923535    
    304.5000000000000       0.5128826426783649E-01    16.78834079215064        282.7858541694972        4779.347153194085        358.2202321528041        34.49997286921536    
    305.5000000000000       0.5328134455995926E-01    16.91916214325378        287.2224650000191        4892.570367643244        358.2222090435113        35.49997155810973    
    306.5000000000000       0.5541019416245026E-01    17.05484471527287        291.8604343487071        5011.876018649536        358.2242357825399        36.49997021394322    
    307.5000000000000       0.5768524404092688E-01    17.19548944364496        296.7072448787468        5137.576292812204        358.2263155624719        37.49996883459841    
    308.5000000000000       0.6011799756942420E-01    17.34120801547396        301.7710321573627        5270.011176682261        358.2284518116344        38.49996741780165    
    309.5000000000000       0.6272099018950605E-01    17.49211328671950        307.0602491851119        5409.540001021845        358.2306482178773        39.49996596110699    
    310.5000000000000       0.6550774336910694E-01    17.64830087805332        312.5829908986470        5556.523253920350        358.2329087552118        40.49996446187874    
    311.5000000000000       0.6849316745010908E-01    17.80989826116602        318.3488407373194        5711.375303427196        358.2352377137236        41.49996291727171    
    312.5000000000000       0.7169375053859843E-01    17.97703916676690        324.3679426106719        5874.539686592561        358.2376397332446        42.49996132420858    
    313.5000000000000       0.7512706931410872E-01    18.14982004258284        330.6494059294307        6046.445790756089        358.2401198413504        43.49995967935487    
    314.5000000000000       0.7881284489241570E-01    18.32839556453562        337.2048526624798        6227.608455997092        358.2426834963496        44.49995797909061    
    315.5000000000000       0.8277240873479652E-01    18.51287724097388        344.0446680470686        6418.524542774029        358.2453366360505        45.49995621947765    
    316.5000000000000       0.8702922886952273E-01    18.70340247402789        351.1806371976939        6619.749468658640        358.2480857332376        46.49995439622300    
    317.5000000000000       0.9160969969414513E-01    18.90012249627572        358.6254634490840        6831.883556868235        358.2509378589619        47.49995250463704    
    318.5000000000000       0.9654206521703692E-01    19.10315869217902        366.3911620925697        7055.528492115342        358.2539007549648        48.49995053958524    
    319.5000000000000       0.1018576571724731        19.31264481551217        374.4906588818445        7291.333979599349        358.2569829168157        49.49994849543303    
    320.5000000000000       0.1075915287489039        19.52874047852857        382.9384104677624        7540.019928282833        358.2601936896610        50.49994636598257    
    321.5000000000000       0.1137815763339860        19.75157413330970        391.7480989759246        7802.307171407814        358.2635433788799        51.49994414439901    
    322.5000000000000       0.1204699962817831        19.98129735122930        400.9348860054070        8078.989260039517        358.2670433784295        52.49994182312550    
    323.5000000000000       0.1277037989834653        20.21804887828172        410.5139410761701        8370.888491756374        358.2707063202722        53.49993939378430    
    324.5000000000000       0.1355337086482196        20.46197828479202        420.5014395123161        8678.888844544672        358.2745462490433        54.49993684706057    
    325.5000000000000       0.1440178725866256        20.71323863120925        430.9143427259036        9003.933632629083        358.2785788270818        55.49993417256656    
    326.5000000000000       0.1532183548505912        20.97195165739472        441.7687643284517        9346.969445263505        358.2828215761670        56.49993135868147    
    327.5000000000000       0.1632060529266392        21.23828670696073        453.0836289661670        9709.075433629050        358.2872941638689        57.49992839236113    
    328.5000000000000       0.1740579252724743        21.51237212070254        464.8766356281817        10091.32659127181        358.2920187444285        58.49992525891222    
    329.5000000000000       0.1858603226042644        21.79435275287048        477.1668807917004        10494.88583040816        358.2970203666798        59.49992194172172    
    330.5000000000000       0.1987090651914043        22.08438858652740        489.9749342474827        10921.01357271125        358.3023274649252        60.49991842193116    
    331.5000000000000       0.2127096896856948        22.38257487631290        503.3188981924941        11370.92362839047        358.3079724531378        61.49991467804262    
    332.5000000000000       0.2279819869234934        22.68911956091072        517.2230947902963        11846.10591485186        358.3139924487923        62.49991068543881    
    333.5000000000000       0.2446574840217530        23.00409694404660        531.7060868748700        12347.88984776300        358.3204301605654        63.49990641579404    
    334.5000000000000       0.2628807096858838        23.32765494998701        546.7908293337661        12877.82151155906        358.3273349848902        64.49990183634708    
    335.5000000000000       0.2828206569718146        23.65994856694575        562.5013825977308        13437.54485716272        358.3347643710349        65.49989690899598    
    336.5000000000000       0.3046562716142310        24.00106528327170        578.8592079153045        14028.66454007431        358.3427855346923        66.49989158916121    
    337.5000000000000       0.3285936897860546        24.35113407237160        595.8887135392501        14652.96298903220        358.3514776285007        67.49988582434625    
    338.5000000000000       0.3548645547696360        24.71027423877972        613.6145353266380        15312.29383467461        358.3609345182636        68.49987955229648    
    339.5000000000000       0.3837228497041169        25.07858465224442        632.0611816884474        16008.57973052666        358.3712683716848        69.49987269861867    
    340.5000000000000       0.4154572905609889        25.45613442311872        651.2523052365290        16743.77777702060        358.3826143512808        70.49986517366862    
    341.5000000000000       0.4503946331878995        25.84306913663510        671.2164848137813        17520.11955843353        358.3951368292543        71.49985686842933    
    342.5000000000000       0.4888889433539664        26.23937422584277        691.9742900279965        18339.58206882176        358.4090377330859        72.49984764897555    
    343.5000000000000       0.5313519933751952        26.64518708360385        713.5555205574246        19204.60975601386        358.4245679257451        73.49983734892614    
    344.5000000000000       0.5782397203759957        27.06055605906111        735.9856563253641        20117.54235399897        358.4420429909214        74.49982575897464    
    345.5000000000000       0.6300684359695242        27.48554034814266        759.2917979337041        21080.88724281044        358.4618655497114        75.49981261208750    
    346.5000000000000       0.6874163828368150        27.92013479485762        783.4977103388245        22097.07827306166        358.4845574952144        76.49979756212456    
    347.5000000000000       0.7509375088495903        28.36440107603696        808.6320149312082        23168.86601172781        358.5108076986338        77.49978015219786    
    348.5000000000000       0.8213694589042174        28.81829700200592        834.7174926117192        24298.81629636935        358.5415446034684        78.49975976652242    
    349.5000000000000       0.8995475270654147        29.28182420990299        861.7804100065160        25489.75727156265        358.5780502980847        79.49973555475599    
    350.5000000000000       0.9864094097107488        29.75498155804508        889.8471763913749        26744.60811988558        358.6221466257815        80.49970630855725    
    351.5000000000000        1.083020842015739        30.23763509040507        918.9364288879929        28066.01678233879        358.6765126481034        81.49967025101728    
    352.5000000000000        1.190599072461969        30.72987999173346        949.0817882983083        29457.44461120890        358.7452560339717        82.49962465765914    
    353.5000000000000        1.310489908460711        31.23152241451704        980.2986989052600        30921.56965794358        358.8350117650716        83.49956512765046    
    354.5000000000000        1.444260149424016        31.74244815400010        1012.607725669683        32461.39765867225        358.9572390643718        84.49948406015540    
    355.5000000000000        1.593667157473231        32.26269044592875        1046.039850288658        34080.57115103623        359.1335795804194        85.49936709981024    
    356.5000000000000        1.760665851472646        32.79186942322852        1080.597697994776        35781.35105793546        359.4103949959476        86.49918349172619    
    357.5000000000000        1.947517697613957        33.32992061156300        1116.305642476255        37567.21702340960        359.9081549036720        87.49885330837451    
    358.5000000000000        2.156799341588801        33.87666693136690        1153.180154117848        39441.32394545008        1.067870286953096        88.49808384059764    
    359.5000000000000        2.390997933194300        34.43094199307798        1191.170582291902        41403.53233905284        6.810761842168357        89.49426452686674    
