 # author: MA Kubiak / Space Research Center PAS Warsaw Poland, contact: mkubiak@cbk.waw.pl                          
 # code version Program.keplerV_ellipt_V2      , Dates: calkV:20/04/2026  ; part_pr:20/04/2026                       
 # czas no T v_mas, kier.naplywu(dl, szer) macierz obrotu (ecl to helio), r, theta, phi(ecl,spher), V_detector(ecl,cart), IBEX_energy_channel
 #     2026.101215000000        0.1419110000000000E-01     7443.000000000000        -25.78400000689422         255.7450000000000         5.169000000000000        0.2459841265748581        0.9692738567985851         0.000000000000000       -0.9615244635393438        0.2440174711049008        0.1261989691358298        0.1223213615382913       -0.3104294319752456E-01    0.9920049496797150        0.9768960000000000         137.7201480000000        0.8469000000000003E-02    -20.25600000000000        -21.91900000000000        0.4799999999999999E-01 00
 # routs_end= 150.00;    Maxwellian,    elliptOrb=Off                                                                                        
 # Numerical parameters: GridKl=10  GridKf=09  GridKV=05  epsV= 0.0000100  epssJon=.0010000                                                  
 # Numerical parameters: GridKl=10  GridKf=09  GridKV=05  epsV= 0.0000100  epssJon=.0010000; tessel128                                                                                                                                                                                                                                                                                                                                                                                                                                                                 
# Axis to the Sun: alpha_ecl= 313.7350000000000000 delta_Ecl= 0.0920000000000000 delta_Ax= 75.0000000000000000  repoint= 00149
 #  flag_atom: He                                                   
 #  flag_general:                                                   
 #                                                                  
 #                                                                  
  # Ly_a_Profil: zero                                               
  # flag_Itot: zero                                                 
 #  v_SW_Eqtr: speed3D.hybrid2026c_patched.dat                      
 #  n_SW_Eqtr: density3D.hybrid2026c_patched.dat                    
 #  phot_Eqtr: 0.8500000  phion_Helium_T12F107_2026c.dat            
 #  sigma_SW: p+He->H +He+, He + alpha (2 chnls);src:simuLosses.nb  
 #  flag_el:slow  swEqtrElectrons5.2026c.patched.dat                
 #  SW_lati: interpolation                                          
 #  phot_lati: analit pole-flattened after Pryor & Auchere          
 #
 #
 #
 #Spin  flux speed	speed^2 speed^3    long_ecl lat_ecl
   0.5000000000000000       0.1385628490682415E-02    33.49687423424055        1127.530963795844        38136.73386176096        311.8584180733897        75.08380858758133    
    1.500000000000000       0.1499786410724427E-02    34.03073710499390        1163.739428301027        39987.52097062449        308.1218494916250        75.01845853069153    
    2.500000000000000       0.1620882556011456E-02    34.57135180250682        1200.985726740523        41921.43676504531        304.4342094065342        74.88860659045747    
    3.500000000000000       0.1748978247380947E-02    35.11862826187455        1239.285857749327        43941.40904673465        300.8253673634219        74.69589525745688    
    4.500000000000000       0.1884009057732465E-02    35.67242222883267        1278.651870513737        46050.22435689878        297.3214229225636        74.44266137753522    
    5.500000000000000       0.2025860482591569E-02    36.23253507384526        1319.091047055867        48250.43942006020        293.9438256763372        74.13180365058304    
    6.500000000000000       0.2174392113099810E-02    36.79881641994331        1360.613495137157        50544.80048796268        290.7089635235802        73.76663382551862    
    7.500000000000000       0.2329406363742395E-02    37.37113163174646        1403.229852340768        52936.11787140365        287.6281828829846        73.35072722442960    
    8.500000000000000       0.2490698296034667E-02    37.94941472730127        1446.955608268915        55427.52850496241        284.7081502927718        72.88778515477026    
    9.500000000000000       0.2658057626497235E-02    38.53366781091497        1491.811505993143        58022.54343639459        281.9514409753762        72.38151747254184    
    10.50000000000000       0.2831259056889945E-02    39.12399085243716        1537.826963649198        60725.32081148035        279.3572425512487        71.83554922808104    
    11.50000000000000       0.3010103612508393E-02    39.72050526537895        1585.033458196919        63540.23572303352        276.9220817881987        71.25335176335908    
    12.50000000000000       0.3194443487528864E-02    40.32336184221882        1633.465402063905        66471.95084985929        274.6405090773055        70.63819618159057    
    13.50000000000000       0.3384179268838819E-02    40.93273227392386        1683.160337832150        69525.49072406304        272.5057016435270        69.99312576052122    
    14.50000000000000       0.3579383876952930E-02    41.54887469686671        1734.163828574943        72706.51850939478        270.5099680551155        69.32094340994848    
    15.50000000000000       0.3780295319304234E-02    42.17213203267177        1786.530983176871        76021.54865646664        268.6451519456841        68.62421039749879    
    16.50000000000000       0.3987419383718591E-02    42.80292629396632        1840.325766408105        79477.90139510718        266.9029423714646        67.90525302463105    
    17.50000000000000       0.4201532953966003E-02    43.44169771603957        1895.615855711764        83083.38264937277        265.2751031075750        67.16617453098097    
    18.50000000000000       0.4423789848455679E-02    44.08894889240794        1952.477042885954        86846.62263352452        263.7536348389178        66.40887011193195    
    19.50000000000000       0.4655880456480352E-02    44.74532121077410        2011.000872577919        90777.66131715532        262.3308838516874        65.63504348112517    
    20.50000000000000       0.4900094958936952E-02    45.41158372987007        2071.294799399852        94888.05974635866        260.9996094093802        64.84622386620369    
    21.50000000000000       0.5159484563422673E-02    46.08858113341477        2133.477500305840        99190.60025637313        259.7530201319548        64.04378268708463    
    22.50000000000000       0.5438016120718384E-02    46.77726660577395        2197.682701848933        103699.6313288341        258.5847877733406        63.22894943951881    
    23.50000000000000       0.5740879482232632E-02    47.47873032558282        2264.063599029269        108431.5395228396        257.4890450196797        62.40282650639470    
    24.50000000000000       0.6074761524255408E-02    48.19419593203069        2332.792947836967        113404.8223332033        256.4603724017295        61.56640276013656    
    25.50000000000000       0.6448245873410342E-02    48.92494282315994        2404.056346218188        118639.6905306007        255.4937781534979        60.72056591543893    
    26.50000000000000       0.6872411347809347E-02    49.67238107903075        2478.060927237091        124158.8600381283        254.5846738414427        59.86611365414223    
    27.50000000000000       0.7361631802610624E-02    50.43797661988896        2555.028392621886        129987.1167661332        253.7288478030113        59.00376358261904    
    28.50000000000000       0.7934617498776200E-02    51.22316820972663        2635.187153950524        136150.8092373069        252.9224378329744        58.13416210377838    
    29.50000000000000       0.8615988702652350E-02    52.02936699205665        2718.772862546498        142678.0016500416        252.1619041049838        57.25789229605469    
    30.50000000000000       0.9438461809912175E-02    52.85774569954394        2806.004879286631        149596.5517804997        251.4440029820813        56.37548089441986    
    31.50000000000000       0.1044586326401586E-01    53.70918032381914        2897.079580608512        156933.6069473449        250.7657621266716        55.48740446631228    
    32.50000000000000       0.1169787344540291E-01    54.58403656675405        2992.143426759893        164713.1414514778        250.1244571459458        54.59409487034827    
    33.50000000000000       0.1327622773054539E-01    55.48194025293916        3091.263993561452        172953.2905460679        249.5175898856873        53.69594407908679    
    34.50000000000000       0.1529475460070590E-01    56.40161798834531        3194.405536728701        181663.7592178322        248.9428684004735        52.79330843983877    
    35.50000000000000       0.1791340891590991E-01    57.34070145609821        3301.399582416320        190842.6907621304        248.3981885712791        51.88651244011464    
    36.50000000000000       0.2135996472650544E-01    58.29573106357368        3411.936553168673        200475.1422392793        247.8816173047203        50.97585203713894    
    37.50000000000000       0.2596252429803518E-01    59.26218196675993        3525.559784845782        210531.6875787482        247.3913772258767        50.06159760413539    
    38.50000000000000       0.3219886435319332E-01    60.23464849222727        3641.678251806915        220968.6110577931        246.9258327645424        49.14399653990426    
    39.50000000000000       0.4077236508515792E-01    61.20711117654864        3759.590692046388        231729.1950638772        246.4834775297545        48.22327558261657    
    40.50000000000000       0.5272894965276027E-01    62.17337042190812        3878.534300852115        242747.5935830940        246.0629228672443        47.29964286373782    
    41.50000000000000       0.6963833291377840E-01    63.12750436138209        3997.740501833408        253953.7099411771        245.6628874974156        46.37328973354236    
    42.50000000000000       0.9387647301751221E-01    64.06414111211723        4116.469992692038        265276.3308057337        245.2821881363870        45.44439238574780    
    43.50000000000000       0.1290646419850225        64.97856804868682        4234.030136767388        276644.8538006989        244.9197310087215        44.51311330534506    
    44.50000000000000       0.1807559981920083        65.86699976464608        4349.817736969458        287994.0135682314        244.5745041671150        43.57960256067228    
    45.50000000000000       0.2575132563908242        66.72678634777932        4463.356772744744        299268.4508040934        244.2455705411429        42.64399895813661    
    46.50000000000000       0.3725992104045973        67.55634648524584        4574.299966725243        310423.7829277766        243.9320616438867        41.70643107567940    
    47.50000000000000       0.5465810629408915        68.35490079490941        4682.400208833867        321424.3455039241        243.6331718717373        40.76701818907084    
    48.50000000000000       0.8114633600610548        69.12217925710070        4787.476871684826        332240.3300980942        243.3481533387683        39.82587110336802    
    49.50000000000000        1.216971216376348        69.85829154304635        4889.403268148028        342847.0234863914        243.0763111927547        38.88309290034628    
    50.50000000000000        1.840276288856854        70.56384652177327        4988.128478766462        353227.6734994128        242.8169993651507        37.93877961138732    
    51.50000000000000        2.800901491258515        71.23953957790830        5083.621719531595        363367.9107802057        242.5696167121258        36.99302082415089    
    52.50000000000000        4.283045431870860        71.88630279221618        5175.895074059519        373258.3840512411        242.3336035081201        36.04590023035158    
    53.50000000000000        6.569130971303935        72.50503850304128        5264.964437702095        382890.5176596890        242.1084382573169        35.09749612108410    
    54.50000000000000        10.08909181269207        73.09654873177431        5350.840104900159        392255.6447612037        241.8936347919971        34.14788183537551    
    55.50000000000000        15.49141672025803        73.66169613905983        5433.550486010929        401347.7000930951        241.6887396299329        33.19712616697487    
    56.50000000000000        23.74577928711520        74.20131660932516        5513.127901291908        410161.5577531829        241.4933295658627        32.24529373380688    
    57.50000000000000        36.28399689272936        74.71610716779227        5589.591286287545        418691.0801506317        241.3070094746585        31.29244531400625    
    58.50000000000000        55.19269650087721        75.20680608230029        5662.973152611349        426932.2031051283        241.1294103061120        30.33863815200148    
    59.50000000000000        83.47332177323288        75.67405573384872        5733.297873576013        434880.4017101091        240.9601872533289        29.38392623772626    
    60.50000000000000        125.3674834891980        76.11847581371345        5800.592454707265        442531.9171469918        240.7990180785693        28.42836056169205    
    61.50000000000000        186.7681654050007        76.54070100963902        5864.891991549704        449884.3871936778        240.6456015820260        27.47198934835406    
    62.50000000000000        275.7123491403791        76.94133620527978        5926.232338516135        456935.9801659122        240.4996562005093        26.51485826993712    
    63.50000000000000        402.9157102475348        77.32101981703488        5984.659733568228        463686.5206310936        240.3609187243295        25.55701064265430    
    64.50000000000000        582.3552635546886        77.68034650256045        6040.218229099300        470135.9816639874        240.2291431218508        24.59848760704521    
    65.50000000000000        831.7963533636162        78.01987858334540        6092.951034419640        476284.6123310558        240.1040994622486        23.63932829397882    
    66.50000000000000        1173.174661194959        78.34021618609584        6142.911412399777        482134.2290120565        239.9855729279518        22.67956997770591    
    67.50000000000000        1632.738901418069        78.64187975377020        6190.143783310729        487685.9503266047        239.8733629090981        21.71924821720330    
    68.50000000000000        2240.762762312035        78.92544103766595        6234.704410143364        492942.6664261589        239.7672821730968        20.75839698692723    
    69.50000000000000        3030.706033777973        79.19142786208431        6276.645881539516        497907.1553347227        239.6671561030731        19.79704879798175    
    70.50000000000000        4037.621010057463        79.44035200608963        6316.021314453861        502582.5680619369        239.5728219995881        18.83523481060901    
    71.50000000000000        5295.759732409412        79.67275116432822        6352.890893186635        506973.2052744986        239.4841284405753        17.87298493882138    
    72.50000000000000        6835.432315147354        79.88913840699270        6387.313622163409        511083.5161080015        239.4009346949396        16.91032794791731    
    73.50000000000000        8678.987755269181        80.09006697014028        6419.357422943220        514919.2860380102        239.3231101857091        15.94729154555376    
    74.50000000000000        10836.37601276515        80.27605689538447        6449.087337403014        518486.2196347164        239.2505339990398        14.98390246698682    
    75.50000000000000        13300.85463019047        80.44763627832194        6476.571931660161        521790.6920533873        239.1830944357370        14.02018655503782    
    76.50000000000000        16044.92616197546        80.60529850359991        6501.876180986798        524838.8660135013        239.1206886022962        13.05616883529333    
    77.50000000000000        19017.82010357943        80.74948235792110        6525.058046893359        527636.2557935886        239.0632220387619        12.09187358700488    
    78.50000000000000        22144.45575387554        80.88062416339878        6546.176751679847        530188.7163115328        239.0106083809867        11.12732441011575    
    79.50000000000000        25326.41580935467        80.99915333352757        6565.291943785658        532502.3312038594        238.9627690551164        10.16254428880842    
    80.50000000000000        28445.87766890894        81.10547934759377        6582.461438309141        534583.1218850295        238.9196330023659        9.197555651936248    
    81.50000000000000        31372.34575317016        81.19994383864741        6597.733239285018        536436.0531844387        238.8811364323560        8.232380430676455    
    82.50000000000000        33972.10898721177        81.28281741115228        6611.144853956785        538064.9307914759        238.8472226034795        7.267040113718248    
    83.50000000000000        36116.74846614651        81.35434498182622        6622.730658199791        539473.3010292844        238.8178416289477        6.301555800279242    
    84.50000000000000        37693.62732083552        81.41474918285219        6632.522324831039        540664.4889066969        238.7929503073320        5.335948251226049    
    85.50000000000000        38616.88116347888        81.46419340183857        6640.542654159859        541640.8262381513        238.7725119765782        4.370237938558729    
    86.50000000000000        38836.24639160230        81.50274282923790        6646.799117453735        542402.8499445206        238.7564963906131        3.404445093506355    
    87.50000000000000        38338.10025153014        81.53043396076768        6651.295289799803        542950.7136609171        238.7448796178094        2.438589753469513    
    88.50000000000000        37148.58758779477        81.54727633985183        6654.030988875235        543284.1865751578        238.7376439607027        1.472691808036287    
    89.50000000000000        35333.85068244216        81.55317699094707        6654.989916247060        543401.1373727713        238.7347778964834       0.5067710442911666    
    90.50000000000000        32990.56852884101        81.54794642998739        6654.140716021458        543297.6738612124        238.7362760379139      -0.4591528083692499    
    91.50000000000000        30236.93190850801        81.53141335889377        6651.455734233237        542970.4448256706        238.7421391144338       -1.425060033704088    
    92.50000000000000        27206.78914602957        81.50332903927271        6646.895315221136        542414.7051667493        238.7523739733431       -2.390930884171873    
    93.50000000000000        24035.20240137930        81.46335319889045        6640.405748187938        541624.0952009324        238.7669936010620       -3.356745536342979    
    94.50000000000000        20848.69786076123        81.41119486442059        6631.942291663661        540593.4643593202        238.7860171645899       -4.322484045973216    
    95.50000000000000        17760.04672540105        81.34648655313237        6621.448666542119        539316.3621734335        238.8094700733998       -5.288126302527961    
    96.50000000000000        14859.78454399282        81.26878449506889        6608.857355597052        537785.1061457676        238.8373840621267       -6.253651982942131    
    97.50000000000000        12214.14920388318        81.17767453038378        6594.106803533216        535992.8768207162        238.8697972945314       -7.219040504395681    
    98.50000000000000        9865.303163765449        81.07267772107042        6577.126350855647        533931.9137958345        238.9067544893481       -8.184270975876291    
    99.50000000000000        7831.863697183159        80.95332626887401        6557.848772800821        531595.0667891831        238.9483070687593       -9.149322148291759    
    100.5000000000000        6113.246675305806        80.81914000372913        6536.206414612589        528975.3166136823        238.9945133303781       -10.11417236288279    
    101.5000000000000        4693.432806098996        80.66961689883999        6512.130084583226        526065.6906380107        239.0454386437683       -11.07879949767392    
    102.5000000000000        3545.701691425762        80.50424328369691        6485.550686758702        522859.4542363501        239.1011556726892       -12.04318091168402    
    103.5000000000000        2636.997883843555        80.32248780126778        6456.398399634842        519350.0261932061        239.1617446244188       -13.00729338659981    
    104.5000000000000        1931.730291439771        80.12382547931510        6424.606970155452        515531.5436588591        239.2272935276905       -13.97111306559517    
    105.5000000000000        1394.641525145187        79.90772514882080        6390.111707561406        511398.6169146254        239.2978985409749       -14.93461538895507    
    106.5000000000000        992.9886676248801        79.67363249153996        6352.846866238980        506946.0169755618        239.3736642930444       -15.89777502613583    
    107.5000000000000        697.7506493207019        79.42106420891234        6312.761226974378        502170.6045172382        239.4547042579964       -16.86056580386352    
    108.5000000000000        484.2441378502454        79.14945924348801        6269.794220122419        497068.4410916661        239.5411411671520       -17.82296062983734    
    109.5000000000000        332.2033608824285        78.85830416083176        6223.896341812665        491637.2749012422        239.6331074605312       -18.78493141156612    
    110.5000000000000        225.4866991063880        78.54702645647797        6175.012155844366        485874.4918271521        239.7307457808992       -19.74644896982295    
    111.5000000000000        151.5795585410285        78.21509968097091        6123.097546365906        479779.2282281319        239.8342095137150       -20.70748294615322    
    112.5000000000000        101.0215691670311        77.86184478839850        6068.088390845601        473348.6424141987        239.9436633766761       -21.66800170381633    
    113.5000000000000        66.82513049350663        77.48669520792944        6009.942782250498        466582.9458754733        240.0592840629575       -22.62797222147973    
    114.5000000000000        43.92767523762092        77.08904325150000        5948.617395013100        459482.6551105457        240.1812609426895       -23.58735997891327    
    115.5000000000000        28.73083898718987        76.66811945479721        5884.048652201432        452046.3549527968        240.3097968277132       -24.54612883385390    
    116.5000000000000        18.72285427144570        76.22340938025117        5816.218977431708        444278.5787239877        240.4451088051994       -25.50424088912223    
    117.5000000000000        12.17362475896415        75.75414426524266        5745.077114687731        436180.4145637485        240.5874291463284       -26.46165634897236    
    118.5000000000000        7.909173791413061        75.25946759518162        5670.565134316274        427752.7466316231        240.7370062969030       -27.41833336354481    
    119.5000000000000        5.142927496421517        74.73870160041551        5592.659852091432        419001.0474511332        240.8941059575207       -28.37422786016482    
    120.5000000000000        3.352427743971222        74.19087677015013        5511.301121780511        409927.1255356488        241.0590122617726       -29.32929336008567    
    121.5000000000000        2.194417645666092        73.61506366859088        5426.443940270270        400535.2099027292        241.2320290618690       -30.28348077911500    
    122.5000000000000        1.445050620906308        73.01044043440201        5338.067807464498        390832.8573528180        241.4134813321378       -31.23673821037825    
    123.5000000000000       0.9590160084250341        72.37586837884332        5246.114016326055        380823.9394048307        241.6037167020058       -32.18901068726692    
    124.5000000000000       0.6426525752536350        71.71061209655998        5150.593261401940        370520.6555070025        241.8031071313724       -33.14023992438371    
    125.5000000000000       0.4356742787355079        71.01397762270764        5051.529598182400        359936.9667639051        242.0120507427384       -34.09036403402966    
    126.5000000000000       0.2993637387859194        70.28543166669425        4948.977519308453        349090.3893842626        242.2309738260723       -35.03931721547499    
    127.5000000000000       0.2088874072088104        69.52510427096836        4843.090478712053        338008.9469473250        242.4603330342076       -35.98702941391138    
    128.5000000000000       0.1482722228589727        68.73347439412537        4734.070746845654        326725.2184305715        242.7006177885853       -36.93342594558859    
    129.5000000000000       0.1072408238598624        67.91221509671804        4622.284507081063        315288.1275458928        242.9523529174066       -37.87842708519210    
    130.5000000000000       0.7914556263019258E-01    67.06369745938642        4508.181389285832        303753.3707943238        243.2161015507742       -38.82194761100690    
    131.5000000000000       0.5966892104132060E-01    66.19134034399025        4392.335866973496        292187.1099799090        243.4924683001938       -39.76389630282782    
    132.5000000000000       0.4599148107267895E-01    65.29955138620545        4275.429494920966        280663.2954565177        243.7821027529100       -40.70417538691029    
    133.5000000000000       0.3625686100142703E-01    64.39356415172676        4158.222001831639        269260.2233089639        244.0857033149914       -41.64267992149173    
    134.5000000000000       0.2923381093078939E-01    63.47923081289046        4041.519615288406        258057.1747858938        244.4040214408800       -42.57929711553763    
    135.5000000000000       0.2409806086498459E-01    62.56260272835227        3926.116325251361        247128.4559502655        244.7378662912998       -43.51390557236590    
    136.5000000000000       0.2029227628446857E-01    61.64958548964847        3812.751731413866        236539.7608658463        245.0881098660014       -44.44637444865366    
    137.5000000000000       0.1743587000688479E-01    60.74548662179991        3702.055638344950        226343.2510920202        245.4556926627941       -45.37656251801221    
    138.5000000000000       0.1526558407742678E-01    59.85472823444561        3594.519868711609        216575.8147427360        245.8416299196937       -46.30431712680652    
    139.5000000000000       0.1359734974962651E-01    58.98065749450071        3490.481533938021        207258.2531666647        246.2470185027313       -47.22947302816218    
    140.5000000000000       0.1230090354412339E-01    58.12557905092796        3390.136275830592        198397.4516662523        246.6730445079861       -48.15185107811722    
    141.5000000000000       0.1128253786445640E-01    57.29065575626968        3293.533625259815        189986.6642873948        247.1209916525766       -49.07125677560294    
    142.5000000000000       0.1047425322817610E-01    56.47628002878898        3200.629156899114        182010.9345595810        247.5922505355018       -49.98747862533830    
    143.5000000000000       0.9825776683350210E-02    55.68209475425897        3111.292482394150        174448.2758642030        248.0883288550622       -50.90028629975447    
    144.5000000000000       0.9299640084933138E-02    54.90735076544786        3025.352700403491        167273.9675462023        248.6108626747026       -51.80942857269064    
    145.5000000000000       0.8867287546966097E-02    54.15092586899195        2942.602999794539        160461.1192416345        249.1616288328810       -52.71463099377391    
    146.5000000000000       0.8506767267333448E-02    53.41155648754825        2862.828661127357        153983.1634065659        249.7425585941183       -53.61559326807590    
    147.5000000000000       0.8200919508476844E-02    52.68791097373924        2785.816023315107        147814.6299788773        250.3557526365165       -54.51198630080140    
    148.5000000000000       0.7936197992126043E-02    51.97866377330185        2711.360025442463        141931.6644592593        251.0034974640477       -55.40344886138917    
    149.5000000000000       0.7701751269406060E-02    51.28250157738972        2639.264680552574        136312.0098844588        251.6882833175204       -56.28958381550974    
    150.5000000000000       0.7488849446695783E-02    50.59818065865976        2569.348812621842        130935.3954275543        252.4128236331560       -57.16995386708722    
    151.5000000000000       0.7290442186592729E-02    49.92455121128253        2501.448201723769        125783.6342692009        253.1800760578984       -58.04407674577428    
    152.5000000000000       0.7100824396972723E-02    49.26057507507934        2435.416394582664        120840.5716094541        253.9932649702262       -58.91141976850415    
    153.5000000000000       0.6915383573625338E-02    48.60529424752977        2371.120554403716        116091.6607517627        254.8559053667361       -59.77139369720751    
    154.5000000000000       0.6730540731958621E-02    47.95786913313741        2308.444789425852        111524.1494045363        255.7718278481446       -60.62334580911865    
    155.5000000000000       0.6543534945569846E-02    47.31755583366408        2247.287092493780        107126.7660733603        256.7452042606396       -61.46655209221139    
    156.5000000000000       0.6352328026314137E-02    46.68371077346562        2187.559097743065        102889.6290387541        257.7805733031483       -62.30020847755703    
    157.5000000000000       0.6155525441721286E-02    46.05573366817234        2129.179909647629        98803.73009965225        258.8828650773119       -63.12342102473523    
    158.5000000000000       0.5952268912583892E-02    45.43308313703533        2072.077005081124        94860.94085562583        260.0574231095095       -63.93519498862756    
    159.5000000000000       0.5742249564386425E-02    44.81534068683560        2016.192235811682        91054.42639224774        261.3100217835964       -64.73442271983771    
    160.5000000000000       0.5525614937978897E-02    44.20216030771061        1961.476260413154        87378.18008663747        262.6468763565683       -65.51987039185340    
    161.5000000000000       0.5302886310287627E-02    43.59326978412486        1907.888050631640        83826.93563540708        264.0746417549886       -66.29016361283738    
    162.5000000000000       0.5074880018491648E-02    42.98845815721243        1855.393509855795        80396.05016460182        265.6003951426349       -67.04377207754646    
    163.5000000000000       0.4842653376423764E-02    42.38756169873615        1803.963512686239        77081.31754757062        267.2315958034262       -67.77899355632161    
    164.5000000000000       0.4607464419483815E-02    41.79046203851779        1753.573552282633        73878.93138778536        268.9760142311318       -68.49393771614136    
    165.5000000000000       0.4370664257519163E-02    41.19711939440900        1704.206633650714        70785.67154633896        270.8416205606873       -69.18651053681670    
    166.5000000000000       0.4133732042785216E-02    40.60755596663054        1655.850945099761        67798.69296682325        272.8364208293069       -69.85440043521774    
    167.5000000000000       0.3898136309258677E-02    40.02186620940552        1608.500803577516        64915.59072823730        274.9682283999911       -70.49506764740019    
    168.5000000000000       0.3665348224329379E-02    39.44014939674605        1562.149998509991        62133.91943047538        277.2443578222055       -71.10573893445988    
    169.5000000000000       0.3436736546765888E-02    38.86256497471587        1516.796894373466        59451.54593205985        279.6712303193582       -71.68341024024204    
    170.5000000000000       0.3213592550157232E-02    38.28927353112801        1472.439100331561        56866.29334361369        282.2538851083795       -72.22486046665344    
    171.5000000000000       0.2997033850291515E-02    37.72043675416626        1429.073518144465        54375.95200058557        284.9954001163129       -72.72667992142770    
    172.5000000000000       0.2788032102431584E-02    37.15615396189031        1386.691641410419        51978.02064567533        287.8962403754153       -73.18531704825820    
    173.5000000000000       0.2587389759736092E-02    36.59656190023797        1345.287619046847        49670.19746707514        290.9535726175670       -73.59714653085109    
    174.5000000000000       0.2395747494043359E-02    36.04175281318076        1304.851911083242        47450.00926188775        294.1606088094807       -73.95856051670303    
    175.5000000000000       0.2213572883731182E-02    35.49188023518532        1265.379734509069        45315.31675997467        297.5060654604346       -74.26608234849030    
    176.5000000000000       0.2041167034236811E-02    34.94706340179690        1226.863424863126        43263.85352817787        300.9738424784230       -74.51649883206355    
    177.5000000000000       0.1878654480399833E-02    34.40743027209137        1189.295831038344        41293.42608738593        304.5430261760777       -74.70700305476852    
    178.5000000000000       0.1726103946477682E-02    33.87328185635423        1152.681780800825        39402.51443411932        308.1882975937276       -74.83533584975716    
    179.5000000000000       0.1583382120953353E-02    33.34478597515868        1117.015484781180        37589.01961343073        311.8807766087318       -74.89991126332109    
    180.5000000000000       0.1450329908343342E-02    32.82230498135475        1082.303867747234        35851.51987528315        315.5892605156749       -74.89991093917213    
    181.5000000000000       0.1326736231086989E-02    32.30625421178347        1048.555409355177        34188.62430492429        319.2817392113699       -74.83533488145302    
    182.5000000000000       0.1212268624424018E-02    31.79688252758558        1015.765914467856        32598.28880296825        322.9270100064084       -74.70700145447698    
    183.5000000000000       0.1106593430381988E-02    31.29454674509654        983.9372464294213        31078.78493472134        326.4961928082054       -74.51649661923307    
    184.5000000000000       0.1009296673603088E-02    30.79946449980336        953.0610835017668        29627.89927690669        329.9639686977125       -74.26607954872468    
    185.5000000000000       0.9199291870446825E-03    30.31174336883274        923.1217488459317        28243.11923430401        333.3094240344623       -73.95855716039861    
    186.5000000000000       0.8380137357674684E-03    29.83148333406976        894.1033689115200        26922.00483457572        336.5164587753074       -73.59714265175006    
    187.5000000000000       0.7630879357493220E-03    29.35883937622199        865.9935308321378        25662.34459277538        339.5737894766270       -73.18531268205392    
    188.5000000000000       0.6946629821021593E-03    28.89390939863328        838.7764991019992        24461.84325551279        342.4746281477371       -72.72667510452260    
    189.5000000000000       0.6322732960267703E-03    28.43682010890025        812.4383651699304        23318.35236224891        345.2161415569612       -72.22485523512890    
    190.5000000000000       0.5754588482829704E-03    27.98766540534323        786.9632449562912        22229.69042140043        347.7987947661528       -71.68340462906164    
    191.5000000000000       0.5237823307741827E-03    27.54657482479164        762.3373976553585        21193.82938327237        350.2256657251710       -71.10573297689851    
    192.5000000000000       0.4768319331197834E-03    27.11367275332202        738.5465845676968        20208.76559984353        352.5017936675506       -70.49506137467341    
    193.5000000000000       0.4342083294699796E-03    26.68902432970142        715.5733032421350        19272.41472274997        354.6335998279386       -69.85439387627635    
    194.5000000000000       0.3955450950665448E-03    26.27275875427518        693.4036844897819        18382.89989502072        356.6283987626188       -69.18650371827009    
    195.5000000000000       0.3604999013747535E-03    25.86496458441080        672.0215420546893        17538.29710394147        358.4940038379160       -68.49393066227566    
    196.5000000000000       0.3287478830775730E-03    25.46568478700353        651.4084551406069        16736.65129582264       0.2384311096229001       -67.77898628918319    
    197.5000000000000       0.2999875574022421E-03    25.07494939867264        631.5455886261503        15976.05076926058        1.869630675572852       -67.04376461706777    
    198.5000000000000       0.2739457704843851E-03    24.69283172611427        612.4167336654153        15254.74904500826        3.395383044811805       -66.29015597698658    
    199.5000000000000       0.2503649661496342E-03    24.31928939733665        594.0000549932766        14570.83973431628        4.823147497726834       -65.51986259679499    
    200.5000000000000       0.2290177078705202E-03    23.95435890567307        576.2781514916283        13922.64576848379        6.160001194022585       -64.73441478009491    
    201.5000000000000       0.2096839897934791E-03    23.59797098635883        559.2288289200571        13308.36966492238        7.412599055913146       -63.93518691723988    
    202.5000000000000       0.1921760723397966E-03    23.25012174910541        542.8336779602510        12726.41504313894        8.587156335961105       -63.12341283340796    
    203.5000000000000       0.1763148438124257E-03    22.91075801957680        527.0724376881967        12175.17483192935        9.689447413640158       -62.30020017679971    
    204.5000000000000       0.1619402527272090E-03    22.57980102921967        511.9242049834504        11653.07539322541        10.72481581109080       -61.46654369146516    
    205.5000000000000       0.1489058598156635E-03    22.25717557438661        497.3689844358720        11158.63465921245        11.69819162591694       -60.62333731687147    
    206.5000000000000       0.1370822353583153E-03    21.94281912223171        483.3878359959498        10690.45513025751        12.61411355324510       -59.77138512109796    
    207.5000000000000       0.1263508851200096E-03    21.63662709428376        469.9606100258982        10247.15203525969        13.47675343571555       -58.91141111541446    
    208.5000000000000       0.1166043816860450E-03    21.33851725229639        457.0688033438698        9827.445542177356        14.28994187075507       -58.04406802191308    
    209.5000000000000       0.1077466842843997E-03    21.04838329379009        444.6934416117849        9430.086278172856        15.05719385192553       -57.16994507806326    
    210.5000000000000       0.9969107019016084E-04    20.76612159105338        432.8163044403836        9053.894852141882        15.78173375491590       -56.28957496639728    
    211.5000000000000       0.9235935343825609E-04    20.49161930771245        421.4194171017378        8697.743566780751        16.46651922411324       -55.40343995678571    
    212.5000000000000       0.8568204365588890E-04    20.22475299658159        410.4848976535577        8360.546321248676        17.11426369340018       -54.51197734487904    
    213.5000000000000       0.7959544512217045E-04    19.96540997334382        399.9960450423900        8041.297254727019        17.72745740144949       -53.61558426462653    
    214.5000000000000       0.7404315613069277E-04    19.71346003024378        389.9358984320372        7739.015141339451        18.30838685028447       -52.71462194624947    
    215.5000000000000       0.6897386349131183E-04    19.46877498864793        380.2882623458138        7452.780676216478        18.85915271623003       -51.80941948423848    
    216.5000000000000       0.6434156748743170E-04    19.23122370711529        371.0373481588445        7181.718563330752        19.38168626218756       -50.90027717324879    
    217.5000000000000       0.6010502318905622E-04    19.00067570461730        362.1679411871443        6925.001883063062        19.87776432513840       -49.98746946340808    
    218.5000000000000       0.5622692852802240E-04    18.77699566519798        353.6651977977764        6681.845025639941        20.34902296718133       -49.07124758065661    
    219.5000000000000       0.5267395959224181E-04    18.56005905883912        345.5152108252004        6451.517415342683        20.79696988538910       -48.15184185236458    
    220.5000000000000       0.4941590147905701E-04    18.34973282894279        337.7042396889274        6233.319208264036        21.22299567764032       -47.22946377363398    
    221.5000000000000       0.4642560279243645E-04    18.14588646369211        330.2191363732291        6026.592385866363        21.62838406003090       -46.30430784537175    
    222.5000000000000       0.4367857013285547E-04    17.94838737288780        323.0471328589543        5830.712418247651        22.01432112770543       -45.37655321139360    
    223.5000000000000       0.4115281048094160E-04    17.75710778937364        316.1761003401502        5645.094583872938        22.38190374584050       -44.44636511844151    
    224.5000000000000       0.3882838377012398E-04    17.57191572370557        309.5941767922786        5469.181495022438        22.73214715166954       -43.51389622003041    
    225.5000000000000       0.3668728825701072E-04    17.39268140975062        303.2900014996655        5302.448607798786        23.06599184228572       -42.57928774243992    
    226.5000000000000       0.3471332424515353E-04    17.21927739604568        297.2527098197569        5144.403015010739        23.38430981678249       -41.64267052889380    
    227.5000000000000       0.3289185525313231E-04    17.05157673505006        291.4718300827620        4994.578769374514        23.68791023528101       -40.70416597598382    
    228.5000000000000       0.3120972990481888E-04    16.88945485060107        285.9373332642062        4852.537030492941        23.97754455166916       -39.76388687466222    
    229.5000000000000       0.2965497740300938E-04    16.73278729115495        280.6395495332036        4717.863085317551        24.25391117150604       -38.82193816661654    
    230.5000000000000       0.2821680381231522E-04    16.58145081557840        275.5691736705644        4590.164967978504        24.51765968156700       -37.87841762552259    
    231.5000000000000       0.2688547175597047E-04    16.43532788194944        270.7174275806526        4469.077358900904        24.76939469292524       -36.93341647152286    
    232.5000000000000       0.2565213678649538E-04    16.29430280517447        266.0758903048365        4354.255606756409        25.00967933528443       -35.98701992627492    
    233.5000000000000       0.2450880326196059E-04    16.15826441833449        261.6365890811840        4245.377635036174        25.23903843647697       -35.03930771504042    
    234.5000000000000       0.2344824728033851E-04    16.02710535724701        257.3919419081561        4142.141129363052        25.45796141760264       -34.09035452152130    
    235.5000000000000       0.2246389595352156E-04    15.90072428768076        253.3348337236484        4044.265125007317        25.66690493117927       -33.14023040048157    
    236.5000000000000       0.2154980000205133E-04    15.77902256527770        249.4584724516606        3951.485172618098        25.86629526688244       -32.18900115260993    
    237.5000000000000       0.2070053692894688E-04    15.66190392643642        245.7563707892730        3863.552356246461        26.05653054694108       -31.23672866556788    
    238.5000000000000       0.1991116945359374E-04    15.54927658746008        242.2224072860137        3780.234297906124        26.23798273100199       -30.28347122471812    
    239.5000000000000       0.1917721423570248E-04    15.44105226142879        238.8507728921613        3701.313024651372        26.41099944825687       -29.32928379663715    
    240.5000000000000       0.1849456796624478E-04    15.33714401359160        235.6358972211110        3626.582820178006        26.57590567281463       -28.37421828817012    
    241.5000000000000       0.1785951677464454E-04    15.23746913919115        232.5725265176674        3555.851511564359        26.73300525668114       -27.41832378348233    
    242.5000000000000       0.1726866721795329E-04    15.14194847066221        229.6556912443849        3488.939228680555        26.88258233325651       -26.46164676129528    
    243.5000000000000       0.1671893996149408E-04    15.05050594694161        226.8806835446130        3425.677459106935        27.02490260295980       -25.50423129426065    
    244.5000000000000       0.1620749458014617E-04    14.96306752533503        224.2430135581548        3365.907607384876        27.16021451142640       -24.54611923221656    
    245.5000000000000       0.1573176830911458E-04    14.87956452977284        221.7385043686493        3309.482829037703        27.28875032967975       -23.58735037088902    
    246.5000000000000       0.1528938001167281E-04    14.79992874399346        219.3631323463271        3256.263989265150        27.41072714474327       -22.62796260743921    
    247.5000000000000       0.1487819995428001E-04    14.72409612010881        217.1131317530049        3206.121718005991        27.52634776831917       -21.66799208411330    
    248.5000000000000       0.1449624516189052E-04    14.65200567533257        214.9849578335535        3158.935362810656        27.63580157040717       -20.70747332112576    
    249.5000000000000       0.1414173728155904E-04    14.58359926940806        212.9752678600049        3114.592161999994        27.73926524405892       -19.74643933979477    
    250.5000000000000       0.1381303660153658E-04    14.51882066425066        211.0808897549090        3072.986362194627        27.83690350685518       -18.78492177684759    
    251.5000000000000       0.1350867611517804E-04    14.45761961492762        209.2989388109432        3034.021613357556        27.92886974414446       -17.82295099072649    
    252.5000000000000       0.1322726405814740E-04    14.39994541686036        207.6266183393051        2997.606260889752        28.01530659858718       -16.86055616064708    
    253.5000000000000       0.1296758258547053E-04    14.34575245909790        206.0613793573451        2963.656712589637        28.09634651010359       -15.89776537909010    
    254.5000000000000       0.1272849198109326E-04    14.29499553953921        204.6007773405273        2932.094078924844        28.17211220992006       -14.93460573834671    
    255.5000000000000       0.1250895911504499E-04    14.24763315597774        203.2425660253210        2902.846114897334        28.24271717204308       -13.97110341168202    
    256.5000000000000       0.1230057266667570E-04    14.20363349352854        201.9848857812584        2875.851586337867        28.30826602515869       -13.00728372963169    
    257.5000000000000       0.1212505125290652E-04    14.16294632292019        200.8253370243121        2851.037566676574        28.36885492765407       -12.04317125190331    
    258.5000000000000       0.1195909242195988E-04    14.12555390870948        199.7626695017863        2828.360897366841        28.42457190818307       -11.07878983531630    
    259.5000000000000       0.1180951859405073E-04    14.09141985801407        198.7950803986155        2807.766241484529        28.47549717394665       -10.11416269817791    
    260.5000000000000       0.1167571754451114E-04    14.06051668649125        197.9211175793955        2789.208015521235        28.52170338862981       -9.149312481463697    
    261.5000000000000       0.1155714938721179E-04    14.03281913471302        197.1394632966551        2772.645152480075        28.56325592172454       -8.184261307144260    
    262.5000000000000       0.1145332969339634E-04    14.00830389004398        196.4489211693381        2758.040677747282        28.60021307077402       -7.219030833974546    
    263.5000000000000       0.1136039481422068E-04    13.98673897796949        195.8423930528382        2745.232352994964        28.63262625789271       -6.253642311042851    
    264.5000000000000       0.1128836504362727E-04    13.96874614968961        195.3372617648956        2734.585046902301        28.66054020174858       -5.288116629358195    
    265.5000000000000       0.1122659173089558E-04    13.95367453744110        194.9145715862159        2725.684569542371        28.68399306603737       -4.322474371737832    
    266.5000000000000       0.1117825590010541E-04    13.94172206677277        194.5797041982914        2718.640666277415        28.70301658533023       -3.356735861244365    
    267.5000000000000       0.1114317890505848E-04    13.93287941131749        194.3321727105263        2713.438306376950        28.71763616903725       -2.390921208410596    
    268.5000000000000       0.1112122668588761E-04    13.92713988603517        194.1716230803085        2710.066511357990        28.72787098409564       -1.425050357479320    
    269.5000000000000       0.1111230080136882E-04    13.92449771664776        194.0977848129781        2708.517293762832        28.73373401686400      -0.4591431318790614    
    270.5000000000000       0.1111637337529335E-04    13.92495149460448        194.1105694265887        2708.787759272208        28.73523211458076       0.5067807208491645    
    271.5000000000000       0.1113347296409879E-04    13.92850257612703        194.2100242458550        2710.879103108204        28.73236600662453        1.472701484464538    
    272.5000000000000       0.1116364854035900E-04    13.93515231149717        194.3962530505615        2714.794904692848        28.72513030569609        2.438599429570217    
    273.5000000000000       0.1120702197675714E-04    13.94490691040508        194.6695558663090        2720.544145202448        28.71351348892455        3.404454769080836    
    274.5000000000000       0.1126374740364450E-04    13.95777328278310        195.0303101509816        2728.138665662787        28.69749785878310        4.370247613407021    
    275.5000000000000       0.1133405369131478E-04    13.97376227562543        195.4790638742598        2737.595184403744        28.67705948358168        5.335957925146587    
    276.5000000000000       0.1141819673659145E-04    13.99288570395676        196.0164519376575        2748.933542295866        28.65216811718357        6.301565473068212    
    277.5000000000000       0.1151649379918501E-04    14.01515860589159        196.6432618536749        2762.178152728375        28.62278709746942        7.267049785169149    
    278.5000000000000       0.1162933142060365E-04    14.04059979552471        197.3604516696478        2777.358448805179        28.58887322294458        8.232390100579762    
    279.5000000000000       0.1175715316377632E-04    14.06923017166163        198.1691020942516        2794.507886015784        28.55037660675249        9.197565320078709    
    280.5000000000000       0.1190043854903456E-04    14.10107137474770        199.0703801725169        2813.663231718006        28.50724050721655        10.16255395497259    
    281.5000000000000       0.1205972589518846E-04    14.13614707448905        200.0655784685611        2834.865484478173        28.45940113388569        11.12733407407958    
    282.5000000000000       0.1223564386912289E-04    14.17448651452896        201.1562201197488        2858.162240546579        28.40678742790078        12.09188324854099    
    283.5000000000000       0.1242889369215564E-04    14.21612103753444        202.3439608070277        2883.605654035676        28.34932081533122        13.05617849416844    
    284.5000000000000       0.1264023135895812E-04    14.26108275832690        203.6305530255368        2911.251757942002        28.28691493194981        14.02019621101227    
    285.5000000000000       0.1287050380982258E-04    14.30940858691159        205.0179680066581        2941.163278007040        28.21947531771859        14.98391211981375    
    286.5000000000000       0.1312064267415838E-04    14.36113720046493        206.5083094774838        2973.407839651522        28.14689907904652        15.94730119497844    
    287.5000000000000       0.1339170646221059E-04    14.41631146014591        208.1038877531430        3008.059721858761        28.06907451664893        16.91033759367658    
    288.5000000000000       0.1368484611532925E-04    14.47497691100156        209.8071827712855        3045.199261430825        27.98588071658711        17.87299458064265    
    289.5000000000000       0.1400132201100783E-04    14.53717993281880        211.6207925088148        3084.911843332683        27.89718710179011        18.83524444820952    
    290.5000000000000       0.1434252354906286E-04    14.60297219876651        213.5475708499652        3127.291167945554        27.80285294105848        19.79705843106779    
    291.5000000000000       0.1470998569384749E-04    14.67240640974832        215.5905040386872        3172.436650911920        27.70272681221583        20.75840661519304    
    292.5000000000000       0.1510538889830414E-04    14.74554001254777        217.7528304418221        3220.456391562149        27.59664601570692        21.71925784033007    
    293.5000000000000       0.1553056405541118E-04    14.82243091511500        220.0379168951172        3271.464599552692        27.48443593453447        22.67957959536089    
    294.5000000000000       0.1598750452415351E-04    14.90314000951084        222.4493409967782        3325.583707393069        27.36590933597751        23.63933790581392    
    295.5000000000000       0.1647839583990746E-04    14.98773157058890        224.9909098774771        3382.945070945368        27.24086561003580        24.59849721269578    
    296.5000000000000       0.1700563769265495E-04    15.07627287279690        227.6666565526468        3443.689202033305        27.10908993899133        25.55702024173795    
    297.5000000000000       0.1757186082597353E-04    15.16883581423432        230.4808979740585        3507.967440586101        26.97035239186347        26.51486786205201    
    298.5000000000000       0.1817994998499645E-04    15.26549507864864        233.4381867006570        3575.941189857669        26.82440693684983        27.47199893307740    
    299.5000000000000       0.1883302889830235E-04    15.36632678164125        236.5432758444744        3647.781434584739        26.67099036408286        28.42837013857847    
    300.5000000000000       0.1953454871653405E-04    15.47141259550485        239.8012605518846        3723.672550378470        26.50982111018280        29.38393580630576    
    301.5000000000000       0.2028825762534023E-04    15.58083595941314        243.2174668290486        3803.810070609148        26.34059797513893        30.33864771177743    
    302.5000000000000       0.2109830105186106E-04    15.69468626489035        246.7976026885008        3888.404979145216        26.16299872099317        31.29245486445327    
    303.5000000000000       0.2196923351872715E-04    15.81305819729772        250.5477501588505        3977.684084657091        25.97667854061691        32.24530327436824    
    304.5000000000000       0.2290602487671023E-04    15.93604349512341        254.4740951571272        4071.883613444279        25.78126838355014        33.19713569705984    
    305.5000000000000       0.2391409997832904E-04    16.06373809906399        258.5831801660572        4171.256172951341        25.57637312439388        34.14789135435657    
    306.5000000000000       0.2499942830313757E-04    16.19624059058521        262.8818671321786        4276.070538049475        25.36156955759447        35.09750562829359    
    307.5000000000000       0.2616857222886320E-04    16.33365664507892        267.3774973713531        4386.616266959879        25.13640420060941        36.04590972507814    
    308.5000000000000       0.2742877171998912E-04    16.47609244717519        272.0776909733223        4503.199573452364        24.90039088537896        36.99303030563579    
    309.5000000000000       0.2878810820969258E-04    16.62367168074127        276.9909541892660        4626.160049918284        24.65300811571871        37.93878907882000    
    310.5000000000000       0.3025531365836598E-04    16.77650381374283        282.1255777593109        4755.842280273191        24.39369616567003        38.88310235285959    
    311.5000000000000       0.3184001707490133E-04    16.93470383422751        287.4903410094001        4892.615220326427        24.12185389097074        39.82588054003318    
    312.5000000000000       0.3355287059162866E-04    17.09839103622788        293.0944989222787        5036.873206913458        23.83683522260614        40.76702760889162    
    313.5000000000000       0.3540562555785898E-04    17.26768681448830        298.9477007933681        5189.034240736198        23.53794530784212        41.70644047758555    
    314.5000000000000       0.3741135567871617E-04    17.44271632175149        305.0600957547569        5349.544752801812        23.22443626019804        42.64400834097706    
    315.5000000000000       0.3958449849033701E-04    17.62361308814848        311.4425106729814        5518.885369185634        22.89550247546163        43.57961192320698    
    316.5000000000000       0.4194084760332753E-04    17.81050190188950        318.1058370258884        5697.555114745807        22.55027546605695        44.51312264623628    
    317.5000000000000       0.4449786819826739E-04    18.00350963105337        325.0614259190742        5886.083092720665        22.18781816084157        45.44440170355045    
    318.5000000000000       0.4727483068325496E-04    18.20275629388622        332.3207954820002        6085.022265318209        21.80711861172799        46.37329902669292    
    319.5000000000000       0.5029320153029127E-04    18.40837842900701        339.8965263235995        6294.976184061163        21.40708304242207        47.29965213054207    
    320.5000000000000       0.5357684447197764E-04    18.62051451967389        347.8017303486022        6516.585405940118        20.98652816810460        48.22328482123611    
    321.5000000000000       0.5715205101992012E-04    18.83929989448466        356.0498808149902        6750.524416837452        20.54417270815221        49.14400574834100    
    322.5000000000000       0.6104783540204316E-04    19.06485118962119        364.6541882258079        6997.484061892482        20.07862800717054        50.06160678021425    
    323.5000000000000       0.6529609631855610E-04    19.29730474050474        373.6291589514957        7258.220063408497        19.58838767296160        50.97586117848866    
    324.5000000000000       0.6993223568113500E-04    19.53677271467890        382.9888403718060        7533.501898999210        19.07181613396436        51.88652154414582    
    325.5000000000000       0.7499542351327411E-04    19.78338520167896        392.7485443490154        7824.166925972927        18.52713601377031        52.79331750371928    
    326.5000000000000       0.8052894422492706E-04    20.03726013408701        402.9236371513824        8131.085426121617        17.95241421736132        53.69595309971412    
    327.5000000000000       0.8658023841999452E-04    20.29851196700074        413.5299012916588        8455.173565820793        17.34554662391728        54.59410384431806    
    328.5000000000000       0.9320175505598529E-04    20.56725740205987        424.5837630235224        8797.401698940446        16.70424128604451        55.48741338988281    
    329.5000000000000       0.1004510533774244E-03    20.84360336100061        436.1018406700875        9158.783674050825        16.02600004736334        56.37548976347223    
    330.5000000000000       0.1083913948002174E-03    21.12765935472568        448.1014214552534        9540.392289368327        15.30809851269218        57.25790110604720    
    331.5000000000000       0.1170934892157614E-03    21.41952790615708        460.6000790742070        9943.349949726695        14.54756434183779        58.13417084969513    
    332.5000000000000       0.1266353681549377E-03    21.71935239721880        473.6178871515884        10368.90729581429        13.74115389500172        59.00377225891204    
    333.5000000000000       0.1371025354682814E-03    22.02722620056205        487.1733446127104        10818.30861868846        12.88532734273927        59.86612225466546    
    334.5000000000000       0.1485888235676793E-03    22.34327756109544        501.2871782166768        11292.92181636088        11.97622247645722        60.72057443337401    
    335.5000000000000       0.1612015516013146E-03    22.66762155047475        515.9801585505905        11794.16637577953        11.00962762996457        61.56641118790920    
    336.5000000000000       0.1750487885285985E-03    23.00028576034308        531.2696766276098        12323.39690988779        9.980954365809717        62.40283483558041    
    337.5000000000000       0.1902628321236747E-03    23.34144499194269        547.1805933438538        12882.28305546203        8.885210913832699        63.22895766073737    
    338.5000000000000       0.2069743177680134E-03    23.69107822232335        563.7291990654408        13472.24784012348        7.716977800396134        64.04379078988273    
    339.5000000000000       0.2253397620714912E-03    24.04925788495299        580.9366677801191        14094.94068124392        6.470387707075586        64.84623183892481    
    340.5000000000000       0.2455107854747199E-03    24.41598924010581        598.8216284097159        14751.98183543909        5.139112383149946        65.63505131076707    
    341.5000000000000       0.2676657323124344E-03    24.79131454031242        617.4049024058105        15445.12633063048        3.716360443975254        66.40887778399275    
    342.5000000000000       0.2919905100843137E-03    25.17522041100115        636.7051222688031        16176.11119011000        2.194891148684680        67.16618202929533    
    343.5000000000000       0.3186899432752345E-03    25.56771813587835        656.7424492998164        16946.78498327585       0.5670507796132284        67.90526033120048    
    344.5000000000000       0.3479788186700978E-03    25.96881332619268        677.5375786221878        17759.09688329035        358.8248300007543        68.62421749232209    
    345.5000000000000       0.3800843033382032E-03    26.37840711287591        699.1054536440555        18614.80343390705        356.9600126213900        69.32095027086135    
    346.5000000000000       0.4152595523139517E-03    26.79659959918104        721.4727304811876        19516.22739329675        354.9642776801156        69.99313236305832    
    347.5000000000000       0.4537478869102617E-03    27.22318336274274        744.6490192056809        20465.03046670035        352.8294688135006        70.63820249888855    
    348.5000000000000       0.4958317755650160E-03    27.65823342073454        768.6604142245993        21463.65138917165        350.5478945963130        71.25335776612421    
    349.5000000000000       0.5417784044048891E-03    28.10161464576899        793.5211112849287        22514.07773936993        348.1127322645694        71.83555488465269    
    350.5000000000000       0.5918874817750137E-03    28.55328240195998        819.2508421361863        23618.60849045928        345.5185322259701        72.38152274908681    
    351.5000000000000       0.6464593001255202E-03    29.01318755293509        845.8695728785183        24779.63635044840        342.7618212714412        72.88779001564765    
    352.5000000000000       0.7057822407529974E-03    29.48117276556481        873.3906649090817        25999.31248628215        339.8417870517046        73.35073163276411    
    353.5000000000000       0.7701603735341389E-03    29.95708161181972        901.8271578593083        27279.81961458876        336.7610048267633        73.76663774401142    
    354.5000000000000       0.8398898733164597E-03    30.44076863916231        931.1926497647311        28623.42362239872        333.5261411790543        74.13180704257090    
    355.5000000000000       0.9152596399682453E-03    30.93203350721195        961.4968432432812        30032.24953488849        330.1485425764411        74.44266420827795    
    356.5000000000000       0.9965424970989366E-03    31.43071695567830        992.7516737967042        31508.57468324475        326.6445969690259        74.69589749559283    
    357.5000000000000       0.1084006601092525E-02    31.93668246147748        1024.970009090956        33054.75851153582        323.0357539986068        74.88860820952161    
    358.5000000000000       0.1177886717968955E-02    32.44976213303334        1058.162508929347        34673.10670344860        319.3481132684099        75.01845951055232    
    359.5000000000000       0.1278369528114757E-02    32.96985541308342        1092.344164152271        36366.19710444745        315.6115443555969        75.08380891563100    
