 # author: MA Kubiak / Space Research Center PAS Warsaw Poland, contact: mkubiak@cbk.waw.pl                          
 # code version Program.keplerV_ellipt_V2      , Dates: calkV:20/04/2026  ; part_pr:20/04/2026                       
 # czas no T v_mas, kier.naplywu(dl, szer) macierz obrotu (ecl to helio), r, theta, phi(ecl,spher), V_detector(ecl,cart), IBEX_energy_channel
 #     2026.134090000000        0.1419110000000000E-01     7443.000000000000        -25.78400000689422         255.7450000000000         5.169000000000000        0.2459841265748581        0.9692738567985851         0.000000000000000       -0.9615244635393438        0.2440174711049008        0.1261989691358298        0.1223213615382913       -0.3104294319752456E-01    0.9920049496797150        0.9788460000000001         149.8341950000000        0.2611900000000000E-01    -15.25900000000000        -25.61700000000000        0.3799999999999999E-01 00
 # routs_end= 150.00;    Maxwellian,    elliptOrb=Off                                                                                        
 # Numerical parameters: GridKl=10  GridKf=09  GridKV=05  epsV= 0.0000100  epssJon=.0010000                                                  
 # Numerical parameters: GridKl=10  GridKf=09  GridKV=05  epsV= 0.0000100  epssJon=.0010000; tessel128                                                                                                                                                                                                                                                                                                                                                                                                                                                                 
# Axis to the Sun: alpha_ecl= 325.9010000000000000 delta_Ecl= 0.0860000000000000 delta_Ax= 75.0000000000000000  repoint= 00161
 #  flag_atom: He                                                   
 #  flag_general:                                                   
 #                                                                  
 #                                                                  
  # Ly_a_Profil: zero                                               
  # flag_Itot: zero                                                 
 #  v_SW_Eqtr: speed3D.hybrid2026c_patched.dat                      
 #  n_SW_Eqtr: density3D.hybrid2026c_patched.dat                    
 #  phot_Eqtr: 0.8500000  phion_Helium_T12F107_2026c.dat            
 #  sigma_SW: p+He->H +He+, He + alpha (2 chnls);src:simuLosses.nb  
 #  flag_el:slow  swEqtrElectrons5.2026c.patched.dat                
 #  SW_lati: interpolation                                          
 #  phot_lati: analit pole-flattened after Pryor & Auchere          
 #
 #
 #
 #Spin  flux speed	speed^2 speed^3    long_ecl lat_ecl
   0.5000000000000000       0.9400348331067551E-04    32.64023889897242        1070.374653802434        35263.28620835658        324.0251553610407        75.07781180421499    
    1.500000000000000       0.9976246197045306E-04    33.15360019585184        1104.290314924472        36951.61406267636        320.2900416544495        75.01248728960675    
    2.500000000000000       0.1056587553101899E-03    33.67305693751935        1139.143289821920        38713.60077934548        316.6037990290619        74.88268543916679    
    3.500000000000000       0.1116636616439326E-03    34.19839148156106        1174.937706401911        40551.23349541601        312.9962640744993        74.69004685829965    
    4.500000000000000       0.1177418393661927E-03    34.72941330268007        1211.678860559707        42466.58440372256        309.4935104302374        74.43690580522612    
    5.500000000000000       0.1238565383650818E-03    35.26589376341082        1249.368674282137        44461.56959361736        306.1169699946231        74.12615792632658    
    6.500000000000000       0.1299682265164563E-03    35.80765177193077        1288.011491779574        46538.24028474485        302.8830212908832        73.76111169730770    
    7.500000000000000       0.1360347153693931E-03    36.35451826605838        1327.611780006175        48698.66765491572        299.8030088754604        73.34533916975494    
    8.500000000000000       0.1420123486633507E-03    36.90632262697419        1368.173419307478        50944.91829652371        296.8836035580544        72.88253856011021    
    9.500000000000000       0.1478571211131913E-03    37.46295895842939        1409.704438981087        53279.30544533044        294.1273893462800        72.37641693502238    
    10.50000000000000       0.1535246855296635E-03    38.02436213902194        1452.215878968792        55704.36155664305        291.5335655702022        71.83059692638061    
    11.50000000000000       0.1589727047444210E-03    38.59053012562968        1495.724094159658        58223.00935052994        289.0986722491028        71.24854785340467    
    12.50000000000000       0.1641615543086267E-03    39.16148034970652        1540.246753562240        60838.29088474608        286.8172734749463        70.63353918397611    
    13.50000000000000       0.1690544715344793E-03    39.73722152372962        1585.801072666512        63553.29002217257        284.6825598335185        69.98861291796578    
    14.50000000000000       0.1736189666031473E-03    40.31780660952039        1632.408229931099        66371.41223966218        282.6868523965124        69.31657100280907    
    15.50000000000000       0.1778292675791721E-03    40.90331270824802        1680.091656821357        69296.27815324462        280.8220061471200        68.61997401269375    
    16.50000000000000       0.1816671977400561E-03    41.49386585754602        1728.879545747291        72331.90955553783        279.0797202061615        67.90114777834019    
    17.50000000000000       0.1851230113066405E-03    42.08959805313332        1778.801496864514        75482.53937809923        277.4517671121805        67.16219524853194    
    18.50000000000000       0.1881950785711731E-03    42.69075655835660        1829.897957661222        78753.23148355017        275.9301550699493        66.40501146984955    
    19.50000000000000       0.1908956783271420E-03    43.29764494253791        1882.216042983018        82149.67262222066        274.5072367421926        65.63130011686988    
    20.50000000000000       0.1932465526487773E-03    43.91059914291793        1935.806982890214        85677.98119859815        273.1757767462739        64.84259046103732    
    21.50000000000000       0.1952825988599384E-03    44.53005796482454        1990.733358851707        89345.26410611025        271.9289881596649        64.04025402705429    
    22.50000000000000       0.1970517718886930E-03    45.15656171834583        2047.069680407397        93159.71861383780        270.7605464201310        63.22552045893597    
    23.50000000000000       0.1986155288471606E-03    45.79076777820661        2104.904584690533        97130.85070325108        269.6645872377103        62.39949231752691    
    24.50000000000000       0.2000501030814102E-03    46.43345078721170        2164.341333167633        101269.5591964868        268.6356936093188        61.56315867219404    
    25.50000000000000       0.2014466627080738E-03    47.08552195131956        2225.500801045528        105588.4535769188        267.6688757672115        60.71740744536650    
    26.50000000000000       0.2029160293164703E-03    47.74811256400051        2288.530816831912        110102.6497245455        266.7595468858600        59.86303653122947    
    27.50000000000000       0.2045913392290196E-03    48.42256940241030        2353.607007814983        114829.9578427331        265.9034965868512        59.00076374852495    
    28.50000000000000       0.2066322585096453E-03    49.11049619994928        2420.939069788933        119791.5491714559        265.0968636813972        58.13123570922190    
    29.50000000000000       0.2092311892226851E-03    49.81377965100263        2490.775118334687        125012.4653842822        264.3361091391062        57.25503569514266    
    30.50000000000000       0.2126236933122236E-03    50.53467128812634        2563.412944670207        130522.7625555363        263.6179899379603        56.37269063736075    
    31.50000000000000       0.2171054595663531E-03    51.27586903880770        2639.211379044997        136358.6977754087        262.9395342071395        55.48467729108594    
    32.50000000000000       0.2230499863127562E-03    52.04047023940058        2718.589016957043        142563.0048918708        262.2980178996976        54.59142769376170    
    33.50000000000000       0.2309503311404797E-03    52.83215598530083        2802.047504847510        149187.1541341222        261.6909431089167        53.69333398753732    
    34.50000000000000       0.2414515977946859E-03    53.65483484304075        2890.138052124297        156289.1749952410        261.1160180571229        52.79075268002094    
    35.50000000000000       0.2554454861160659E-03    54.51287680683314        2983.489586423464        163936.3290560363        260.5711387286306        51.88400840984133    
    36.50000000000000       0.2741639966906555E-03    55.41045502195702        3082.739029636773        172199.7413956034        260.0543720816101        50.97339727639762    
    37.50000000000000       0.2993613787410609E-03    56.35120868208519        3188.491735292213        181151.0978273047        259.5639407512817        50.05918978646157    
    38.50000000000000       0.3335706766201041E-03    57.33733708615280        3301.212967648990        190853.0740195602        259.0982091446795        49.14163346412590    
    39.50000000000000       0.3805318345836143E-03    58.36872254683367        3421.112472339472        201348.2147761493        258.6556708221554        48.22095516500080    
    40.50000000000000       0.4458633320278421E-03    59.44183625976536        3547.994625073254        212643.9018520575        258.2349370605396        47.29736313055587    
    41.50000000000000       0.5381257713339748E-03    60.54893189280339        3681.131133589003        224698.1111990235        257.8347264957833        46.37104881405629    
    42.50000000000000       0.6705969494577627E-03    61.67820413061701        3819.244291257228        237414.4639532476        257.4538557478049        45.44218850561435    
    43.50000000000000       0.8641319695478551E-03    62.81455333411068        3960.564828408875        250643.8785763065        257.0912309363146        44.51094478042580    
    44.50000000000000       0.1151930615917011E-02    63.94147656630079        4103.040435069814        264201.0285679228        256.7458400030153        43.57746779123539    
    45.50000000000000       0.1587431626387318E-02    65.04306979995384        4244.577408449459        277885.5558365287        256.4167457623798        42.64189642343243    
    46.50000000000000       0.2257437174183314E-02    66.10636003408877        4383.353781859985        291512.9166398562        256.1030796099145        41.70435932887095    
    47.50000000000000       0.3304412307605500E-02    67.12255459268006        4518.009755030222        304935.0870347779        255.8040358232740        40.76497585249937    
    48.50000000000000       0.4963390486975126E-02    68.08712592031442        4647.699008534172        318049.1117669882        255.5188663976786        39.82385686413322    
    49.50000000000000       0.7623952109678553E-02    68.99884974517266        4771.993208945580        330790.4689444546        255.2468763627583        38.88110550618173    
    50.50000000000000       0.1193474461661482E-01    69.85872308012442        4890.762297941005        343123.4373701689        254.9874195331754        37.93681786681132    
    51.50000000000000       0.1897587449181008E-01    70.66922023432633        5004.096683150884        355035.6107416968        254.7398946501585        36.99108358687447    
    52.50000000000000       0.3054397494479988E-01    71.43363247717423        5112.226435909880        366530.7207457039        254.5037418754335        36.04398640792558    
    53.50000000000000       0.4962150880130890E-01    72.15510864649457        5215.388131895444        377614.9053846890        254.2784396029752        35.09560466776855    
    54.50000000000000       0.8113921055876878E-01    72.83652891796365        5313.806466788717        388294.9011693752        254.0635015575577        34.14601174921537    
    55.50000000000000       0.1331899545994084        73.48075313595548        5407.730913229606        398582.3254465381        253.8584741522820        33.19527648706720    
    56.50000000000000       0.2189422627974975        74.09046337654020        5497.408947098691        408490.4999283042        253.6629340801281        32.24346353774551    
    57.50000000000000       0.3596636341088756        74.66775424988531        5583.019324574815        418026.5048619326        253.4764861171591        31.29063371549066    
    58.50000000000000       0.5891893530505548        75.21433807504931        5664.701499517872        427194.4794552394        253.2987611173099        30.33684429859804    
    59.50000000000000       0.9607716269819729        75.73195015602161        5742.613833557734        436002.0228524233        253.1294141807544        29.38214930877020    
    60.50000000000000        1.556884431125849        76.22199399422689        5816.876936434991        444453.4984934453        252.9681229797000        28.42659976631990    
    61.50000000000000        2.502940904643744        76.68589457261940        5887.625873997596        452555.8935527891        252.8145862271007        27.47024392365667    
    62.50000000000000        3.986740426636112        77.12463245553435        5954.935380213126        460309.8803202400        252.6685222752650        26.51312747922417    
    63.50000000000000        6.282227712558162        77.53908591719026        6018.873449161819        467716.1766016595        252.5296678326509        25.55529377382210    
    64.50000000000000        9.781664276120980        77.93026378991362        6079.535403745773        474779.3242239915        252.3977767883247        24.59678397103979    
    65.50000000000000        15.03300341127950        78.29905004073115        6137.003930845141        481503.0294158224        252.2726191346189        23.63763722334728    
    66.50000000000000        22.78021047990765        78.64631721963782        6191.366365948861        487892.1651753485        252.1539799794701        22.67789082522917    
    67.50000000000000        34.00756730362499        78.97289297423336        6242.707729968961        493951.7780229961        252.0416586407689        21.71758035460430    
    68.50000000000000        49.96579495557656        79.27953811077857        6291.107717087031        499686.8029102622        251.9354678158152        20.75673980364851    
    69.50000000000000        72.19620511430836        79.56701480685261        6336.650689145420        505103.1776598867        251.8352328196559        19.79540170002730    
    70.50000000000000        102.5118796296080        79.83592881201477        6379.399979361614        510204.7185326663        251.7407908866971        18.83359721944540    
    71.50000000000000        142.9470838910100        80.08694570880056        6419.431931513801        514997.1566899258        251.6519905305350        17.87135629033341    
    72.50000000000000        195.6671948487207        80.32067458173672        6456.817017610961        519485.8511226731        251.5686909574504        16.90870769141400    
    73.50000000000000        262.7390487911279        80.53775571819222        6491.634300167500        523677.5835797478        251.4907615294573        15.94567914282065    
    74.50000000000000        345.9225256631091        80.73878418848111        6523.958272222340        527578.8766812368        251.4180812732058        14.98229739138072    
    75.50000000000000        446.3344442216642        80.92431579669972        6553.859688851126        531196.0858631200        251.3505384314054        14.01858829062066    
    76.50000000000000        564.2225639146244        81.09484112290276        6581.400876819568        534534.7770934429        251.2880300537670        13.05457687600172    
    77.50000000000000        698.5935025920279        81.25084456632285        6606.645276540197        537600.8897043866        251.2304616247683        12.09028743585223    
    78.50000000000000        846.8562802312913        81.39280480012370        6629.657513144117        540400.7477767539        251.1777467258176        11.12574357842422    
    79.50000000000000        1004.750562665242        81.52115917458546        6650.497148480394        542940.2462390128        251.1298067296496        10.16096829546778    
    80.50000000000000        1166.513185472093        81.63624531385007        6669.209070086853        545223.6674009870        251.0865705250106        9.195984022687087    
    81.50000000000000        1325.136677157205        81.73834306723232        6685.830062863503        547254.4543845082        251.0479742699082        8.230812697415372    
    82.50000000000000        1472.437369150560        81.82782721264770        6700.413785763958        549038.2795344997        251.0139611718917        7.265475813822527    
    83.50000000000000        1600.090418357235        81.90491118682390        6712.988630898415        550577.8456004205        250.9844812940139        6.299994475948865    
    84.50000000000000        1700.359638031268        81.96969002418599        6723.564699112458        551873.7373492981        250.9594913852905        5.334389448840854    
    85.50000000000000        1766.833110202336        82.02232619399898        6732.163982307031        552928.1011784312        250.9389547346316        4.368681208048658    
    86.50000000000000        1794.882482161364        82.06291908321624        6738.798985606997        553742.0177007759        250.9228410473691        3.402889987732768    
    87.50000000000000        1782.536469044955        82.09135055431466        6743.447479941654        554312.4057695949        250.9111263436415        2.437035827615648    
    88.50000000000000        1730.580361028878        82.10759194809575        6746.102768047883        554638.1996442260        250.9037928780322        1.471138619004954    
    89.50000000000000        1642.426256858194        82.11159633705131        6746.755701130667        554718.0965481288        250.9008290799837       0.5052181501078106    
    90.50000000000000        1523.771405912346        82.10305033555360        6745.354418325361        554545.6570115724        250.9022295146365      -0.4607058491499320    
    91.50000000000000        1381.949535884413        82.08183902819769        6741.880728932885        554118.7228976121        250.9079948638583       -1.426613662589797    
    92.50000000000000        1225.376012314523        82.04773369738292        6736.298510751078        553433.0174976655        250.9181319273487       -2.392485543324424    
    93.50000000000000        1062.362440994171        82.00032526346622        6728.543289830666        552480.9233930700        250.9326536438228       -3.358301669171891    
    94.50000000000000        900.6539013927362        81.93931996616517        6718.570382332020        551257.3623673741        250.9515791323929       -4.324042097732975    
    95.50000000000000        746.8384558497783        81.86426985124777        6706.310921646566        549754.4133546302        250.9749337543845       -5.289686720920803    
    96.50000000000000        605.8362572043451        81.77476948362556        6691.704884188123        547965.4717669634        251.0027491959473       -6.255215218728185    
    97.50000000000000        480.9194117610886        81.67045989915704        6674.701227145164        545885.1983882473        251.0350635719398       -7.220607012012382    
    98.50000000000000        373.7073067767770        81.55074027189488        6655.210693587716        543503.7190091378        251.0719215516976       -8.185841214069004    
    99.50000000000000        284.3620267591249        81.41515466784780        6633.169735302677        540814.5536559176        251.1133745074268       -9.150896580757596    
    100.5000000000000        211.9872386212510        81.26316587339603        6608.503597088061        537810.0904372054        251.1594806861052       -10.11575145892973    
    101.5000000000000        154.8981575593631        81.09428585705267        6581.148309189777        534484.3641446498        251.2103054059195       -11.08038373289732    
    102.5000000000000        111.0037027461701        80.90803886878452        6551.044137768872        530832.1792461229        251.2659212784251       -12.04477076866286    
    103.5000000000000        78.06811635000902        80.70387909867947        6518.122416352295        526847.5278549020        251.3264084577839       -13.00888935561487    
    104.5000000000000        53.92011657243719        80.48130542034210        6482.324610996820        522525.9562970671        251.3918549186131       -13.97271564537177    
    105.5000000000000        36.60279928370623        80.23980659653247        6443.593648407702        517863.5305649876        251.4623567641778       -14.93622508743278    
    106.5000000000000        24.44282284585373        79.97880994735185        6401.865636572551        512855.8212940152        251.5380185668653       -15.89939236126811    
    107.5000000000000        16.07201492529301        79.69767508898144        6357.069428676237        507497.9096656677        251.6189537431146       -16.86219130444996    
    108.5000000000000        10.41612414325774        79.39567217429382        6309.123424147567        501784.0253379844        251.7052849652218       -17.82459483639178    
    109.5000000000000        6.661303450784899        79.07212691359709        6257.959540440069        495710.5017444046        251.7971446127181       -18.78657487722378    
    110.5000000000000        4.208802923410093        78.72622174729732        6203.491387049698        489271.9358014466        251.8946752663194       -19.74810226129013    
    111.5000000000000        2.630788454456966        78.35709333760083        6145.630521105287        482463.1966959409        251.9980302477751       -20.70914664470332    
    112.5000000000000        1.629129921121039        77.96394465268928        6084.305337680319        475281.7828582939        252.1073742093125       -21.66967640633616    
    113.5000000000000        1.001000169898520        77.54585733725290        6019.432407969848        467724.5098999867        252.2228837767749       -22.62965854157032    
    114.5000000000000       0.6112711633170989        77.10175464450482        5950.910696501270        459786.7880998374        252.3447482509984       -23.58905854804993    
    115.5000000000000       0.3716626053449801        76.63054598253260        5878.645741860078        451465.6073408202        252.4731703724646       -24.54784030261025    
    116.5000000000000       0.2254210665544632        76.13067269955768        5802.479898329222        442751.4368707036        252.6083671548204       -25.50596592846372    
    117.5000000000000       0.1366711588837610        75.60063220809913        5722.276593120157        433638.3244496780        252.7505707934587       -26.46339565162474    
    118.5000000000000       0.8301739280991622E-01    75.03842166751393        5637.835700041927        424114.1394711326        252.9000296560358       -27.42008764544394    
    119.5000000000000       0.5063994224539274E-01    74.44174873816742        5548.931134974653        414165.4209245066        253.0570093625528       -28.37599786199416    
    120.5000000000000       0.3110337816369325E-01    73.80834174601473        5455.359854075301        403783.0520995556        253.2217939634698       -29.33107984890881    
    121.5000000000000       0.1929010506779221E-01    73.13526825737755        5356.840416380633        392950.7683515001        253.3946872252550       -30.28528455011071    
    122.5000000000000       0.1211641987367703E-01    72.41902965727870        5253.031171704440        381647.5017062757        253.5760140338185       -31.23856008868644    
    123.5000000000000       0.7733121688291032E-02    71.65681326802860        5143.719862068671        369868.7811223037        253.7661219274432       -32.19085152995436    
    124.5000000000000       0.5032281260206134E-02    70.84610334720840        5028.760481649158        357618.9378252613        253.9653827721261       -33.14210062253905    
    125.5000000000000       0.3350419707879567E-02    69.98487999712734        4908.093807677593        344912.3059030562        254.1741945936992       -34.09224551499812    
    126.5000000000000       0.2290203599522969E-02    69.07327114624566        4781.971407966122        331795.9348453547        254.3929835827164       -35.04122044524386    
    127.5000000000000       0.1612404523680024E-02    68.11394569954652        4650.986874168328        318350.4035529865        254.6222062899084       -35.98895539965796    
    128.5000000000000       0.1172405703435805E-02    67.11384470607497        4516.293888167075        304710.4668647556        254.8623520320275       -36.93537573840365    
    129.5000000000000       0.8821210862000173E-03    66.08393294245558        4379.533614079204        291053.8760060762        255.1139455301591       -37.88040178299223    
    130.5000000000000       0.6874068884629345E-03    65.03803014353733        4242.645655655648        277579.4469884780        255.3775498050898       -38.82394836165026    
    131.5000000000000       0.5546653918610616E-03    63.99138379083372        4107.662375618461        264485.4442396828        255.6537693571196       -39.76592430744876    
    132.5000000000000       0.4627858222592637E-03    62.95809907558725        3976.369889231896        251936.5267371745        255.9432536608107       -40.70623190348919    
    133.5000000000000       0.3983583515679938E-03    61.95001953405055        3850.184554115414        240054.3588212424        256.2467010086111       -41.64476626867674    
    134.5000000000000       0.3527393722505514E-03    60.97543420853184        3730.011204382146        228906.6063771461        256.5648627410938       -42.58141467673654    
    135.5000000000000       0.3202636887341697E-03    60.03860534299621        3616.211810349401        218506.8828593450        256.8985479057413       -43.51605580012631    
    136.5000000000000       0.2971656534830762E-03    59.14063699177931        3508.744795860801        208830.8629830158        257.2486283907897       -44.44855886934999    
    137.5000000000000       0.2808920888268639E-03    58.28016661212502        3407.270877079824        199827.9951517138        257.6160445856344       -45.37878273685848    
    138.5000000000000       0.2696854515483760E-03    57.45440956599048        3311.294466832800        191435.6713128777        258.0018116246816       -46.30657483321305    
    139.5000000000000       0.2623038482112196E-03    56.65977340346918        3220.244754110111        183587.0969476349        258.4070262772640       -47.23177000145328    
    140.5000000000000       0.2578569972869024E-03    55.89258515431872        3133.565634986786        176219.5061224140        258.8328745522661       -48.15418919362533    
    141.5000000000000       0.2556876896450993E-03    55.14936066944219        3050.745444470628        169276.4863779680        259.2806400922997       -49.07363801115127    
    142.5000000000000       0.2552943245016755E-03    54.42685057474485        2971.320185624304        162707.9474182318        259.7517134384438       -49.98990506811965    
    143.5000000000000       0.2562878932176667E-03    53.72231123175568        2894.901341508946        156472.1383411593        260.2476022524312       -50.90276015360726    
    144.5000000000000       0.2583490444384396E-03    53.03327765057811        2821.146767043292        150532.7884483498        260.7699425883065       -51.81195216576440    
    145.5000000000000       0.2612148801089721E-03    52.35773161310746        2749.777205847071        144860.2261872582        261.3205113093794       -52.71720678656325    
    146.5000000000000       0.2646553284700886E-03    51.69394803424063        2680.555755591345        139429.3225271658        261.9012397478936       -53.61822386178601    
    147.5000000000000       0.2684655026265447E-03    51.04044602785186        2613.281096976211        134218.7595316878        262.5142287030197       -54.51467444598468    
    148.5000000000000       0.2724596786838141E-03    50.39601021715789        2547.787381254768        129210.7927550807        263.1617648658537       -55.40619746676320    
    149.5000000000000       0.2764679950964278E-03    49.75958387812693        2483.932097864526        124390.1774035892        263.8463387457875       -56.29239595682755    
    150.5000000000000       0.2803330637796082E-03    49.13030579818778        2421.597449880063        119744.0619206641        264.5706641477217       -57.17283279587930    
    151.5000000000000       0.2839065124838657E-03    48.50741007203668        2360.680708537598        115261.2594915989        265.3376992098832       -58.04702589771554    
    152.5000000000000       0.2870539218920208E-03    47.89026600592045        2301.096020027445        110932.2006905379        266.1506689517589       -58.91444277107318    
    153.5000000000000       0.2896523704389303E-03    47.27831670810292        2242.768096155068        106748.4257552732        267.0130891932661       -59.77449437619597    
    154.5000000000000       0.2915907746468347E-03    46.67106407854842        2185.630111006933        102702.3688148639        267.9287915797715       -60.62652819340848    
    155.5000000000000       0.2927750912735862E-03    46.06810459010192        2129.626711573552        98787.53195366554        268.9019492699488       -61.46982041606098    
    156.5000000000000       0.2931262457627672E-03    45.46907668932026        2074.708547557630        94998.04904048290        269.9371025981563       -62.30356717941626    
    157.5000000000000       0.2925842117635864E-03    44.87369902301641        2020.835632170999        91328.89818142050        271.0391836892318       -63.12687474133408    
    158.5000000000000       0.2911068447980678E-03    44.28173090171380        1967.973046086441        87775.54908428610        272.2135385560200       -63.93874854274733    
    159.5000000000000       0.2886715711096582E-03    43.69297952921988        1916.091306624956        84333.96191253809        273.4659446189368       -64.73808109976889    
    160.5000000000000       0.2852736355350221E-03    43.10729633979891        1865.165889495822        81000.54003450224        274.8026208197813       -65.52363872006707    
    161.5000000000000       0.2809261767676149E-03    42.52458372420532        1815.177492366168        77772.12093566747        276.2302265265280       -66.29404710085350    
    162.5000000000000       0.2756615170689246E-03    41.94476986664545        1766.109464045759        74645.77975404632        277.7558442166850       -67.04777596338681    
    163.5000000000000       0.2695257723099231E-03    41.36779499748064        1717.946484439700        71618.73197908002        279.3869394777317       -67.78312302033034    
    164.5000000000000       0.2625808886637453E-03    40.79365116067853        1670.677837945318        68688.53552967995        281.1312902067199       -68.49819777041085    
    165.5000000000000       0.2549019923243670E-03    40.22239670359843        1624.298506797619        65853.15231541060        282.9968751291148       -69.19090588309700    
    166.5000000000000       0.2465750378292210E-03    39.65413311854825        1578.806629964336        63110.74937669987        284.9917101033960       -69.85893528619705    
    167.5000000000000       0.2376917115017462E-03    39.08899322642723        1534.202518946265        60459.63873805429        287.1236195139767       -70.49974550689390    
    168.5000000000000       0.2283505768381804E-03    38.52713545221478        1490.487801521317        57898.20429356764        289.3999299881407       -71.11056233369185    
    169.5000000000000       0.2186510484882188E-03    37.96875094534887        1447.665927569002        55424.93066787609        291.8270755796003       -71.68838043046958    
    170.5000000000000       0.2086930515729570E-03    37.41403530171340        1405.739745063835        53038.25263104702        294.4101085732715       -72.22997707330893    
    171.5000000000000       0.1985751627643866E-03    36.86318479199988        1364.711226534010        50736.54415162352        297.1521194309429       -72.73194057202764    
    172.5000000000000       0.1883903423724371E-03    36.31642837980526        1324.584154299243        48518.29044731547        300.0535841349130       -73.19071699551999    
    173.5000000000000       0.1782259355596371E-03    35.77397635573903        1285.359997760611        46381.84125077447        303.1116774681466       -73.60267830306067    
    174.5000000000000       0.1681602217891816E-03    35.23596004391026        1247.033653304454        44325.18926790357        306.3196150563538       -73.96421363774778    
    175.5000000000000       0.1582612766645574E-03    34.70258845810449        1209.605551275974        42346.67067715048        309.6661111722505       -74.27184317737778    
    176.5000000000000       0.1485877242481574E-03    34.17398587224855        1173.069571734545        40444.29120562683        313.1350563312720       -74.52235057264713    
    177.5000000000000       0.1391899772514223E-03    33.65033500133505        1137.423471793356        38616.29503772486        316.7055195867265       -74.71292597734718    
    178.5000000000000       0.1301097481345841E-03    33.13186274355068        1102.667411873908        36861.06126218139        320.3521569822457       -74.84130774537888    
    179.5000000000000       0.1213803798774736E-03    32.61882725208788        1068.802929791197        35177.04709997545        324.0460568091044       -74.90590812041962    
    180.5000000000000       0.1130284529903779E-03    32.11150933950027        1035.831840052193        33562.70869660349        327.7559803296926       -74.90590779614483    
    181.5000000000000       0.1050736138031220E-03    31.61021744721586        1003.756822496635        32016.54754863275        331.4498798368681       -74.84130677670208    
    182.5000000000000       0.9752951079974920E-04    31.11526055371639        972.5791509649442        30536.98033264846        335.0965166090588       -74.71292437645015    
    183.5000000000000       0.9040100533584417E-04    30.62687203076749        942.2942686331419        29122.15134686896        338.6669789676522       -74.52234835900011    
    184.5000000000000       0.8369381163929802E-04    30.14537082827740        912.9020505237951        27770.43022368023        342.1359229969765       -74.27184037661208    
    185.5000000000000       0.7740121529800788E-04    29.67088559541973        884.3900593163228        26479.64810206813        345.4824177973203       -73.96421028029067    
    186.5000000000000       0.7151668569523340E-04    29.20361889778166        856.7501354685184        25247.88105074075        348.6903539330535       -73.60267442268631    
    187.5000000000000       0.6602819178673197E-04    28.74371273510235        829.9703634824058        24073.08861773873        351.7484457240593       -73.19071262795286    
    188.5000000000000       0.6092086085921924E-04    28.29128055323203        804.0370425207406        22953.20204910510        354.6499088387022       -72.73193575369901    
    189.5000000000000       0.5617950699617390E-04    27.84647791235714        778.9389307282419        21886.31549412650        357.3919180964274       -72.22997184032582    
    190.5000000000000       0.5178610265987614E-04    27.40939223196781        754.6608092374249        20870.40142786628        359.9749495091514       -71.68837481781752    
    191.5000000000000       0.4772288269347071E-04    26.98016436176512        731.1904191770125        19903.60745003462        2.402103579401238       -71.11055637466380    
    192.5000000000000       0.4397117924158915E-04    26.55890460867160        708.5136822670280        18984.05086989533        4.678412572873583       -70.49973923271993    
    193.5000000000000       0.4051129484736257E-04    26.14568660292347        686.6146255849334        18109.82592469908        6.810320572426480       -69.85892872583915    
    194.5000000000000       0.3732482159257769E-04    25.74058754053649        665.4774664231658        17279.08327010586        8.805154212153035       -69.19089906317296    
    195.5000000000000       0.3439443823674193E-04    25.34372830016258        645.0887652480518        16490.11617759120        10.67073787977869       -68.49819071521267    
    196.5000000000000       0.3170108661574930E-04    24.95511195477112        625.4292349032997        15741.04722753042        12.41508743443694       -67.78311575190841    
    197.5000000000000       0.2922825994880657E-04    24.57481106933999        606.4833416383452        15030.19606241388        14.04618160030369       -67.04776850167588    
    198.5000000000000       0.2695890609902421E-04    24.20279605195605        588.2307048912159        14355.75391326040        15.57179827178312       -66.29403946382276    
    199.5000000000000       0.2487805880305605E-04    23.83911566608802        570.6552011909720        13716.12674192712        16.99940303281240       -65.52363092388123    
    200.5000000000000       0.2297076918160364E-04    23.48375749688353        553.7380745360965        13109.67743369456        18.33607835681724       -64.73807315895051    
    201.5000000000000       0.2122295875069147E-04    23.13666219944046        537.4588194949148        12534.76296190712        19.58848360741465       -63.93874047033479    
    202.5000000000000       0.1962151596447072E-04    22.79782194755280        521.7999548824654        11989.90552441993        20.76283772196365       -63.12686654903109    
    203.5000000000000       0.1815455336019815E-04    22.46718174086517        506.7421525906739        11473.60994707648        21.86491811649260       -62.30355887773064    
    204.5000000000000       0.1681106280136107E-04    22.14469542295033        492.2670782185603        10984.46911697555        22.90007079960248       -61.46981201443194    
    205.5000000000000       0.1558009406583806E-04    21.83029261844438        478.3559838305741        10521.11638789439        23.87322789208964       -60.62651970032192    
    206.5000000000000       0.1445232354601607E-04    21.52390102231178        464.9903969688990        10082.23630201397        24.78892972450803       -59.77448579928846    
    207.5000000000000       0.1341881675254174E-04    21.22544147981118        452.1522739209274        9666.579581593396        25.65134945198069       -58.91443411722484    
    208.5000000000000       0.1247155645423413E-04    20.93481957810208        439.8233551417759        9272.930885215714        26.46431871658246       -58.04701717313301    
    209.5000000000000       0.1160292054439081E-04    20.65194087941866        427.9861013369614        8900.146057193842        27.23135333519373       -57.17282400616939    
    210.5000000000000       0.1080613533649898E-04    20.37669983316111        416.6230042560459        8547.120877811492        27.95567832450985       -56.29238710706262    
    211.5000000000000       0.1007490885792055E-04    20.10898578860992        405.7169549604148        8212.804367360661        28.64025182019972       -55.40618856153893    
    212.5000000000000       0.9403538220223483E-05    19.84868188655264        395.2511560422211        7896.193043059058        29.28778762482415       -54.51466548947148    
    213.5000000000000       0.8786832981859726E-05    19.59567015555036        385.2093500682411        7596.336605847091        29.90077624563822       -53.61821485777416    
    214.5000000000000       0.8220036156652828E-05    19.34983460065368        375.5759477287729        7312.340205718180        30.48150437178861       -52.71719773850308    
    215.5000000000000       0.7698834558941856E-05    19.11104278752067        366.3351746879389        7043.333486589700        31.03207280066796       -51.81194307680183    
    216.5000000000000       0.7219286201515956E-05    18.87917485922254        357.4723782301735        6788.512984207791        31.55441286290022       -50.90275102661516    
    217.5000000000000       0.6777797259606677E-05    18.65410336948566        348.9730692586034        6547.107029520694        32.05030142031791       -49.98989590572570    
    218.5000000000000       0.6371097920290478E-05    18.43570226097037        340.8233400640343        6318.388945607514        32.52137452561929       -49.07362881576271    
    219.5000000000000       0.5996212322809022E-05    18.22384787941297        333.0098703675557        6101.674784018820        32.96913983930932       -48.15417996745081    
    220.5000000000000       0.5650423644796381E-05    18.01841082135491        325.5195812978125        5896.311210875198        33.39498790134635       -47.23176074652248    
    221.5000000000000       0.5331273924794942E-05    17.81927130735968        318.3402268971276        5701.691533304040        33.80020235331935       -46.30656555139397    
    222.5000000000000       0.5036512901459505E-05    17.62630687918423        311.4598954224835        5517.239473830010        34.18596920317824       -45.37877342987294    
    223.5000000000000       0.4764082589476013E-05    17.43939364071311        304.8670483363081        5342.409084969903        34.55338521940095       -44.44854953878739    
    224.5000000000000       0.4512123357700764E-05    17.25841082876350        298.5506682968634        5176.687376005223        34.90346553561147       -43.51604644745605    
    225.5000000000000       0.4278917223658509E-05    17.08322680161403        292.4997200658747        5019.577890850222        35.23715054048889       -42.58140530331897    
    226.5000000000000       0.4062929586873299E-05    16.91372402636254        286.7040713001497        4870.625476902584        35.55531212161223       -41.64475687577314    
    227.5000000000000       0.3862739829294286E-05    16.74977461914539        281.1535748125253        4729.389674574177        35.85875932586097       -40.70622249227057    
    228.5000000000000       0.3677074049519433E-05    16.59126644053553        275.8389944104247        4595.468755243054        36.14824349325415       -39.76591487900394    
    229.5000000000000       0.3504759662459888E-05    16.43807495459027        270.7509716904133        4468.470600978140        36.42446291573022       -38.82393891699296    
    230.5000000000000       0.3344740550621389E-05    16.29009000792230        265.8809707308660        4348.037224278575        36.68806706738225       -37.88039232306756    
    231.5000000000000       0.3196050041018228E-05    16.14719914761767        261.2206695514345        4233.827578174514        36.93966044807760       -36.93536626409401    
    232.5000000000000       0.3057805034592962E-05    16.00929044915454        256.7620435515180        4125.518872316724        37.17980607820386       -35.98894591178833    
    233.5000000000000       0.2929202576784176E-05    15.87625862241846        252.4975681297896        4022.811200274437        37.40902867847764       -35.04121094458643    
    234.5000000000000       0.2809511097337092E-05    15.74800257886620        248.4201103059153        3925.423695640888        37.62781756531022       -34.09223600227680    
    235.5000000000000       0.2698060756073709E-05    15.62442231214641        244.5228140811984        3833.091030275919        37.83662928911654       -33.14209109843340    
    236.5000000000000       0.2594241391104487E-05    15.50542119066689        240.7991618100434        3745.564227071761        38.03589004015765       -32.19084199510298    
    237.5000000000000       0.2497488284725060E-05    15.39089866596590        237.2427193790788        3662.603681393536        38.22599784399360       -31.23855054369043    
    238.5000000000000       0.2407294639477200E-05    15.28076681953427        233.8476748700679        3583.992060791164        38.40732456636900       -30.28527499553662    
    239.5000000000000       0.2323191009022696E-05    15.17493636388761        230.6083668662930        3509.522115709482        38.58021774533150       -29.33107028529119    
    240.5000000000000       0.2244750964347950E-05    15.07332092430819        227.5194102819312        3438.999182913186        38.74500226657224       -28.37598828983818    
    241.5000000000000       0.2171584223778273E-05    14.97584169198460        224.5758386556655        3372.244239228046        38.90198189635515       -27.42007806522773    
    242.5000000000000       0.2103329372776655E-05    14.88241533429230        221.7727015363869        3309.083637729992        39.05144068494929       -26.46338606380123    
    243.5000000000000       0.2039658419820261E-05    14.79296695925616        219.1054713013643        3249.358527196566        39.19364425217734       -25.50595633346274    
    244.5000000000000       0.1980271817501784E-05    14.70742758481153        216.5699547166731        3192.922390177747        39.32884096552828       -24.54783070084036    
    245.5000000000000       0.1924894439197275E-05    14.62572712239661        214.1620591596694        3139.635059590009        39.45726302023812       -23.58904893989974    
    246.5000000000000       0.1873272343011553E-05    14.54779946669694        211.8779453981495        3089.366025911067        39.57912742980630       -22.62964892741029    
    247.5000000000000       0.1825176301496468E-05    14.47358238255583        209.7140203353608        3041.994061984259        39.69463693457590       -21.66966678651985    
    248.5000000000000       0.1780396225741597E-05    14.40301636973975        207.6668896948881        2997.405730126983        39.80398083525203       -20.70913701956865    
    249.5000000000000       0.1738741065265362E-05    14.33604531704930        205.7333738745171        2955.495546951251        39.90733575755474       -19.74809263116062    
    250.5000000000000       0.1700032812103689E-05    14.27261523338355        203.9104615039347        2916.164657979969        40.00486635359485       -18.78656524240968    
    251.5000000000000       0.1664108365076566E-05    14.21267537536336        202.1953401480152        2879.321369327241        40.09672594501123       -17.82458519719097    
    252.5000000000000       0.1630819422118633E-05    14.15617835955980        200.5853931662937        2844.880854821759        40.18305711241481       -16.86218166114904    
    253.5000000000000       0.1600029844285776E-05    14.10307835246839        199.0781402187238        2812.763631073938        40.26399223523730       -15.89938271414325    
    254.5000000000000       0.1571616913603065E-05    14.05333257451688        197.6712777116772        2782.896303465558        40.33965398567984       -14.93621543675053    
    255.5000000000000       0.1545468560009412E-05    14.00690142966753        196.3626788824998        2755.211426294857        40.41015578009078       -13.97270599138986    
    256.5000000000000       0.1521482084105944E-05    13.96374749010017        195.1503588477619        2729.646566855718        40.47560219077083       -13.00887969858304    
    257.5000000000000       0.1499563910940760E-05    13.92383635346234        194.0324971343359        2706.144699010961        40.53608932090184       -12.04476110882339    
    258.5000000000000       0.1479628939967662E-05    13.88713574287806        193.0074066505715        2684.653376459175        40.59170514502148       -11.08037407048581    
    259.5000000000000       0.1461602633029054E-05    13.85361671856286        192.0735671740650        2665.125389122485        40.64252981721452       -10.11574179417575    
    260.5000000000000       0.1445417439802144E-05    13.82325221698158        191.2295789525984        2647.517630483457        40.68863594896219       -9.150886913885177    
    261.5000000000000       0.1431012350765243E-05    13.79601821420603        190.4741953029246        2631.791754581601        40.73008885837918       -8.185831545297285    
    262.5000000000000       0.1418334251548848E-05    13.77189252217456        189.8062839686215        2617.913226532239        40.76694679237350       -7.220597341556181    
    263.5000000000000       0.1407335542253200E-05    13.75085605096560        189.2248629947817        2605.852066573342        40.79926112308343       -6.255205546798412    
    264.5000000000000       0.1397973752138874E-05    13.73289141219633        188.7290576419496        2595.581835928719        40.82707651977810       -5.289677047725077    
    265.5000000000000       0.1390214470370237E-05    13.71798414992488        188.3181345148093        2587.080330001300        40.85043109725095       -4.324032423476129    
    266.5000000000000       0.1384029341309444E-05    13.70612258096588        187.9914955731089        2580.329405843021        40.86935654158779       -3.358291994056287    
    267.5000000000000       0.1379396217793553E-05    13.69729697176596        187.7486530690796        2575.314398353775        40.88387821405149       -2.392475867550608    
    268.5000000000000       0.1376298030194018E-05    13.69150015878995        187.5892474090149        2572.024497942397        40.89401523369190       -1.426603986356924    
    269.5000000000000       0.1374722146902368E-05    13.68872761883749        187.5130480112182        2570.452737724022        40.89978053916253      -0.4606961726560639    
    270.5000000000000       0.1374661859382600E-05    13.68897691116529        187.5199367100915        2570.595618594742        40.90118093010167       0.5052278266650663    
    271.5000000000000       0.1376116217001011E-05    13.69224801161538        187.6099172875444        2572.453311683852        40.89821708831564        1.471148295428039    
    272.5000000000000       0.1379089983016327E-05    13.69854366759074        187.7831256788793        2576.029878889692        40.89088357888366        2.437045503706754    
    273.5000000000000       0.1383594700306154E-05    13.70786889625989        188.0398157101408        2581.332971173359        40.87916883118675        3.402899663293203    
    274.5000000000000       0.1389645660686857E-05    13.72023125347189        188.3803671229535        2588.374012261224        40.86305509974597        4.368690882878436    
    275.5000000000000       0.1397263207051396E-05    13.73564015397797        188.8052677448316        2597.167857335799        40.84251840463702        5.334399122738389    
    276.5000000000000       0.1406473539690603E-05    13.75410792908209        189.3151434957601        2607.733442043994        40.81752845112815        6.300004148710307    
    277.5000000000000       0.1417309018593288E-05    13.77564915404123        189.9107406699208        2620.093446851523        40.78804852806469        7.265485485241332    
    278.5000000000000       0.1429808105449888E-05    13.80028119457686        190.5929429270793        2634.274705443332        40.75403538439596        8.230822367281975    
    279.5000000000000       0.1444014682452619E-05    13.82802357168547        191.3627549741494        2650.307911559618        40.71543908310698        9.195993690788184    
    280.5000000000000       0.1459980300131419E-05    13.85889790934920        192.2213026750287        2668.227676589636        40.67220283167759        10.16097796158586    
    281.5000000000000       0.1477762543326366E-05    13.89292938698980        193.1698763784148        2688.073521787321        40.62426278804355        11.12575324233718    
    282.5000000000000       0.1497425334128489E-05    13.93014484264287        194.2098795961576        2709.888867563595        40.57154784087724        12.09029709733261    
    283.5000000000000       0.1519042563279880E-05    13.97057383816110        195.3428615946992        2733.721809796930        40.51397936283659        13.05458653481616    
    284.5000000000000       0.1542694389224423E-05    14.01424873962471        196.5705226088509        2759.625329927380        40.45147093525063        14.01859794652943    
    285.5000000000000       0.1568468435884589E-05    14.06120431396217        197.8947061632913        2787.657253546322        40.38392804251405        14.98230704413685    
    286.5000000000000       0.1596462087650779E-05    14.11147742440050        199.3173922258351        2817.880189263842        40.31124773425167        15.94568879216930    
    287.5000000000000       0.1626782249190770E-05    14.16510821448603        200.8407365820361        2850.362543351034        40.23331825308259        16.90871733709192    
    288.5000000000000       0.1659546621041361E-05    14.22213954506309        202.4670580895644        2885.178374968834        40.15001862556251        17.87136593206787    
    289.5000000000000       0.1694882779118125E-05    14.28261519363147        204.1987895439403        2922.406457291898        40.06121821360625        18.83360685695351    
    290.5000000000000       0.1732930916375483E-05    14.34658451438777        206.0386207267170        2962.133630995738        39.96677622339010        19.79541133301523    
    291.5000000000000       0.1773843776647035E-05    14.41409728625051        207.9893492098846        3004.451638479704        39.86654116840050        20.75674943181033    
    292.5000000000000       0.1817787808696872E-05    14.48520803421024        210.0540163867080        3049.460404359323        39.76035028292729        21.71758997762107    
    293.5000000000000       0.1864947242360378E-05    14.55997579202936        212.2359084307544        3097.268337055367        39.64802888189459        22.67790044276795    
    294.5000000000000       0.1915521015894415E-05    14.63846160895956        214.5384842251610        3147.990850695052        39.52938966247223        23.63764683505978    
    295.5000000000000       0.1969725394212836E-05    14.72072703101539        216.9653345515915        3201.749665062515        39.40423194241276        24.59679357656119    
    296.5000000000000       0.2027796373297822E-05    14.80683694077382        219.5202759812197        3258.675235200711        39.27234082950597        25.55530337276977    
    297.5000000000000       0.2089993531854374E-05    14.89686160090217        222.2074256519878        3318.908888391974        39.13348631592810        26.51313707119606    
    298.5000000000000       0.2156603489606226E-05    14.99087785759177        225.0312498760290        3382.604364511546        38.98742229057903        27.47025350822975    
    299.5000000000000       0.2227935377469686E-05    15.08896195329041        227.9963432482706        3449.922852642447        38.83388546173880        28.42660934304856    
    300.5000000000000       0.2304322632934948E-05    15.19118905514814        231.1074168612186        3521.032955656203        38.67259418152574        29.38215887718416    
    301.5000000000000       0.2386128559635490E-05    15.29763814227715        234.3694681314789        3596.115270455795        38.50324716269046        30.33685385820039    
    302.5000000000000       0.2473757408628472E-05    15.40839815005673        237.7879924881534        3675.368049975809        38.32552207722190        31.29064326575570    
    303.5000000000000       0.2567647901650845E-05    15.52356229018793        241.3688108808456        3759.003500429716        38.13907402506006        32.24347307811618    
    304.5000000000000       0.2668274027580871E-05    15.64321996801728        245.1178086633289        3847.241659662245        37.94353385988760        33.19528601695242    
    305.5000000000000       0.2776146944123745E-05    15.76746029238547        249.0410649286111        3940.314205606798        37.73850635749692        34.14602126798727    
    306.5000000000000       0.2891829839422825E-05    15.89638180837377        253.1451922886596        4038.473632808839        37.52356821057604        35.09561417475904    
    307.5000000000000       0.3015937688914173E-05    16.03008704140432        257.4371682224148        4141.989681602009        37.29826583191070        36.04399590242291    
    308.5000000000000       0.3149143064714942E-05    16.16868018967705        261.9242606470160        4251.147833245398        37.06211294593492        36.99109306811943    
    309.5000000000000       0.3292174208990606E-05    16.31226064693245        266.6138234260791        4366.244879286345        36.81458794625542        37.93682733399285    
    310.5000000000000       0.3445831359600865E-05    16.46093946830498        271.5138817136299        4487.604932052687        36.55513099419962        38.88111495843218    
    311.5000000000000       0.3610989503726500E-05    16.61482945960111        276.6328109080206        4615.572105528589        36.28314083056413        39.82386630052329    
    312.5000000000000       0.3788602136277484E-05    16.77404429669421        281.9793035191038        4750.510008787611        35.99797126954245        40.76498527203221    
    313.5000000000000       0.3979714227335687E-05    16.93869752001159        287.5623620563994        4892.802874626320        35.69892734025540        41.70436873047570    
    314.5000000000000       0.4185473843880380E-05    17.10891103918625        293.3916084273546        5042.864531222178        35.38526103736918        42.64190580595731    
    315.5000000000000       0.4407124758018234E-05    17.28480055507236        299.4767822863919        5201.126065730811        35.05616663793511        43.57747715343968    
    316.5000000000000       0.4646034955755280E-05    17.46648826197974        305.8282196433755        5368.050028482720        34.71077553680215        44.51095412097099    
    317.5000000000000       0.4903703413100161E-05    17.65409142903350        312.4564522349934        5544.120621684288        34.34815054772550        45.44219782305451    
    318.5000000000000       0.5181767276152325E-05    17.84773639222722        319.3727182516244        5729.858424763670        33.96727961162443        46.37105810682706    
    319.5000000000000       0.5482016881047053E-05    18.04754701518188        326.5885914092319        5925.812507038889        33.56706884735225        47.29737239696209    
    320.5000000000000       0.5806417887651495E-05    18.25364810967696        334.1160964772119        6132.564264793592        33.14633487388965        48.22096440320305    
    321.5000000000000       0.6157086718157037E-05    18.46615691803171        341.9674167158280        6350.720888650309        32.70379632616074        49.14164267212504    
    322.5000000000000       0.6536359681730053E-05    18.68519011795864        350.1551544893426        6580.923696458774        32.23806447987022        50.05919896208140    
    323.5000000000000       0.6946756304679060E-05    18.91087653802516        358.6928378600205        6823.864380986521        31.74763289413523        50.97340641726564    
    324.5000000000000       0.7391038778663541E-05    19.14333787797417        367.5942384611868        7080.268222101513        31.23086597463487        51.88401751336685    
    325.5000000000000       0.7872225841787844E-05    19.38269289201826        376.8734810179766        7350.897124775162        30.68598635510185        52.79076174337045    
    326.5000000000000       0.8393633778335659E-05    19.62906794259021        386.5455050717346        7636.565806101080        30.11106099207251        53.69334300760683    
    327.5000000000000       0.8958755850976491E-05    19.88256858760477        396.6249342775083        7938.109481123678        29.50398586806712        54.59143666714528    
    328.5000000000000       0.9571338301053842E-05    20.14328571613043        407.1263181183513        8256.392638818241        28.86246920344143        55.48468621404026    
    329.5000000000000       0.1023548116903450E-04    20.41133161814700        418.0656111333270        8592.356035558025        28.18401308931508        56.37269950576515    
    330.5000000000000       0.1095586253918828E-04    20.68685751559216        429.4610042369047        8947.047799403463        27.46589347637052        57.25504450445357    
    331.5000000000000       0.1173781999076584E-04    20.96999697083357        441.3304638039016        9321.544619769165        26.70513849119114        58.13124445442154    
    332.5000000000000       0.1258608290678517E-04    21.26078396052569        453.6884149473123        9716.853073992565        25.89850510892033        59.00077242406331    
    333.5000000000000       0.1350563615042682E-04    21.55929034310607        466.5513844180967        10134.08551193394        25.04245429607197        59.86304513095844    
    334.5000000000000       0.1450417434954733E-04    21.86563963642895        479.9384840752483        10574.47377358597        24.13312486049627        60.71741596246559    
    335.5000000000000       0.1558656301640953E-04    22.17992038334859        493.8682876552644        11039.29020736600        23.16630642014537        61.56316709908688    
    336.5000000000000       0.1676110050903508E-04    22.50218117582479        508.3577992687119        11529.78960892093        22.13741214558434        62.39950064578682    
    337.5000000000000       0.1803416433318517E-04    22.83250325786232        523.4263571260759        12047.36395116843        21.04145226490488        63.22552867918078    
    338.5000000000000       0.1941485365573513E-04    23.17101494517973        539.0959044473852        12593.54155969249        19.87300977063345        64.04026212882873    
    339.5000000000000       0.2091025124035924E-04    23.51768027966981        555.3813792090239        13169.66051090256        18.62622036824744        64.84259843268322    
    340.5000000000000       0.2253049558918070E-04    23.87264266643757        572.3066119128677        13777.42383850279        17.29475949086887        65.63130794538371    
    341.5000000000000       0.2428364841078756E-04    24.23584920433821        589.8865773802404        14418.27136207858        15.87184021137575        66.40501914072867    
    342.5000000000000       0.2618001540116654E-04    24.60733220880943        608.1408086000429        15093.86293577035        14.35022714277729        67.16220274561094    
    343.5000000000000       0.2822872645054982E-04    24.98709363488335        627.0877624860308        15805.87333912388        12.72227294395011        67.90115508362142    
    344.5000000000000       0.3043990889638609E-04    25.37510125750194        646.7445352449532        16555.98111385347        10.97998581668176        68.61998110617820    
    345.5000000000000       0.3282354314991177E-04    25.77134809866915        667.1299197733878        17345.98859257312        9.115138297867588        69.31657786233620    
    346.5000000000000       0.3538966696589048E-04    26.17579128249410        688.2611372569846        18177.69310081948        7.119429508617356        69.98861951907602    
    347.5000000000000       0.3814764940860176E-04    26.58835362050875        710.1537625153120        19052.87887269132        4.984714435091584        70.63354549981426    
    348.5000000000000       0.4110688879312905E-04    27.00901478046305        732.8269281299297        19973.54375675649        2.703314155509358        71.24855385468824    
    349.5000000000000       0.4427576845739475E-04    27.43763288311942        756.2929235236838        20941.44497638342       0.2684192667217162        71.83060258146342    
    350.5000000000000       0.4766208255755920E-04    27.87412574731886        780.5675580502343        21958.54664717699        357.6745838594017        72.37642221008954    
    351.5000000000000       0.5127287541265361E-04    28.31841660029092        805.6670417975397        23026.88696785243        354.9183680117629        72.88254341954308    
    352.5000000000000       0.5511246050277046E-04    28.77029027225549        831.5996122623949        24148.21266507359        351.9989610662075        73.34534357670434    
    353.5000000000000       0.5918426006764127E-04    29.22960956313549        858.3774896841843        25324.47561940580        348.9189470678813        73.76111561450446    
    354.5000000000000       0.6349016482079890E-04    29.69624712738404        886.0134098199436        26557.70203161076        345.6849968706464        74.12616131713962    
    355.5000000000000       0.6802923974507969E-04    30.17001568576069        914.5161399521093        27849.77727301736        342.3084550800480        74.43690863494831    
    356.5000000000000       0.7279811385148647E-04    30.65074766304529        943.8953415248694        29202.66895765684        338.8057002704969        74.69004909560141    
    357.5000000000000       0.7779149352290480E-04    31.13826933150612        974.1597486834422        30618.33082641621        335.1981643896758        74.88268705761180    
    358.5000000000000       0.8299917514555364E-04    31.63244159203092        1005.320134197298        32098.86107609043        331.5119211199325        75.01248826908623    
    359.5000000000000       0.8840829541243696E-04    32.13314007541504        1037.388012807756        33646.44021206148        327.7768070826849        75.07781213213586    
