 # author: MA Kubiak / Space Research Center PAS Warsaw Poland, contact: mkubiak@cbk.waw.pl                          
 # code version Program.keplerV_ellipt_V2      , Dates: calkV:20/04/2026  ; part_pr:20/04/2026                       
 # czas no T v_mas, kier.naplywu(dl, szer) macierz obrotu (ecl to helio), r, theta, phi(ecl,spher), V_detector(ecl,cart), IBEX_energy_channel
 #     2026.087516000000        0.1419110000000000E-01     7443.000000000000        -25.78400000689422         255.7450000000000         5.169000000000000        0.2459841265748581        0.9692738567985851         0.000000000000000       -0.9615244635393438        0.2440174711049008        0.1261989691358298        0.1223213615382913       -0.3104294319752456E-01    0.9920049496797150        0.9762549999999999         132.6629670000000        0.2690000000000000E-03    -22.09000000000000        -20.08200000000000        0.4900000000000001E-01 00
 # routs_end= 150.00;    Maxwellian,    elliptOrb=Off                                                                                        
 # Numerical parameters: GridKl=10  GridKf=09  GridKV=05  epsV= 0.0000100  epssJon=.0010000                                                  
 # Numerical parameters: GridKl=10  GridKf=09  GridKV=05  epsV= 0.0000100  epssJon=.0010000; tessel128                                                                                                                                                                                                                                                                                                                                                                                                                                                                 
# Axis to the Sun: alpha_ecl= 308.7160000000000000 delta_Ecl= 0.0950000000000000 delta_Ax= 90.0000000000000000  repoint= 00144
 #  flag_atom: He                                                   
 #  flag_general:                                                   
 #                                                                  
 #                                                                  
  # Ly_a_Profil: zero                                               
  # flag_Itot: zero                                                 
 #  v_SW_Eqtr: speed3D.hybrid2026c_patched.dat                      
 #  n_SW_Eqtr: density3D.hybrid2026c_patched.dat                    
 #  phot_Eqtr: 0.8500000  phion_Helium_T12F107_2026c.dat            
 #  sigma_SW: p+He->H +He+, He + alpha (2 chnls);src:simuLosses.nb  
 #  flag_el:slow  swEqtrElectrons5.2026c.patched.dat                
 #  SW_lati: interpolation                                          
 #  phot_lati: analit pole-flattened after Pryor & Auchere          
 #
 #
 #
 #Spin  flux speed	speed^2 speed^3    long_ecl lat_ecl
   0.5000000000000000       0.2219865733240273E-03    32.58258553300340        1066.749838764768        35091.13066447415        207.9583072359771        89.49105273337328    
    1.500000000000000       0.2433913044576204E-03    33.15512081192248        1104.553737753487        36972.12413204666        215.0929373904997        88.49699285873957    
    2.500000000000000       0.2673306312173337E-03    33.73801307823143        1143.714245459049        38954.63718054917        216.5411908585926        87.49819429137447    
    3.500000000000000       0.2941763649611781E-03    34.33105427080672        1184.251301011601        41042.58026929705        217.1631472370380        86.49871005055184    
    4.500000000000000       0.3243528075953417E-03    34.93407399878172        1226.188579722429        43240.22878922499        217.5090920830237        85.49899689155438    
    5.500000000000000       0.3583844112422063E-03    35.54717272698439        1269.569656095061        45553.08341404244        217.7294876392974        84.49917962321204    
    6.500000000000000       0.3968838737345126E-03    36.17024865907672        1314.423928526243        47986.02839792174        217.8822573220392        83.49930628209805    
    7.500000000000000       0.4405893365717718E-03    36.80342785503891        1360.798494252381        50545.11637225239        217.9944441988747        82.49939929283754    
    8.500000000000000       0.4903743606488770E-03    37.44653706328062        1408.717938308276        53235.26139052094        218.0803688630045        81.49947052958322    
    9.500000000000000       0.5473200884571750E-03    38.09959262212251        1458.221749565509        56062.40335732247        218.1483235342481        80.49952686769008    
    10.50000000000000       0.6127078256429074E-03    38.76248674464272        1509.339583692210        59032.03642712368        218.2034420658292        79.49957256369275    
    11.50000000000000       0.6881231232018950E-03    39.43522304489187        1562.111014205541        62150.46340465199        218.2490728987513        78.49961039376872    
    12.50000000000000       0.7755081727918158E-03    40.11766281253306        1616.563485959937        65423.36185351130        218.2874931205869        77.49964224581520    
    13.50000000000000       0.8772876679127826E-03    40.80999451430146        1672.753147065504        68858.45699516301        218.3203052137988        76.49966944841125    
    14.50000000000000       0.9964801900722804E-03    41.51227893717061        1730.726224415469        72463.06251269455        218.3486696537568        75.49969296367090    
    15.50000000000000       0.1136848033915669E-02    42.22446666490536        1790.519769547091        76244.08096480003        218.3734474788775        74.49971350544982    
    16.50000000000000       0.1303178772536618E-02    42.94657308839304        1852.176759592367        80208.99297586018        218.3952910221074        73.49973161457082    
    17.50000000000000       0.1501537182722210E-02    43.67856508944942        1915.736406268183        84365.23539186762        218.4147035371165        72.49974770825942    
    18.50000000000000       0.1739746434034548E-02    44.42053708256005        1981.250337572631        88721.33216894223        218.4320794877275        71.49976211354706    
    19.50000000000000       0.2027952002056174E-02    45.17263650106847        2048.776530340810        93286.53501968554        218.4477324414357        70.49977509039718    
    20.50000000000000       0.2379378772814451E-02    45.93489654116671        2118.363008675890        98069.63626447358        218.4619147994727        69.49978684806268    
    21.50000000000000       0.2811428352275944E-02    46.70719166936387        2190.042472160105        103078.5079009179        218.4748320211143        68.49979755687897    
    22.50000000000000       0.3347239789451825E-02    47.48949289452530        2263.857752809289        108322.0182171441        218.4866530550389        67.49980735691227    
    23.50000000000000       0.4017905474098898E-02    48.28174294865119        2339.849531744077        113809.1305979984        218.4975181074906        66.49981636439968    
    24.50000000000000       0.4865616949349399E-02    49.08387126320386        2418.057138804330        119548.9132137866        218.5075445081266        65.49982467661263    
    25.50000000000000       0.5948001768403131E-02    49.89551081752066        2498.488774308511        125548.1890229572        218.5168311957291        64.49983237557555    
    26.50000000000000       0.7344906959727908E-02    50.71630356052333        2581.153083425364        131813.9956666180        218.5254621883328        63.49983953094282    
    27.50000000000000       0.9167902198053634E-02    51.54580335780857        2666.047678928713        138352.5756827432        218.5335092962716        62.49984620224817    
    28.50000000000000       0.1157441261624987E-01    52.38316981404772        2753.125141940749        145166.5359408922        218.5410342640867        61.49985244068027    
    29.50000000000000       0.1478957055654116E-01    53.22765203846579        2842.343686835995        152258.8233315290        218.5480904768186        60.49985829049740    
    30.50000000000000       0.1913746436349030E-01    54.07791361669963        2933.592121009835        159626.4314933202        218.5547243306568        59.49986379016386    
    31.50000000000000       0.2509159865359475E-01    54.93266685838832        3026.756408312428        167265.6067955603        218.5609763425335        58.49986897326968    
    32.50000000000000       0.3334801673479577E-01    55.79011562393161        3121.657488268147        175166.5922115696        218.5668820548870        57.49987386928090    
    33.50000000000000       0.4494353512205861E-01    56.64840136341758        3218.097510986740        183317.1499876791        218.5724727783958        56.49987850415526    
    34.50000000000000       0.6143537399516472E-01    57.50542521725073        3315.839333007766        191700.7209876903        218.5777762055581        55.49988290085084    
    35.50000000000000       0.8518609764116082E-01    58.35903122889837        3414.625929590809        200297.8887058747        218.5828169205829        54.49988707974886    
    36.50000000000000       0.1198142367523483        59.20715278531786        3514.198283810791        209087.9500937928        218.5876168254808        53.49989105900689    
    37.50000000000000       0.1709061421158540        60.04761047071551        3614.269684650441        218046.3833471227        218.5921954979947        52.49989485485557    
    38.50000000000000       0.2471516468829169        60.87824642364055        3714.541960554464        227146.2392923230        218.5965704937661        51.49989848184917    
    39.50000000000000       0.3621702078572156        61.69720692939534        3814.742434613454        236361.6886977507        218.6007576026171        50.49990195307800    
    40.50000000000000       0.5374275568896833        62.50263696808422        3914.585322991309        245664.2696741960        218.6047710668824        49.49990528034946    
    41.50000000000000       0.8069272148309649        63.29280681423091        4013.789202466762        255024.6143175275        218.6086237681898        48.49990847434287    
    42.50000000000000        1.224794882389489        64.06645950364465        4112.125227782146        264417.3917848123        218.6123273878897        47.49991154474248    
    43.50000000000000        1.877414405564008        64.82239269654299        4209.363824943213        273816.1450118666        218.6158925453722        46.49991450035213    
    44.50000000000000        2.902913734269219        65.55963669575770        4305.300197351695        283195.9794296787        218.6193289177522        45.49991734919448    
    45.50000000000000        4.522241931391092        66.27725211699840        4399.727839246821        292530.9174900131        218.6226453437892        44.49992009859715    
    46.50000000000000        7.088662035697712        66.97446831517674        4492.459132312311        301796.1593358573        218.6258499144168        43.49992275526782    
    47.50000000000000        11.16608798029090        67.65079932568760        4583.343599865963        310970.1906603888        218.6289500518545        42.49992532535973    
    48.50000000000000        17.65188276436394        68.30595792475468        4672.257947114028        320033.9437398618        218.6319525789519        41.49992781452927    
    49.50000000000000        27.96804196933637        68.93987147232221        4759.110146646565        328971.4309278742        218.6348637801470        40.49993022798645    
    50.50000000000000        44.35432946210413        69.55249525843548        4843.813743202368        337767.1002602795        218.6376894552021        39.49993257053946    
    51.50000000000000        70.31390015858359        70.14378430069712        4926.283738618965        346405.3998453974        218.6404349666999        38.49993484663405    
    52.50000000000000        111.2806430080716        70.71379532419699        5006.452126861852        354872.5672900455        218.6431052821329        37.49993706038845    
    53.50000000000000        175.6015114310329        71.26258380778279        5084.253003748493        363155.0297202818        218.6457050112946        36.49993921562432    
    54.50000000000000        275.9573632778173        71.79028189140929        5159.634602377297        371240.8175304436        218.6482384395773        35.49994131589438    
    55.50000000000000        431.3697427676881        72.29702221218781        5232.548542482048        379118.4517883741        218.6507095576936        34.49994336450707    
    56.50000000000000        669.9798967097461        72.78296024646829        5302.952968211996        386777.2979859503        218.6531220882668        33.49994536454856    
    57.50000000000000        1032.800376009009        73.24832847127026        5370.820965172441        394208.5703024907        218.6554795096710        32.49994731890252    
    58.50000000000000        1578.619934433429        73.69336301462833        5436.129342653043        401404.0629170685        218.6577850774538        31.49994923026792    
    59.50000000000000        2390.230035065727        74.11837227988768        5498.869122148539        408357.3741344773        218.6600418436254        30.49995110117494    
    60.50000000000000        3581.955095336974        74.52364455163071        5559.031754748266        415062.3830257858        218.6622526740636        29.49995293399951    
    61.50000000000000        5308.392962339778        74.90943586064276        5616.606981539368        421512.9916481723        218.6644202642506        28.49995473097627    
    62.50000000000000        7773.890995849833        75.27604718265810        5671.594655130507        427704.5024273862        218.6665471535299        27.49995649421039    
    63.50000000000000        11242.04753129777        75.62380167015664        5724.000912579824        433633.1537389429        218.6686357380486        26.49995822568835    
    64.50000000000000        16043.94808121759        75.95304109885916        5773.837811387347        439296.1140988968        218.6706882825289        25.49995992728769    
    65.50000000000000        22583.38617083887        76.26413831517061        5821.125324281979        444691.7370809154        218.6727069309978        24.49996160078586    
    66.50000000000000        31337.07894640121        76.55748811570021        5865.889840176954        449819.3905862763        218.6746937165838        23.49996324786837    
    67.50000000000000        42847.15084921604        76.83349722036914        5908.162440931809        454679.2477924085        218.6766505704827        22.49996487013625    
    68.50000000000000        57704.53989964740        77.09261531771077        5947.983612576435        459272.8349604793        218.6785793301776        21.49996646911282    
    69.50000000000000        76520.44653234688        77.33532703742632        5985.402071235455        463602.9129350589        218.6804817469914        20.49996804624997    
    70.50000000000000        99885.30380509248        77.56214058013360        6020.472812782164        467673.2366792624        218.6823594930414        19.49996960293394    
    71.50000000000000        128315.9766336290        77.77356000237049        6053.252571921606        471488.0057131011        218.6842141676560        18.49997114049061    
    72.50000000000000        162193.0277524624        77.97009478231396        6083.801314379326        475052.0464875122        218.6860473033092        17.49997266019043    
    73.50000000000000        201693.6273244573        78.15228009453288        6112.185236273674        478371.1503078058        218.6878603711224        16.49997416325302    
    74.50000000000000        246724.5335321136        78.32065681531017        6138.473566697198        481451.6951991012        218.6896547859760        15.49997565085132    
    75.50000000000000        296864.1722674075        78.47574603701065        6162.734346543991        484300.1272167132        218.6914319112727        14.49997712411565    
    76.50000000000000        351320.8616606661        78.61807054084392        6185.037673980200        486923.3319779005        218.6931930633852        13.49997858413731    
    77.50000000000000        408917.9392709560        78.74812639593587        6205.451039568576        489328.0638215175        218.6949395158240        12.49998003197205    
    78.50000000000000        468111.1034457688        78.86638747147016        6224.039898983913        491520.9999964032        218.6966725031524        11.49998146864336    
    79.50000000000000        527037.8304169135        78.97330679417217        6240.867770308215        493508.7408438110        218.6983932246760        10.49998289514550    
    80.50000000000000        583107.8365791910        79.06873859671246        6255.903208669651        495286.5760178398        218.7001028479315        9.499984312446371    
    81.50000000000000        635596.7557387226        79.15470423919515        6269.464140656670        496892.0518955590        218.7018025119969        8.499985721490290    
    82.50000000000000        680831.2632627961        79.22986529983528        6281.329635581259        498297.8529365693        218.7034933306437        7.499987123200607    
    83.50000000000000        717296.4142372377        79.29505716448278        6291.628949278395        499518.9905265843        218.7051763953512        6.499988518482156    
    84.50000000000000        743299.7405297584        79.35049008868521        6300.391744890696        500558.5652390778        218.7068527781987        5.499989908223723    
    85.50000000000000        757597.6423356569        79.39633069566494        6307.641418865705        501419.0074053536        218.7085235346547        4.499991293300317    
    86.50000000000000        759496.0490738171        79.43269584153482        6313.394040771740        502101.9408736673        218.7101897062774        3.499992674575382    
    87.50000000000000        748903.4200128234        79.45963795210470        6317.655922460032        502607.8818507838        218.7118523233414        2.499994052903044    
    88.50000000000000        726333.3548922624        79.47714643509806        6320.423913084251        502936.2825510553        218.7135124074053        1.499995429130199    
    89.50000000000000        692869.5692459266        79.48517940435843        6321.690419764624        503086.1279902267        218.7151709738338       0.4999968040985722    
    90.50000000000000        650081.7746766810        79.48362717118350        6321.437513814040        503055.2218858523        218.7168290342879      -0.5000018213531452    
    91.50000000000000        599896.5924683268        79.47231569416302        6319.637556471216        502840.2710186902        218.7184875991952       -1.500000446387286    
    92.50000000000000        543604.0462564512        79.45059560083338        6316.186990927407        502428.8810644226        218.7201476802142       -2.499999070165201    
    93.50000000000000        486000.4086171321        79.41948757310989        6311.252050207678        501841.3582261179        218.7218102927053       -3.499997691845134    
    94.50000000000000        426654.5494913230        79.37736287260896        6304.572816872836        501046.5712421792        218.7234764582199       -4.499996310580200    
    95.50000000000000        368368.6300758187        79.32428710415043        6296.163286880591        500046.6120424567        218.7251472070234       -5.499994925516328    
    96.50000000000000        312793.7018612587        79.25984380612009        6285.960634788999        498834.3824716480        218.7268235806620       -6.499993535790056    
    97.50000000000000        261222.1828901863        79.18356908719542        6273.895493423075        497402.1205512487        218.7285066345902       -7.499992140526406    
    98.50000000000000        214561.9070394523        79.09498224001993        6259.896992805328        495742.0212671488        218.7301974408707       -8.499990738836628    
    99.50000000000000        173346.2673197712        78.99358526429218        6243.892754129735        493846.2427965174        218.7318970909633       -9.499989329815918    
    100.5000000000000        137763.6496438311        78.87883520706595        6225.804591996932        491706.4034522209        218.7336066986178       -10.49998791254096    
    101.5000000000000        107712.2837753064        78.75018772464020        6205.555645563197        489314.4551725978        218.7353274028875       -11.49998648606747    
    102.5000000000000        82866.71918109663        78.60712646633063        6183.075315169478        486663.3026491935        218.7370603712818       -12.49998504942760    
    103.5000000000000        62743.67876827560        78.44910508579210        6158.290065122935        483745.7040554471        218.7388068030758       -13.49998360162715    
    104.5000000000000        46767.70167807968        78.27559926507917        6131.131786073987        480555.2757998305        218.7405679327995       -14.49998214164268    
    105.5000000000000        34327.64275465150        78.08611758668106        6101.539880094580        477086.7808417260        218.7423450339267       -15.49998066841850    
    106.5000000000000        24821.14411089180        77.88014809315787        6069.452652691340        473335.0805941678        218.7441394227904       -16.49997918086336    
    107.5000000000000        17687.44713529144        77.65723050374596        6034.819069877494        469296.5660630141        218.7459524627497       -17.49997767784703    
    108.5000000000000        12427.57883912250        77.41689737172675        5997.589328508080        464968.0155203596        218.7477855686380       -18.49997615819665    
    109.5000000000000        8614.441234832098        77.15876985389076        5957.730520775249        460348.5098467095        218.7496402115255       -19.49997462069268    
    110.5000000000000        5894.601499243240        76.88242268782967        5915.204890724156        455436.7936163372        218.7515179238314       -20.49997306406475    
    111.5000000000000        3984.408206473795        76.58747647246595        5869.984862973561        450233.1020197688        218.7534203048246       -21.49997148698710    
    112.5000000000000        2662.455637142803        76.27360874568309        5822.054787903540        444739.3565167742        218.7553490265581       -22.49996988807360    
    113.5000000000000        1760.219432619027        75.94047910152229        5771.398887382323        438957.6948266111        218.7573058402860       -23.49996826587243    
    114.5000000000000        1152.399910169416        75.58780154287322        5718.012960199316        432891.8811042600        218.7592925834170       -24.49996661886044    
    115.5000000000000        747.8243133816308        75.21522160681299        5661.885241495226        426545.0507239557        218.7613111870671       -25.49996494543671    
    116.5000000000000        481.4950738948608        74.82246436232369        5603.019672199278        419922.4428300345        218.7633636842789       -26.49996324391591    
    117.5000000000000        307.9213448244506        74.40923952081172        5541.420926248185        413029.6089578283        218.7654522189868       -27.49996151252068    
    118.5000000000000        195.8120594100465        73.97539973564979        5477.119201809885        405875.3116648589        218.7675790558141       -28.49995974937368    
    119.5000000000000        123.9665640534750        73.52075339925067        5410.140970519757        398468.0744250639        218.7697465908008       -29.49995795248865    
    120.5000000000000        78.22945443262965        73.04508124355604        5340.511490513726        390816.4466152771        218.7719573631758       -30.49995611976051    
    121.5000000000000        49.27008397677410        72.54820547127264        5268.265775919065        382930.2892549162        218.7742140682975       -31.49995424895490    
    122.5000000000000        31.01041154277030        72.02997432103253        5193.446065433017        374820.4425351570        218.7765195719109       -32.49995233769612    
    123.5000000000000        19.53090804282340        71.49028866370503        5116.104967518621        366498.9630985623        218.7788769258830       -33.49995038345418    
    124.5000000000000        12.32588238617933        70.92908034394617        5036.302312749675        357978.7645295531        218.7812893856069       -34.49994838353038    
    125.5000000000000        7.805235670574686        70.34635351904912        4954.111213882715        349274.2656799830        218.7837604292906       -35.49994633504138    
    126.5000000000000        4.966124661401569        69.74226329716454        4869.628971037838        340402.5039511269        218.7862937793773       -36.49994423490123    
    127.5000000000000        3.179009327660299        69.11701633920225        4782.961351531318        331381.2635752532        218.7888934263857       -37.49994207980185    
    128.5000000000000        2.050153163945362        68.47119741617672        4694.268991667766        322234.0194969744        218.7915636554983       -38.49993986619089    
    129.5000000000000        1.333669803853774        67.80535961278653        4603.706023436919        312983.0405895099        218.7943090762814       -39.49993759024701    
    130.5000000000000       0.8761792196778663        67.12018534699054        4511.442500595788        303651.7450179150        218.7971346559810       -40.49993524785244    
    131.5000000000000       0.5819589591453949        66.41645686022630        4417.659372142445        294264.0904283774        218.8000457569129       -41.49993283456188    
    132.5000000000000       0.3911769598891647        65.69518719313567        4322.565381958496        284846.2211779365        218.8030481785486       -42.49993034556758    
    133.5000000000000       0.2663233965328207        64.95762137798363        4226.395060233313        275426.0618162915        218.8061482050102       -43.49992777566009    
    134.5000000000000       0.1837859375008584        64.20522989189625        4129.405989448253        266032.8872004456        218.8093526588029       -44.49992511918359    
    135.5000000000000       0.1286265352129166        63.43969299956719        4031.874757401695        256696.7633742245        218.8126689617699       -45.49992236998546    
    136.5000000000000       0.9133580064286596E-01    62.66278491828471        3934.080044085666        247446.7608632377        218.8161052044337       -46.49991952135868    
    137.5000000000000       0.6581782649063960E-01    61.87638285553422        3836.303533797226        238311.0764104362        218.8196702251034       -47.49991656597646    
    138.5000000000000       0.4813625183336984E-01    61.08248203355564        3738.831095515400        229317.1327108300        218.8233737003993       -48.49991349581686    
    139.5000000000000       0.3572687724458284E-01    60.28304904517042        3641.933343042655        220489.7041986256        218.8272262491676       -49.49991030207701    
    140.5000000000000       0.2690410178572177E-01    59.48008173681011        3545.873855153478        211851.8213496984        218.8312395521591       -50.49990697507364    
    141.5000000000000       0.2054939671394163E-01    58.67542172848869        3450.885436861553        203422.5718400274        218.8354264903397       -51.49990350412853    
    142.5000000000000       0.1591256544276802E-01    57.87069269817500        3357.164595713383        195216.8360582212        218.8398013053105       -52.49989987743551    
    143.5000000000000       0.1248547105391840E-01    57.06740199919083        3264.885183642616        187246.6959008751        218.8443797860796       -53.49989608190564    
    144.5000000000000       0.9920461556760948E-02    56.26673199800589        3174.174212079637        179519.3760789742        218.8491794873821       -54.49989210298612    
    145.5000000000000       0.7976849426300142E-02    55.46965559557287        3085.128345022283        172038.9942620813        218.8542199859494       -55.49988792444803    
    146.5000000000000       0.6486485723194340E-02    54.67696765677215        2997.818571563450        164807.0895671294        218.8595231826591       -56.49988352813571    
    147.5000000000000       0.5330399867944192E-02    53.88923876511862        2912.286729666851        157822.5011735351        218.8651136604482       -57.49987889367002    
    148.5000000000000       0.4423705721297363E-02    53.10697028546375        2828.564126993038        151083.0602495094        218.8710191103805       -58.49987399809527    
    149.5000000000000       0.3705022236293409E-02    52.33048823641967        2746.660532251647        144584.7455347590        218.8772708415123       -59.49986881545644    
    150.5000000000000       0.3129608660715090E-02    51.56006175324213        2666.578021001591        138322.9042865337        218.8839043944398       -60.49986331629059    
    151.5000000000000       0.2664467849908604E-02    50.79584306029805        2588.304946569747        132291.8056929325        218.8909602839946       -61.49985746701113    
    152.5000000000000       0.2285025157657897E-02    50.03793974958645        2511.824494990009        126485.3980044522        218.8984849039610       -62.49985122915785    
    153.5000000000000       0.1972817437504288E-02    49.28644068673407        2437.117496869230        120897.5382566968        218.9065316366112       -63.49984455847703    
    154.5000000000000       0.1713826821869452E-02    48.54136126911541        2364.156947899319        115521.5823984580        218.9151622232855       -64.49983740378535    
    155.5000000000000       0.1497334524364268E-02    47.80277785736881        2292.922199858540        110351.5077511752        218.9244484705952       -65.49982970555538    
    156.5000000000000       0.1315046952532770E-02    47.07068126625628        2223.383817724308        105380.7382303502        218.9344743922209       -66.49982139413993    
    157.5000000000000       0.1160513540942930E-02    46.34513087368193        2155.519376574503        100603.3590323528        218.9453389218194       -67.49981238752311    
    158.5000000000000       0.1028661450130081E-02    45.62611165987560        2089.299048158379        96013.02208159294        218.9571593829725       -68.49980258844380    
    159.5000000000000       0.9154895135830476E-03    44.91367577566652        2024.699399747678        91603.95808154151        218.9700759746683       -69.49979188067687    
    160.5000000000000       0.8178025069692472E-03    44.20784258215924        1961.693984536563        87370.31097165844        218.9842576368475       -70.49978012417078    
    161.5000000000000       0.7330445008565008E-03    43.50874559462422        1900.266977328742        83307.08663252507        218.9999098181686       -71.49976714860797    
    162.5000000000000       0.6591390793309761E-03    42.81645678830300        1840.396278947808        79408.93209609897        219.0172849068317       -72.49975274475727    
    163.5000000000000       0.5943997855818139E-03    42.13107844856880        1782.062560260769        75670.80474321789        219.0366964541597       -73.49973665268240    
    164.5000000000000       0.5374463385380084E-03    41.45271901251495        1725.246534055768        72087.74635560371        219.0585389036553       -74.49971854538597    
    165.5000000000000       0.4871389306398449E-03    40.78145798423150        1669.926016720733        68654.70337854594        219.0833154831007       -75.49969800568594    
    166.5000000000000       0.4425373372837304E-03    40.11741058632266        1616.081661309532        65366.90662379015        219.1116784919398       -76.49967449281579    
    167.5000000000000       0.4028538253696095E-03    39.46069359734962        1563.694124405430        62219.69539454243        219.1444889244517       -77.49964729299410    
    168.5000000000000       0.3674386142377703E-03    38.81149410166317        1512.749000141534        59208.77712086604        219.1829071966498       -78.49961544420671    
    169.5000000000000       0.3357366459895130E-03    38.16997914031738        1463.230277635873        56329.87843566057        219.2285357092461       -79.49957761801238    
    170.5000000000000       0.3072801978689666E-03    37.53630335473557        1415.120039803950        53578.66993740351        219.2836514340101       -80.49953192670958    
    171.5000000000000       0.2816730331772778E-03    36.91065288244354        1368.402651848151        50951.05949130189        219.3516026423051       -81.49947559440771    
    172.5000000000000       0.2585769682649821E-03    36.29320374862279        1323.061020663809        48442.94426831111        219.4375229284896       -82.49940436501127    
    173.5000000000000       0.2376979197569225E-03    35.68411701277113        1279.076608149844        46050.23377107077        219.5497040967857       -83.49931136387244    
    174.5000000000000       0.2187846018944865E-03    35.08354775803805        1236.429970226309        43768.87223743393        219.7024660283820       -84.49918471805522    
    175.5000000000000       0.2016194575425057E-03    34.49166173026661        1195.102261045165        41594.93713679206        219.9228504612041       -85.49900200521967    
    176.5000000000000       0.1860103985966042E-03    33.90857399111492        1155.070618248995        39524.37802225313        220.2687780102078       -86.49871519365020    
    177.5000000000000       0.1717951536356373E-03    33.33442696838856        1116.314077278608        37553.34951809103        220.8907038411718       -87.49819948697467    
    178.5000000000000       0.1588302993773523E-03    32.76939269622277        1078.813079665140        35678.15110176154        222.3388891041186       -88.49699817430641    
    179.5000000000000       0.1469913761577567E-03    32.21367301004734        1042.547968815235        33895.06560865986        229.4732490353367       -89.49105858926347    
    180.5000000000000       0.1361507738103744E-03    31.66586196832497        1007.401264940446        32196.17244559369        27.95897149225888       -89.49104874740725    
    181.5000000000000       0.1262278692873340E-03    31.12892471751310        973.5374430190045        30587.00329780742        35.09314505614267       -88.49698817642792    
    182.5000000000000       0.1171334624946760E-03    30.60121338435816        940.8121239443699        29057.93767191148        36.54131489380324       -87.49818947629133    
    183.5000000000000       0.1087864275190456E-03    30.08303130942251        909.2176196330215        27606.51232747480        37.16323646104137       -86.49870517943023    
    184.5000000000000       0.1011185519862545E-03    29.57450063285425        878.7320037066389        26229.54209150046        37.50916225367648       -85.49899198954331    
    185.5000000000000       0.9406905689741747E-04    29.07573960134709        849.3332627432109        24923.93536663100        37.72954579704013       -84.49917470164134    
    186.5000000000000       0.8758047619170952E-04    28.58673569772283        820.9915699847920        23686.33395080213        37.88230721694966       -83.49930134703430    
    187.5000000000000       0.8160436551585054E-04    28.10753693814351        793.6812353051088        22513.67453590967        37.99448806416762       -82.49939434790696    
    188.5000000000000       0.7609634554906972E-04    27.63820260020069        767.3777951336644        21403.05226247073        38.08040813575428       -81.49946557712551    
    189.5000000000000       0.7101598335780346E-04    27.17869044654921        742.0510655008059        20351.39731414195        38.14835919357130       -80.49952190930260    
    190.5000000000000       0.6632608127104755E-04    26.72905878737081        717.6776142616399        19356.04795734804        38.20347480876343       -79.49956760051461    
    191.5000000000000       0.6199521239458785E-04    26.28927232066542        694.2289181265036        18414.20481820534        38.24910323910819       -78.49960542664070    
    192.5000000000000       0.5799221492159321E-04    25.85928450513589        671.6767607338938        17523.18741412201        38.28752144799433       -77.49963727537562    
    193.5000000000000       0.5428996191868897E-04    25.43909745151639        649.9961348745622        16680.53469846042        38.32033183073687       -76.49966447515602    
    194.5000000000000       0.5086457451998927E-04    25.02865837451614        629.1598336558881        15883.78825363731        38.34869479974606       -75.49968798799318    
    195.5000000000000       0.4769258228196561E-04    24.62787712953630        609.1394636901010        15130.53178294058        38.37347134682098       -74.49970852766637    
    196.5000000000000       0.4475368848974421E-04    24.23674195999580        589.9114235868526        14418.61982911890        38.39531376965360       -73.49972663494067    
    197.5000000000000       0.4202956359864285E-04    23.85512327212774        571.4469120753259        13745.79067371573        38.41472529475987       -72.49974272699711    
    198.5000000000000       0.3950260499720502E-04    23.48296655619859        553.7216857177120        13110.03391153756        38.43210036470886       -71.49975713083232    
    199.5000000000000       0.3715735351119334E-04    23.12013868063712        536.7084686221062        12509.30463561635        38.44775253012301       -70.49977010638196    
    200.5000000000000       0.3497972108885839E-04    22.76654686522809        520.3827308283517        11941.73088959951        38.46193417866840       -69.49978186287672    
    201.5000000000000       0.3295616176717436E-04    22.42202447588510        504.7172845054131        11405.41786450141        38.47485075859080       -68.49979257063390    
    202.5000000000000       0.3107489682283114E-04    22.08647615691689        489.6892380977454        10898.69479151197        38.48667120950770       -67.49980236970474    
    203.5000000000000       0.2932504026193491E-04    21.75973871625393        475.2732162450621        10419.86356189325        38.49753573015155       -66.49981137631411    
    204.5000000000000       0.2769673530807833E-04    21.44171262625439        461.4477797897428        9967.430507832478        38.50756164389925       -65.49981968772305    
    205.5000000000000       0.2618064401410669E-04    21.13224458791996        448.1896860681506        9539.893220397160        38.51684788424213       -64.49982738594726    
    206.5000000000000       0.2476847452746119E-04    20.83119872322101        435.4773149923594        9135.861153578631        38.52547846472618       -63.49983454063378    
    207.5000000000000       0.2345269689351274E-04    20.53846766906812        423.2910167964696        8754.059817613785        38.53352519185196       -62.49984121131002    
    208.5000000000000       0.2222568427098548E-04    20.25385539925956        411.6081228458556        8393.168362156111        38.54104980686791       -61.49984744915920    
    209.5000000000000       0.2108107876531347E-04    19.97726255681816        400.4107818294435        8052.065971352100        38.54810569197016       -60.49985329843498    
    210.5000000000000       0.2001312418918388E-04    19.70852517458423        389.6790972139265        7729.610416511267        38.55473924087867       -59.49985879759751    
    211.5000000000000       0.1901566351575762E-04    19.44747550078680        379.3937865083244        7424.722719314750        38.56099096837103       -58.49986398023329    
    212.5000000000000       0.1808402718642716E-04    19.19400979996027        369.5388284268171        7136.462686855226        38.56689641499763       -57.49986887580531    
    213.5000000000000       0.1721315162958916E-04    18.94791722196397        360.0944831555152        6863.812769587608        38.57248688977566       -56.49987351026851    
    214.5000000000000       0.1639872157819594E-04    18.70908781403335        351.0457853605891        6605.937190315571        38.57779008373539       -55.49987790657855    
    215.5000000000000       0.1563680412093156E-04    18.47734696779787        342.3756988021930        6361.967269735014        38.58283057978483       -54.49988208511456    
    216.5000000000000       0.1492368125111849E-04    18.25254876579874        334.0689716300710        6131.119781114831        38.58763027877672       -53.49988606403215    
    217.5000000000000       0.1425590087693800E-04    18.03453895198106        326.1105675853756        5912.645480224061        38.59220875742077       -52.49988985956026    
    218.5000000000000       0.1363028709921512E-04    17.82316789290796        318.4861685154445        5705.842483723682        38.59658357043308       -51.49989348625167    
    219.5000000000000       0.1304394544399909E-04    17.61828669307117        311.1820015541309        5510.049401806635        38.60077050680530       -50.49989695719528    
    220.5000000000000       0.1249416135381208E-04    17.41975370545663        304.1850722789641        5324.650312929277        38.60478380812404       -49.49990028419725    
    221.5000000000000       0.1197846918928400E-04    17.22742833906012        297.4828755471103        5149.063944175048        38.60863635534232       -48.49990347793582    
    222.5000000000000       0.1149451021522058E-04    17.04116186308781        291.0630691741591        4982.734036885583        38.61233982919966       -47.49990654809422    
    223.5000000000000       0.1104021722605472E-04    16.86083227704988        284.9147137806015        4825.161464228496        38.61590484853224       -46.49990950347534    
    224.5000000000000       0.1061358428722821E-04    16.68630123495765        279.0266674582550        4675.858463156400        38.61934108995150       -45.49991235210108    
    225.5000000000000       0.1021276820501941E-04    16.51743407687423        273.3883229810508        4534.368235717868        38.62265739175874       -44.49991510129826    
    226.5000000000000       0.9836092766242366E-05    16.35410946245565        267.9899154103854        4400.271505389904        38.62586184446912       -43.49991775777386    
    227.5000000000000       0.9481966989663972E-05    16.19619605537575        262.8216643338601        4273.162159024451        38.62896186991972       -42.49992032768052    
    228.5000000000000       0.9148951636406149E-05    16.04357638694662        257.8746169495532        4152.669056956776        38.63196429060999       -41.49992281667404    
    229.5000000000000       0.8835669462478696E-05    15.89612596950670        253.1398892476408        4038.434760846966        38.63487539065676       -40.49992522996387    
    230.5000000000000       0.8540905668582454E-05    15.75373459029824        248.6093776307811        3930.132914923034        38.63770096952728       -39.49992757235774    
    231.5000000000000       0.8263478760296311E-05    15.61628479733370        244.2750265203222        3827.449020754117        38.64044638953280       -38.49992984830095    
    232.5000000000000       0.8002302336972409E-05    15.48366377795261        240.1292012124756        3730.088755368678        38.64311661791577       -37.49993206191135    
    233.5000000000000       0.7756393518004443E-05    15.35576645705732        236.1647783210867        3637.779530423556        38.64571626423911       -36.49993421701013    
    234.5000000000000       0.7524820396033515E-05    15.23248428236310        232.3747596240653        3550.260149279562        38.64824961368214       -35.49993631714973    
    235.5000000000000       0.7306725698580264E-05    15.11371517938191        228.7525887550192        3467.288041999659        38.65072065676065       -34.49993836563828    
    236.5000000000000       0.7101329973148335E-05    14.99936295810207        225.2921109706867        3388.637473168737        38.65313311591552       -33.49994036556157    
    237.5000000000000       0.6907886031569137E-05    14.88933057564196        221.9873470456297        3314.093575602834        38.65549046935222       -32.49994231980305    
    238.5000000000000       0.6725711491500547E-05    14.78352650667997        218.8326884534704        3243.456583646304        38.65779597246180       -31.49994423106145    
    239.5000000000000       0.6554200186424254E-05    14.68186786787675        215.8229730184702        3176.542849847078        38.66005267710933       -30.49994610186667    
    240.5000000000000       0.6392759154304978E-05    14.58426950537821        212.9531397490352        3113.176438015174        38.66226344903789       -29.49994793459440    
    241.5000000000000       0.6240847203196696E-05    14.49065209065913        210.2184685264961        3053.194245901588        38.66443098360446       -28.49994973147913    
    242.5000000000000       0.6097972550845512E-05    14.40094331854756        207.6146093094581        2996.446328791827        38.66655782003622       -27.49995149462578    
    243.5000000000000       0.5963680605788179E-05    14.31507700596666        205.1375443790772        2942.794639411310        38.66864635437202       -26.49995322602068    
    244.5000000000000       0.5837534241876911E-05    14.23298492484546        202.7833229595483        2892.106419914466        38.67069885123374       -25.49995492754124    
    245.5000000000000       0.5719121739278740E-05    14.15459982405769        200.5481522124704        2844.256135949322        38.67271745455461       -24.49995660096467    
    246.5000000000000       0.5608068398756826E-05    14.07985927949285        198.4285047273457        2799.127597353994        38.67470419737631       -23.49995824797639    
    247.5000000000000       0.5504018091911721E-05    14.00870141392659        196.4209845308438        2756.610705640919        38.67666101081372       -22.49995987017734    
    248.5000000000000       0.5406634498272903E-05    13.94106398835175        194.5222964452246        2716.600589163855        38.67858973227472       -21.49996146909061    
    249.5000000000000       0.5315626022079982E-05    13.87689297560410        192.7294902077123        2679.002725201364        38.68049211301248       -20.49996304616803    
    250.5000000000000       0.5230717860904920E-05    13.81613498956395        191.0397313667900        2643.727655118482        38.68236982507940       -19.49996460279579    
    251.5000000000000       0.5151655830768609E-05    13.75873886552392        189.4503432915535        2610.691740714885        38.68422446774364       -18.49996614029956    
    252.5000000000000       0.5078207014332863E-05    13.70465785065159        187.9588667030785        2579.818306988970        38.68605757342362       -17.49996765994976    
    253.5000000000000       0.5010147795011548E-05    13.65384514182224        186.5629255552363        2551.034556263532        38.68787061318906       -16.49996916296595    
    254.5000000000000       0.4947277098385499E-05    13.60625782981257        185.2603352985427        2524.273737951811        38.68966500187287       -15.49997065052093    
    255.5000000000000       0.4889415664821539E-05    13.56185766377057        184.0491220924042        2499.475456057050        38.69144210283356       -14.49997212374495    
    256.5000000000000       0.4836400761282408E-05    13.52060863212956        182.9274481774260        2476.583903225104        38.69320323240363       -13.49997358372933    
    257.5000000000000       0.4788094332408333E-05    13.48247929501747        181.8936744778075        2455.549077340205        38.69494966405667       -12.49997503152965    
    258.5000000000000       0.4744365654475216E-05    13.44744063580479        180.9462975410156        2436.325358304835        38.69668263232212       -11.49997646816940    
    259.5000000000000       0.4705094651351439E-05    13.41546518211428        180.0839221821223        2418.870841278275        38.69840333647492       -10.49997789464281    
    260.5000000000000       0.4670175295758913E-05    13.38652786756240        179.3052818708822        2403.147655310684        38.70011294402402       -9.499979311917668    
    261.5000000000000       0.4639508066985577E-05    13.36060483998467        178.6092026130416        2389.121120235464        38.70181259402251       -8.499980720938291    
    262.5000000000000       0.4613002463238567E-05    13.33767335085535        177.9945977304790        2376.759569774691        38.70350340021989       -7.499982122628028    
    263.5000000000000       0.4590586362706299E-05    13.31771374895570        177.4605232283836        2366.035486960323        38.70518645407581       -6.499983517891603    
    264.5000000000000       0.4572202387795907E-05    13.30071127393021        177.0062261744414        2356.926466389710        38.70686282765282       -5.499984907617810    
    265.5000000000000       0.4557796686460608E-05    13.28665074964188        176.6309948840136        2349.412023800794        38.70853357640516       -4.499986292681679    
    266.5000000000000       0.4547322561899300E-05    13.27551921737306        176.3342302855792        2343.475034979789        38.71019974187907       -3.499987673946555    
    267.5000000000000       0.4540754769622703E-05    13.26731017235015        176.1155636158833        2339.104181222460        38.71186235433963       -2.499989052266582    
    268.5000000000000       0.4538069043944274E-05    13.26201682194913        175.9746677371108        2336.289976698312        38.71352243533844       -1.499990428488688    
    269.5000000000000       0.4539262565048621E-05    13.25963739670723        175.9114047508655        2335.027843180770        38.71518100023561      -0.4999918034545142    
    270.5000000000000       0.4544332041620364E-05    13.26016919625564        175.9256593215961        2335.314603258760        38.71683906068971       0.5000068219972159    
    271.5000000000000       0.4553293044456948E-05    13.26361379432283        176.0174840741193        2337.151527970171        38.71849762712836        1.500005447028796    
    272.5000000000000       0.4566162832064083E-05    13.26997267242354        176.1869776771917        2340.541781339082        38.72015771121247        2.500004070801650    
    273.5000000000000       0.4582979051100754E-05    13.27925020815288        176.4343689393925        2345.492199266047        38.72182032830694        3.500002692473976    
    274.5000000000000       0.4603787608654676E-05    13.29145454478029        176.7600399367776        2352.013755460810        38.72348649997043        4.500001311198838    
    275.5000000000000       0.4628644624564977E-05    13.30659576114000        177.1644775301829        2360.120605501887        38.72515725647761        5.499999926122228    
    276.5000000000000       0.4657611703419032E-05    13.32468447052199        177.6482336140728        2369.829248945939        38.72683363938669        6.499998536380622    
    277.5000000000000       0.4690784569817117E-05    13.34573795964797        178.2120983021005        2381.162206929131        38.72851670416642        7.499997141098975    
    278.5000000000000       0.4728266569083991E-05    13.36977414923175        178.8569332361687        2394.144582560902        38.73020752289639        8.499995739388615    
    279.5000000000000       0.4770160380504479E-05    13.39681070311078        179.5836470790091        2408.803569318281        38.73190718705591        9.499994330344631    
    280.5000000000000       0.4816584571755761E-05    13.42686899281084        180.3933085381626        2425.170887851832        38.73361681041687        10.49999291304364    
    281.5000000000000       0.4867674498036637E-05    13.45997310874495        181.2871211993066        2443.282330463473        38.73533753205748        11.49999148654142    
    282.5000000000000       0.4923591179829384E-05    13.49615296258558        182.2665123303651        2463.179692413568        38.73707051951472        12.49999004987001    
    283.5000000000000       0.4984498681659808E-05    13.53543879346869        183.3329811026508        2484.907653302048        38.73881697209453        13.49998860203512    
    284.5000000000000       0.5050564135433354E-05    13.57786025129280        184.4880747451440        2508.513343287791        38.74057812436056        14.49998714201336    
    285.5000000000000       0.5121982248363231E-05    13.62345121285877        185.7335271222429        2534.049370850087        38.74235524982374        15.49998566874891    
    286.5000000000000       0.5198981411532534E-05    13.67225140436416        187.0713101059360        2561.575067917656        38.74414966485740        16.49998418115042    
    287.5000000000000       0.5281802879968920E-05    13.72430146631198        188.5034954945643        2591.153632379663        38.74596273286443        17.49998267808769    
    288.5000000000000       0.5370690615623735E-05    13.77964301911759        190.0322621415515        2622.852443554142        38.74779586872595        18.49998115838771    
    289.5000000000000       0.5465916802857062E-05    13.83831948959410        191.6599221312258        2656.743727908217        38.74965054356384        19.49997962083082    
    290.5000000000000       0.5567788899635789E-05    13.90038135057221        193.3890774336229        2692.908133023376        38.75152828985286        20.49997806414667    
    291.5000000000000       0.5676629422820275E-05    13.96587711009804        195.2223619222589        2731.429242489628        38.75343070692210        21.49997648700932    
    292.5000000000000       0.5792797616741372E-05    14.03486229989190        197.1627100033870        2772.399672840028        38.75535946688947        22.49997488803250    
    293.5000000000000       0.5916657446162405E-05    14.10739234419124        199.2131550297711        2815.916877611681        38.75731632107889        23.49997326576440    
    294.5000000000000       0.6048612527129675E-05    14.18352559937916        201.3769218067108        2862.085346657265        38.75930310697428        24.49997161868164    
    295.5000000000000       0.6189103673277638E-05    14.26332627815677        203.6575181313354        2911.018840548517        38.76132175577236        25.49996994518317    
    296.5000000000000       0.6338597468245286E-05    14.34685944090349        206.0585973096634        2962.837683625928        38.76337430060285        26.49996824358356    
    297.5000000000000       0.6497586628705699E-05    14.43419302628520        208.5840242382933        3017.670482483357        38.76546288549365        27.49996651210531    
    298.5000000000000       0.6666624254602642E-05    14.52540050973039        211.2379609786200        3075.656313371855        38.76758977516850        28.49996474887082    
    299.5000000000000       0.6846328407509046E-05    14.62055816466780        214.0247936070635        3136.943418013894        38.76975736577572        29.49996295189373    
    300.5000000000000       0.7037359421924792E-05    14.71974691577809        216.9491996525284        3201.691147185600        38.77196819666034        30.49996111906881    
    301.5000000000000       0.7240404719442680E-05    14.82304637434294        220.0159745051549        3270.066344511875        38.77422496330614        31.49995924816136    
    302.5000000000000       0.7456219185949476E-05    14.93054142150435        223.2302440737176        3342.248684454577        38.77653053159278        32.49995733679556    
    303.5000000000000       0.7685631248618651E-05    15.04232061882403        226.5974233044551        3418.430085667915        38.77888795353242        33.49995538244116    
    304.5000000000000       0.7929505263608993E-05    15.15847275493102        230.1231221255632        3498.813055890230        38.78130048467470        34.49995338239918    
    305.5000000000000       0.8188782587543358E-05    15.27909208370970        233.8133222429290        3583.615403779800        38.78377160339623        35.49995133378601    
    306.5000000000000       0.8464495154586139E-05    15.40427490370454        237.6742679388256        3673.067867536888        38.78630503232264        36.49994923351542    
    307.5000000000000       0.8757773125995392E-05    15.53412842201729        241.7127857018789        3767.422966805008        38.78890476216945        37.49994707827896    
    308.5000000000000       0.9069773863146383E-05    15.66874454085196        245.9354382107087        3866.934813151104        38.79157507833206        38.49994486452398    
    309.5000000000000       0.9401879086859024E-05    15.80824349749483        250.3499528293350        3971.894583132967        38.79432059060742        39.49994258842874    
    310.5000000000000       0.9755416383080029E-05    15.95273176071918        254.9638781671957        4082.598736837226        38.79714626649177        40.49994024587500    
    311.5000000000000       0.1013186171101663E-04    16.10231813195741        259.7850924054683        4199.361443729916        38.80005746857196        41.49993783241712    
    312.5000000000000       0.1053300534981921E-04    16.25714305230054        264.8228382105938        4322.542418589117        38.80305999661490        42.49993534324681    
    313.5000000000000       0.1096039451138666E-04    16.41730040187135        270.0851066840100        4452.481678411667        38.80616013506370        43.49993277315402    
    314.5000000000000       0.1141629367106092E-04    16.58295751761082        275.5826869041601        4589.602740900898        38.80936470677365        44.49993011648248    
    315.5000000000000       0.1190250564254261E-04    16.75420321038757        281.3240560143980        4734.284184129043        38.81268113397057        45.49992736707886    
    316.5000000000000       0.1242158414960171E-04    16.93120224331200        287.3206478252454        4886.995273074179        38.81611750759505        46.49992451823545    
    317.5000000000000       0.1297581353879669E-04    17.11406545443061        293.5824358276635        5048.183894697414        38.81968266641468        47.49992156262471    
    318.5000000000000       0.1356811444805294E-04    17.30295543020896        300.1215810757690        5218.371915467262        38.82338628755326        48.49991849222393    
    319.5000000000000       0.1420127445176329E-04    17.49798953803233        306.9490957165921        5398.069837562977        38.82723899041080        49.49991529822920    
    320.5000000000000       0.1487860378339966E-04    17.69932348587745        314.0777937546608        5587.856023943223        38.83125245634894        50.49991197095636    
    321.5000000000000       0.1560359991163095E-04    17.90710002750420        321.5204830567417        5788.329825311694        38.83543956700847        51.49990849972605    
    322.5000000000000       0.1638007016523696E-04    18.12146703096965        329.2906448808929        6000.131812591519        38.83981456473840        52.49990487273078    
    323.5000000000000       0.1721210384858671E-04    18.34257347988353        337.4023471317253        6223.944259418125        38.84439323937760        53.49990107688036    
    324.5000000000000       0.1810428701581236E-04    18.57057532665666        345.8704060417648        6460.495421803768        38.84919314658619        54.49989709762044    
    325.5000000000000       0.1906158685029435E-04    18.80562974528888        354.7102769878357        6710.560673033206        38.85423386412894        55.49989291872030    
    326.5000000000000       0.2008928753400363E-04    19.04788454370407        363.9376363757878        6974.951742427898        38.85953729404132        56.49988852202245    
    327.5000000000000       0.2119342687265796E-04    19.29751413272487        373.5697898799233        7254.559640108575        38.86512802056146        57.49988388714560    
    328.5000000000000       0.2238035353967192E-04    19.55466018589147        383.6234421010666        7550.293544406185        38.87103373622082        58.49987899113162    
    329.5000000000000       0.2365730614862758E-04    19.81951403228300        394.1178780170575        7863.174848968236        38.87728575173708        59.49987380802280    
    330.5000000000000       0.2503182156062028E-04    20.09220279974762        405.0705648889122        8194.211670676992        38.88391960959453        60.49986830835305    
    331.5000000000000       0.2651287979430741E-04    20.37292533203449        416.5025411930565        8544.561459851178        38.89097582677930        61.49986245853216    
    332.5000000000000       0.2810930465814800E-04    20.66181130093289        428.4327923731435        8915.364579537383        38.89850079954502        62.49985622009599    
    333.5000000000000       0.2983184943216589E-04    20.95904956498011        440.8835274448922        9307.910012175569        38.90654791300858        63.49984954878607    
    334.5000000000000       0.3169185470181553E-04    21.26480555498843        453.8768382656834        9723.536452486896        38.91517891180292        64.49984239341363    
    335.5000000000000       0.3370143899925899E-04    21.57918077246807        467.4326489009415        10163.55823734983        38.92446560637248        65.49983469444497    
    336.5000000000000       0.3587537870487468E-04    21.90243389630857        481.5789316628752        10629.62337257588        38.93449201488691        66.49982638222549    
    337.5000000000000       0.3822734594698622E-04    22.23460831930819        496.3346689436332        11123.12951155534        38.94535707629385        67.49981737473060    
    338.5000000000000       0.4077516123123829E-04    22.57587023073455        511.7250756312906        11645.74247765339        38.95717812045510        68.49980757468887    
    339.5000000000000       0.4353810613889998E-04    22.92648969548172        527.7818665288493        12199.45106614337        38.97009535387079        69.49979686586281    
    340.5000000000000       0.4653315601676095E-04    23.28625595037042        544.5135973257227        12785.43977074411        38.98427772554226        70.49978510818596    
    341.5000000000000       0.4978761632775833E-04    23.65574539750937        561.9689193482830        13406.46874204876        38.99993069515831        71.49977213132270    
    342.5000000000000       0.5332242345215378E-04    24.03464210275611        580.1526482561021        14063.71738449661        39.01730666448438        72.49975772601954    
    343.5000000000000       0.5716755774396636E-04    24.42338349712026        599.1087149946914        14759.93906308076        39.03671920171642        73.49974163231251    
    344.5000000000000       0.6135307104957544E-04    24.82181861557086        618.8517062100470        15496.83294846332        39.05856277161072        74.49972352316939    
    345.5000000000000       0.6591340074078812E-04    25.23024590242861        639.4204286563441        16277.13116991766        39.08334062910365        75.49970298136365    
    346.5000000000000       0.7088763934959595E-04    25.64860381358685        660.8356245504182        17102.93880261747        39.11170510889373        76.49967946607093    
    347.5000000000000       0.7631773362018689E-04    26.07703524419303        683.1299448061890        17976.93789108606        39.14451725187769        77.49965226343367    
    348.5000000000000       0.8225174722500073E-04    26.51559402358661        706.3318629677270        18901.72738293565        39.18293753702857        78.49962041133472    
    349.5000000000000       0.8874347028916436E-04    26.96431320855799        730.4696991149148        19880.00577318091        39.22856845220677        79.49958258119050    
    350.5000000000000       0.9585554152191065E-04    27.42329699832643        755.5763936592385        20914.76148556851        39.28368709336562        80.49953688509703    
    351.5000000000000       0.1036541738281786E-03    27.89254047901995        781.6797710241319        22008.88237654384        39.35164191509545        81.49948054686541    
    352.5000000000000       0.1122172016660650E-03    28.37207549573292        808.8103462229867        23165.47413691372        39.43756679383476        82.49940930994174    
    353.5000000000000       0.1216333703369255E-03    28.86195417104929        837.0006201019263        24387.84477884843        39.54975399176596        83.49931629893601    
    354.5000000000000       0.1320017998026075E-03    29.36224197274409        866.2848415242263        25679.50726217710        39.70252418622285        84.49918963962584    
    355.5000000000000       0.1434393313285945E-03    29.87290402496044        896.6919760315650        27043.85864045166        39.92292063200452        85.49900690723058    
    356.5000000000000       0.1560775564187502E-03    30.39403366411192        928.2594184133319        28484.80373473138        40.26886723445789        86.49872006477135    
    357.5000000000000       0.1700631500641560E-03    30.92552102074749        961.0127735229646        30005.83056823606        40.89082787687522        87.49820430205710    
    358.5000000000000       0.1855715468537993E-03    31.46740006476185        994.9871956385798        31611.00699091609        42.33909677118456        88.49700285661599    
    359.5000000000000       0.2028021122892763E-03    32.01962654221050        1030.215309679800        33304.51807891990        49.47391330601513        89.49106257520705    
