 # author: MA Kubiak / Space Research Center PAS Warsaw Poland, contact: mkubiak@cbk.waw.pl                          
 # code version Program.keplerV_ellipt_V2      , Dates: calkV:20/04/2026  ; part_pr:20/04/2026                       
 # czas no T v_mas, kier.naplywu(dl, szer) macierz obrotu (ecl to helio), r, theta, phi(ecl,spher), V_detector(ecl,cart), IBEX_energy_channel
 #     2026.169706000000        0.1419110000000000E-01     7443.000000000000        -25.78400000689422         255.7450000000000         5.169000000000000        0.2459841265748581        0.9692738567985851         0.000000000000000       -0.9615244635393438        0.2440174711049008        0.1261989691358298        0.1223213615382913       -0.3104294319752456E-01    0.9920049496797150        0.9815180000000000         162.9097600000000        0.3948200000000001E-01    -9.119999999999999        -28.33699999999999        0.2199999999999999E-01 00
 # routs_end= 150.00;    Maxwellian,    elliptOrb=Off                                                                                        
 # Numerical parameters: GridKl=10  GridKf=09  GridKV=05  epsV= 0.0000100  epssJon=.0010000                                                  
 # Numerical parameters: GridKl=10  GridKf=09  GridKV=05  epsV= 0.0000100  epssJon=.0010000; tessel128                                                                                                                                                                                                                                                                                                                                                                                                                                                                 
# Axis to the Sun: alpha_ecl= 338.9510000000000000 delta_Ecl= 0.0860000000000000 delta_Ax= 90.0000000000000000  repoint= 00174
 #  flag_atom: He                                                   
 #  flag_general:                                                   
 #                                                                  
 #                                                                  
  # Ly_a_Profil: zero                                               
  # flag_Itot: zero                                                 
 #  v_SW_Eqtr: speed3D.hybrid2026c_patched.dat                      
 #  n_SW_Eqtr: density3D.hybrid2026c_patched.dat                    
 #  phot_Eqtr: 0.8500000  phion_Helium_T12F107_2026c.dat            
 #  sigma_SW: p+He->H +He+, He + alpha (2 chnls);src:simuLosses.nb  
 #  flag_el:slow  swEqtrElectrons5.2026c.patched.dat                
 #  SW_lati: interpolation                                          
 #  phot_lati: analit pole-flattened after Pryor & Auchere          
 #
 #
 #
 #Spin  flux speed	speed^2 speed^3    long_ecl lat_ecl
   0.5000000000000000       0.1194506968414560E-05    31.57380793866936        1001.548713006437        31916.02850063340        239.1918680688684        89.49265558687513    
    1.500000000000000       0.1273989867536250E-05    32.11551803780343        1036.199151223012        33585.96698940431        245.6703860927645        88.49753474711281    
    2.500000000000000       0.1359364747370501E-05    32.66573238382366        1071.991529976240        35340.22397848913        246.9820548347061        87.49851967108160    
    3.500000000000000       0.1450956041006144E-05    33.22440027753530        1108.950512940927        37182.36416603976        247.5451975957906        86.49894239756006    
    4.500000000000000       0.1549444422901123E-05    33.79119609983661        1147.081842506539        39115.06542790813        247.8584016985382        85.49917748271838    
    5.500000000000000       0.1655449492416222E-05    34.36608606725538        1186.410380137476        41142.03514042221        248.0579309283361        84.49932723902012    
    6.500000000000000       0.1769592602377391E-05    34.94902221771301        1226.960372886346        43267.05971468527        248.1962340163158        83.49943103970753    
    7.500000000000000       0.1892858034432809E-05    35.53968929553540        1268.737343976130        45493.03448559267        248.2977960516748        82.49950726404150    
    8.500000000000000       0.2026119482053043E-05    36.13818825881112        1311.776872866868        47824.58689469756        248.3755824608506        81.49956564376265    
    9.500000000000000       0.2170595172048442E-05    36.74443594653101        1356.100701949433        50265.66390737787        248.4371005498083        80.49961181360791    
    10.50000000000000       0.2327452372590571E-05    37.35831689908854        1401.727838599504        52820.13488775739        248.4869981288414        79.49964926199469    
    11.50000000000000       0.2498297533462494E-05    37.97965074678088        1448.672454492652        55491.69819986614        248.5283065872198        78.49968026409933    
    12.50000000000000       0.2684830101724667E-05    38.60830732648376        1496.951835728314        58284.29115326101        248.5630873829122        77.49970636710937    
    13.50000000000000       0.2889119898578914E-05    39.24408227798125        1546.576471458620        61201.49201859772        248.5927912398973        76.49972865982849    
    14.50000000000000       0.3113595491228193E-05    39.88674123050004        1597.554268506112        64246.80912403620        248.6184687279953        75.49974793072973    
    15.50000000000000       0.3361104278765017E-05    40.53611229334086        1649.896919770317        67424.00498995725        248.6408993353974        74.49976476483101    
    16.50000000000000       0.3634964637573948E-05    41.19197008145354        1703.611949444887        70736.69802897668        248.6606736094633        73.49977960534554    
    17.50000000000000       0.3939352620871005E-05    41.85424133111623        1758.718946729741        74189.32857107650        248.6782471369285        72.49979279419561    
    18.50000000000000       0.4279214593289705E-05    42.52295803187366        1815.247049238801        77787.08837740085        248.6939770181012        71.49980459938780    
    19.50000000000000       0.4660575255698338E-05    43.19808282717066        1873.219488294651        81534.89435353350        248.7081471188556        70.49981523396514    
    20.50000000000000       0.5090928784916683E-05    43.87969446228652        1932.669592497468        85438.43004544220        248.7209859321705        69.49982486941258    
    21.50000000000000       0.5579322631471505E-05    44.56792086312093        1993.635876492722        89503.88975430174        248.7326794552846        68.49983364532173    
    22.50000000000000       0.6137206748739860E-05    45.26303407904640        2056.171273540807        93738.65779852978        248.7433806330930        67.49984167647800    
    23.50000000000000       0.6779156433833693E-05    45.96548760189253        2120.347423551761        98151.67042858446        248.7532163905635        66.49984905813876    
    24.50000000000000       0.7523703291002705E-05    46.67576596064883        2186.241673864725        102752.5889471262        248.7622929429981        65.49985587001864    
    25.50000000000000       0.8395165804988448E-05    47.39464956136353        2253.963326387303        107553.7731155642        248.7706998568712        64.49986217933720    
    26.50000000000000       0.9425188385268870E-05    48.12312680526649        2323.646870963894        112569.9327916862        248.7785131912707        63.49986804317675    
    27.50000000000000       0.1065608472643558E-04    48.86241955435636        2395.456606164404        117818.6590565434        248.7857979539641        62.49987351032551    
    28.50000000000000       0.1214519124020830E-04    49.61421068049562        2469.611483402009        123322.4891600185        248.7926100404221        61.49987862273289    
    29.50000000000000       0.1397166753740898E-04    50.38059139498338        2546.383164236194        129109.0682882285        248.7989977784861        60.49988341666884    
    30.50000000000000       0.1624710148596183E-04    51.16422393253962        2626.116458452534        135213.0859793700        248.8050031691848        59.49988792365501    
    31.50000000000000       0.1913201675940043E-04    51.96830428490816        2709.230263439704        141676.8150619271        248.8106628912222        58.49989217121862    
    32.50000000000000       0.2286263654772642E-04    52.79665770376020        2796.232384640602        148551.7819588089        248.8160091200371        57.49989618350723    
    33.50000000000000       0.2779515218376649E-04    53.65363438558769        2887.713968258829        155898.9119076213        248.8210702001809        56.49989998179329    
    34.50000000000000       0.3448042077966129E-04    54.54377178402825        2984.316239015891        163786.2599458832        248.8258712007739        55.49990358489112    
    35.50000000000000       0.4379372623822670E-04    55.47125063327374        3086.671748827555        172284.4318755690        248.8304343770974        54.49990700950316    
    36.50000000000000       0.5716234290748766E-04    56.43896593583710        3195.296304521138        181457.3360111535        248.8347795563200        53.49991027050963    
    37.50000000000000       0.7697826724324308E-04    57.44723921290413        3310.429102880989        191347.5392540028        248.8389244615234        52.49991338121160    
    38.50000000000000       0.1073586732245150E-03    58.49257019193331        3431.864923412835        201959.7562840355        248.8428849852440        51.49991635353633    
    39.50000000000000       0.1555685493410898E-03    59.56664399621194        3558.801760448765        213244.2255492055        248.8466754214780        50.49991919821141    
    40.50000000000000       0.2347347895614691E-03    60.65627221844471        3689.789609319226        225087.9590764513        248.8503086633303        49.49992192491302    
    41.50000000000000       0.3691290934774816E-03    61.74566652386704        3822.971001790343        237333.1028962231        248.8537963721021        48.49992454239289    
    42.50000000000000       0.6045283410472745E-03    62.81845200258012        3956.304306575460        249794.7474723395        248.8571491225219        47.49992705858731    
    43.50000000000000       0.1028817649063857E-02    63.86070007034026        4087.946096565708        262296.5078798222        248.8603765279605        46.49992948071107    
    44.50000000000000       0.1813295045873188E-02    64.86243498455565        4216.461533964699        274691.6864272620        248.8634873487776        45.49993181533873    
    45.50000000000000       0.3295445087889032E-02    65.81663433001091        4340.716426654742        286854.0704879557        248.8664895863976        44.49993406847532    
    46.50000000000000       0.6147055755519758E-02    66.72110973120415        4460.175497021114        298711.9738201280        248.8693905652630        43.49993624561778    
    47.50000000000000       0.1171394200919598E-01    67.57679906454067        4574.714858187827        310233.2018638136        248.8721970044513        42.49993835180874    
    48.50000000000000       0.2270187516398880E-01    68.38625678229319        4684.441360981274        321409.0020141529        248.8749150804509        41.49994039168361    
    49.50000000000000       0.4455674898805563E-01    69.15276301680761        4789.585346449927        332244.6312893304        248.8775504823440        40.49994236951198    
    50.50000000000000       0.8821516591310791E-01    69.87936035899646        4890.370928833693        342746.3991481710        248.8801084604524        39.49994428923422    
    51.50000000000000       0.1755646750982172        70.56892448358629        4987.021967656798        352922.0238235894        248.8825938693339        38.49994615449362    
    52.50000000000000       0.3500954761625485        71.22345787813158        5079.659477856961        362769.6433994076        248.8850112058846        37.49994796866506    
    53.50000000000000       0.6973786465061860        71.84477977444809        5168.401851720807        372288.9615400049        248.8873646431880        36.49994973488040    
    54.50000000000000        1.383888448827341        72.43485480678925        5253.408103762620        381485.6361192936        248.8896580606579        35.49995145605111    
    55.50000000000000        2.728960082891683        72.99523654365021        5334.791525674212        390361.3604637432        248.8918950709453        34.49995313488848    
    56.50000000000000        5.335473181276510        73.52711458512793        5412.623039289277        398913.9216852192        248.8940790440084        33.49995477392161    
    57.50000000000000        10.32150958930488        74.03151476063542        5486.960341749280        407140.4897604592        248.8962131286956        32.49995637551368    
    58.50000000000000        19.71882819652868        74.50939315593594        5557.861130839942        415039.0874681778        248.8983002721377        31.49995794187649    
    59.50000000000000        37.13659921366801        74.96143878463617        5625.351156447024        422604.7799777475        248.9003432372106        30.49995947508357    
    60.50000000000000        68.83572468812781        75.38829420075099        5689.455214548269        429832.9719103088        248.9023446182906        29.49996097708194    
    61.50000000000000        125.4020241546209        75.79068806651264        5750.218620733373        436722.0484980159        248.9043068555009        28.49996244970293    
    62.50000000000000        224.2450533727369        76.16945369921633        5807.709440605532        443273.6078776644        248.9062322476177        27.49996389467172    
    63.50000000000000        393.1701401461723        76.52526462388839        5861.976298362904        449487.4347730196        248.9081229637865        26.49996531361623    
    64.50000000000000        675.1717195231449        76.85840591743172        5913.011442385969        455357.0515026639        248.9099810541786        25.49996670807511    
    65.50000000000000        1134.588342489680        77.16951252369826        5960.867548928966        460883.6293141104        248.9118084597036        24.49996807950496    
    66.50000000000000        1864.381708251450        77.45930212852092        6005.614511709115        466070.7575524597        248.9136070208792        23.49996942928710    
    67.50000000000000        2993.779139090420        77.72843394530699        6047.317713314218        470921.9534281552        248.9153784859466        22.49997075873355    
    68.50000000000000        4695.347866956579        77.97763090098145        6086.056340567633        475442.7359317383        248.9171245183121        21.49997206909268    
    69.50000000000000        7189.409547736934        78.20761790991899        6121.914074475070        479639.5875831798        248.9188467033844        20.49997336155430    
    70.50000000000000        10743.82631509650        78.41914473793206        6154.981660885486        483520.1454235886        248.9205465548700        19.49997463725446    
    71.50000000000000        15666.72251377109        78.61304200466174        6185.366318580854        487094.3980496538        248.9222255205820        18.49997589727970    
    72.50000000000000        22288.95303566152        78.79019727634783        6213.187673169507        490374.1773445469        248.9238849878130        17.49997714267116    
    73.50000000000000        30937.02619975618        78.95145619653967        6238.561490587855        493371.1582129741        248.9255262883146        16.49997837442832    
    74.50000000000000        41893.98065560382        79.09773850761798        6261.618207546441        496099.0877910525        248.9271507029260        15.49997959351240    
    75.50000000000000        55353.94369934480        79.22996450051501        6282.490884052941        498572.3124734433        248.9287594658847        14.49998080084970    
    76.50000000000000        71371.29139401218        79.34905174615970        6301.314438296469        500805.6594831197        248.9303537688541        13.49998199733455    
    77.50000000000000        89814.65414441439        79.45591358770587        6318.225228934934        502814.3715016764        248.9319347646959        12.49998318383212    
    78.50000000000000        110333.2337175775        79.55145039612525        6333.359226929999        504613.8382733869        248.9335035710140        11.49998436118117    
    79.50000000000000        132337.0126539504        79.63649573801540        6346.843332807790        506218.5461399996        248.9350612734948        10.49998553019650    
    80.50000000000000        155012.8958296258        79.71183584613328        6358.797976592323        507642.3316657395        248.9366089290654        9.499986691671287    
    81.50000000000000        177357.1558507891        79.77819381814594        6369.334622480233        508898.0867111758        248.9381475688900        8.499987846379414    
    82.50000000000000        198244.8662362663        79.83618349623261        6378.548154320309        509996.8167376068        248.9396782012240        7.499988995077562    
    83.50000000000000        216523.5543587036        79.88638563350686        6386.528690856056        510949.0158676108        248.9412018141421        6.499990138507237    
    84.50000000000000        231106.0606465267        79.92922825510591        6393.342624153999        511762.4123348131        248.9427193781571        5.499991277396800    
    85.50000000000000        241082.9785606764        79.96508647806401        6399.048272786955        512443.8102250192        248.9442318487442        4.499992412463321    
    86.50000000000000        245813.7030020165        79.99425727922083        6403.691758105741        512998.5844637442        248.9457401687863        3.499993544414389    
    87.50000000000000        244983.0372783662        80.01685869468967        6407.291016547142        513428.7781878954        248.9472452709514        2.499994673949957    
    88.50000000000000        238645.6361317086        80.03299578420621        6409.862075176621        513736.2241308970        248.9487480800170        1.499995801764060    
    89.50000000000000        227216.8859591322        80.04261283829722        6411.395371086850        513919.6974891802        248.9502495151540       0.4999969285464831    
    90.50000000000000        211422.0590319159        80.04550872639085        6411.858415117841        513975.2607585122        248.9517504921796      -0.5000019450154650    
    91.50000000000000        192233.5867273540        80.04146640776928        6411.216308823228        513898.7028389772        248.9532519257948       -1.500000818235316    
    92.50000000000000        170769.3905013670        80.03007819362067        6409.403799253499        513682.1848260012        248.9547547318148       -2.499999690425806    
    93.50000000000000        148186.1903517511        80.01086518468829        6406.344666891528        513316.6016510281        248.9562598294054       -3.499998560897113    
    94.50000000000000        125584.5699735020        79.98329222888441        6401.953924071525        512791.8222292486        248.9577681433375       -4.499997428955218    
    95.50000000000000        103921.3177909487        79.94667567199518        6396.123311624625        512094.9781981495        248.9592806062696       -5.499996293900216    
    96.50000000000000        83950.33502969224        79.90030597502496        6388.741107589046        511212.8654814311        248.9607981610727       -6.499995155024501    
    97.50000000000000        66192.24415406430        79.84343407192515        6379.689968961974        510131.6878509981        248.9623217632081       -7.499994011611034    
    98.50000000000000        50931.65241186188        79.77523258031178        6368.841063012847        508836.3917553810        248.9638523831719       -8.499992862931482    
    99.50000000000000        38239.16911489511        79.69487244993763        6356.066484007082        507312.1749165894        248.9653910090192       -9.499991708244368    
    100.5000000000000        28011.38735452302        79.60153350248596        6341.241117418046        505544.7309132076        248.9669386489838       -10.49999054679304    
    101.5000000000000        20019.74365484048        79.49435546876678        6324.235054303978        503519.3655409710        248.9684963342052       -11.49998937780365    
    102.5000000000000        13960.43655748596        79.37250083360242        6304.923907387590        501222.2654337790        248.9700651215830       -12.49998820048307    
    103.5000000000000        9499.632112926975        79.23515184207234        6283.188525508465        498640.4842539638        248.9716460967733       -13.49998701401655    
    104.5000000000000        6309.203145628432        79.08153042544907        6258.918430680445        495762.3817423416        248.9732403773467       -14.49998581756536    
    105.5000000000000        4090.945502547645        78.91084986305306        6232.004271761521        492576.7344174515        248.9748491161280       -15.49998461026442    
    106.5000000000000        2590.715207766177        78.72232617060715        6202.339981199486        489073.0296616611        248.9764735047409       -16.49998339121941    
    107.5000000000000        1603.129996641277        78.51522699364713        6169.830759917849        485242.4376578248        248.9781147773793       -17.49998215950414    
    108.5000000000000        969.8969552133445        78.28884470298033        6134.388942025891        481077.3263842764        248.9797742148355       -18.49998091415744    
    109.5000000000000        574.1130175625470        78.04246030061122        6095.928650031488        476570.6593852023        248.9814531488099       -19.49997965417992    
    110.5000000000000        332.7555850705451        77.77529651753912        6054.358512753157        471715.1380425395        248.9831529665400       -20.49997837853051    
    111.5000000000000        189.0143707605075        77.48652963866384        6009.584175523682        466503.5624333166        248.9848751157795       -21.49997708612274    
    112.5000000000000        105.3299005549511        77.17543970844035        5961.532466460607        460931.7335155054        248.9866211101707       -22.49997577582072    
    113.5000000000000        57.65198686913779        76.84138933956916        5910.148321531421        454998.1034348891        248.9883925350532       -23.49997444643467    
    114.5000000000000        31.03513268876905        76.48365132359018        5855.367189424916        448700.4325449201        248.9901910537591       -24.49997309671639    
    115.5000000000000        16.45522307121545        76.10136125464695        5797.108592144325        442035.1260876221        248.9920184144497       -25.49997172535393    
    116.5000000000000        8.606409836504010        75.69343154557120        5735.264514104449        434996.0546366248        248.9938764575566       -26.49997033096616    
    117.5000000000000        4.447952764999163        75.25878204341079        5669.736121924258        427578.9066407727        248.9957671238969       -27.49996891209655    
    118.5000000000000        2.275936806014215        74.79659783610225        5600.474281129932        419785.9297020868        248.9976924635428       -28.49996746720665    
    119.5000000000000        1.155470356850905        74.30589400548600        5527.412141708617        411618.0327855971        248.9996546455329       -29.49996599466872    
    120.5000000000000       0.5834044458080625        73.78531727603911        5450.436421635050        403071.6113688843        249.0016559685283       -30.49996449275765    
    121.5000000000000       0.2936763623601484        73.23301602572073        5369.371174741245        394137.0225981821        249.0036988725288       -31.49996295964240    
    122.5000000000000       0.1477864166626778        72.64691988253381        5284.023510134174        384804.0844445789        249.0057859517776       -32.49996139337613    
    123.5000000000000       0.7457913766337852E-01    72.02520034388759        5194.254200878507        375070.0851096541        249.0079199690072       -33.49995979188547    
    124.5000000000000       0.3786956556238903E-01    71.36582089534592        5099.913698539368        364932.8418925977        249.0101038711939       -34.49995815295891    
    125.5000000000000       0.1942105300480208E-01    70.66623286631170        5000.797621292203        354385.6407869126        249.0123408070197       -35.49995647423355    
    126.5000000000000       0.1009964104898438E-01    69.92305547383849        4896.600664707964        343412.0868780211        249.0146341462631       -36.49995475318044    
    127.5000000000000       0.5348664414392830E-02    69.13348525531011        4787.127872468372        332009.7533220525        249.0169875013805       -37.49995298708868    
    128.5000000000000       0.2897976971998975E-02    68.29574432805887        4672.346682915028        320194.3222414797        249.0194047515761       -38.49995117304712    
    129.5000000000000       0.1614111300852224E-02    67.41019092496252        4552.529507693509        308013.1712058546        249.0218900697059       -39.49994930792420    
    130.5000000000000       0.9285019178028293E-03    66.48040446059915        4428.379105594938        295555.8666029773        249.0244479524194       -40.49994738834543    
    131.5000000000000       0.5538682048817485E-03    65.51366811923712        4301.061938768003        282954.4255266367        249.0270832540070       -41.49994541066790    
    132.5000000000000       0.3436579847950647E-03    64.52081227468867        4172.152842989307        270374.5940626490        249.0298012244999       -42.49994337095171    
    133.5000000000000       0.2221707981018471E-03    63.51575781521541        4043.550117760192        258005.4546191858        249.0326075526639       -43.49994126492773    
    134.5000000000000       0.1496806920923934E-03    62.51353475509238        3917.201390951159        246031.5576087193        249.0355084146427       -44.49993908796109    
    135.5000000000000       0.1049499408548897E-03    61.52796816360316        3794.809462281558        234605.3701283703        249.0385105291375       -45.49993683500969    
    136.5000000000000       0.7638451731934449E-04    60.56942717314143        3677.566314451124        223824.2579228130        249.0416212201791       -46.49993450057723    
    137.5000000000000       0.5750816694452055E-04    59.64366526373254        3566.038650610776        213722.9333895642        249.0448484887411       -47.49993207865939    
    138.5000000000000       0.4461474717681516E-04    58.75236475430728        3460.273115816191        204286.9748864002        249.0482010946884       -48.49992956268230    
    139.5000000000000       0.3552835318738328E-04    57.89415524963394        3359.947450861121        195469.1786669441        249.0516886508471       -49.49992694543200    
    140.5000000000000       0.2893684752474463E-04    57.06582331757588        3264.535124044417        187206.1166524121        249.0553217313459       -50.49992421897317    
    141.5000000000000       0.2402745565998814E-04    56.26336265559033        3173.439690573524        179430.8719811369        249.0591119968232       -51.49992137455499    
    142.5000000000000       0.2028302610389592E-04    55.48265372609073        3086.077144928111        172080.3795221267        249.0630723396497       -52.49991840250242    
    143.5000000000000       0.1736585630754907E-04    54.71991706726426        3001.927298717659        165099.6572128678        249.0672170530069       -53.49991529208914    
    144.5000000000000       0.1504972406075625E-04    53.97189888290598        2920.551210889445        158442.8471845744        249.0715620285239       -54.49991203138921    
    145.5000000000000       0.1317975320705165E-04    53.23591090277503        2841.591458901697        152072.7686040045        249.0761249882696       -55.49990860710309    
    146.5000000000000       0.1164727717497679E-04    52.50981253852807        2764.765478424059        145959.8778611244        249.0809257582789       -56.49990500435232    
    147.5000000000000       0.1037455202744965E-04    51.79190370087785        2689.850231790180        140080.6367167316        249.0859865925590       -57.49990120643628    
    148.5000000000000       0.9304799113039939E-05    51.08085999050378        2616.672072003534        134416.3788238007        249.0913325587948       -58.49989719454292    
    149.5000000000000       0.8395934446614451E-05    50.37566274045506        2545.096424119465        128952.2090844429        249.0969919999134       -59.49989294740219    
    150.5000000000000       0.7616224749894224E-05    49.67553439849470        2475.019175508356        123676.1480357277        249.1029970895092       -60.49988844086935    
    151.5000000000000       0.6941448244794137E-05    48.97997545006934        2406.368849452799        118579.1486504356        249.1093845041834       -61.49988364742031    
    152.5000000000000       0.6352759488358107E-05    48.28854413924039        2339.081862518959        113653.0038083927        249.1161962425558       -62.49987853553706    
    153.5000000000000       0.5835471611813241E-05    47.60101152057016        2273.117809582753        108891.4707340735        249.1234806296963       -63.49987306895386    
    154.5000000000000       0.5377852765651664E-05    46.91731037588973        2208.453772230692        104289.7925025298        249.1312935578701       -64.49986720572615    
    155.5000000000000       0.4970526551833647E-05    46.23746387516172        2145.075837605795        99843.95410399293        249.1397000311167       -65.49986089707131    
    156.5000000000000       0.4605817528055845E-05    45.56147851897703        2082.968081065055        95549.83107481018        249.1487761041637       -66.49985408591367    
    157.5000000000000       0.4277493687233008E-05    44.88934526187153        2022.113140264021        91403.26511826333        249.1586113383518       -67.49984670504136    
    158.5000000000000       0.3980517203475909E-05    44.22125130942658        1962.512322371642        87401.50523020735        249.1693119428978       -68.49983867474906    
    159.5000000000000       0.3710710821156658E-05    43.55738817863914        1904.166516578509        83541.78170000363        249.1810048355012       -69.49982989979029    
    160.5000000000000       0.3464579403660139E-05    42.89796996614275        1847.077932957862        79821.43184818950        249.1938429523038       -70.49982026539288    
    161.5000000000000       0.3239159440694623E-05    42.24322930739246        1791.249225008003        76237.81117861786        249.2080122799069       -71.49980963198148    
    162.5000000000000       0.3031991949708679E-05    41.59338459887432        1736.680766125264        72788.12941885406        249.2237412982319       -72.49979782809078    
    163.5000000000000       0.2841000409303673E-05    40.94858507007177        1683.365999002447        69469.15557913444        249.2413138569465       -73.49978464070233    
    164.5000000000000       0.2664355179436296E-05    40.30887546418468        1631.288822512114        66277.07832315571        249.2610870359938       -74.49976980184050    
    165.5000000000000       0.2500480647700154E-05    39.67436171727358        1580.437376282207        63208.37808420424        249.2835163961594       -75.49975296962232    
    166.5000000000000       0.2348093492091419E-05    39.04524739272745        1530.807740330764        60260.10235905791        249.3091924512156       -76.49973370088564    
    167.5000000000000       0.2206216441552640E-05    38.42170774442609        1482.392933169673        57429.14475648345        249.3388946450941       -77.49971141067985    
    168.5000000000000       0.2073777869670326E-05    37.80395080297587        1435.188180583980        54712.58637692791        249.3736734880825       -78.49968531062244    
    169.5000000000000       0.1950142128903747E-05    37.19230671420360        1389.196720564287        52107.96993536777        249.4149796221434       -79.49965431203471    
    170.5000000000000       0.1834434846164300E-05    36.58698306181751        1344.411537091959        49612.27924862115        249.4648743890290       -80.49961686790651    
    171.5000000000000       0.1726102009406874E-05    35.98828397012836        1300.831916748608        47222.88418833879        249.5263890076967       -81.49957070332175    
    172.5000000000000       0.1624598800945268E-05    35.39644088803058        1258.450883810980        44936.84042591841        249.6041710284198       -82.49951233026152    
    173.5000000000000       0.1529470973109073E-05    34.81170724715687        1217.261868779221        42751.24623664915        249.7057273394457       -83.49943611463054    
    174.5000000000000       0.1440134602653914E-05    34.23438268636755        1177.261277664237        40663.42860650457        249.8440226509553       -84.49933232579269    
    175.5000000000000       0.1356234531567310E-05    33.66462209149662        1138.434043874034        38670.12575894724        250.0435407129033       -85.49918258656322    
    176.5000000000000       0.1277446457459792E-05    33.10263209689022        1100.768519547143        36768.33252884872        250.3567274298745       -86.49894752811625    
    177.5000000000000       0.1203382688143323E-05    32.54864738090698        1064.254374329268        34955.16671065308        250.9198394233070       -87.49852484933113    
    178.5000000000000       0.1133795490373030E-05    32.00283643364077        1028.875846999541        33227.50940585679        252.2314391285747       -88.49754003458978    
    179.5000000000000       0.1068374550031588E-05    31.46554180551913        994.6282458512763        31582.85280149015        258.7096753273265       -89.49266137240838    
    180.5000000000000       0.1006792903544666E-05    30.93635281601876        961.4590717266282        30016.53795190134        59.19252646213236       -89.49265149945961    
    181.5000000000000       0.9488445363531854E-06    30.41609885228035        929.3948573057136        28527.67044773413        65.67059276016109       -88.49753003310349    
    182.5000000000000       0.8944120664494093E-06    29.90470571030153        898.4017923260801        27112.52049772171        66.98217848784988       -87.49851483734393    
    183.5000000000000       0.8432332367989817E-06    29.40219655023031        868.4547124855112        25767.93013255234        67.54528661999214       -86.49893751323005    
    184.5000000000000       0.7950784008290688E-06    28.90864901335361        839.5318151818128        24490.97858164949        67.85847174665726       -85.49917257048334    
    185.5000000000000       0.7498161969722180E-06    28.42427945984214        811.6191707475972        23279.16007626491        68.05798900330782       -84.49932230910838    
    186.5000000000000       0.7072486947365735E-06    27.94907282328026        784.6897319811937        22129.48452763207        68.19628385156604       -83.49942609759852    
    187.5000000000000       0.6672514013718239E-06    27.48324641641442        758.7295984628836        21039.59705997352        68.29783987191365       -82.49950231301136    
    188.5000000000000       0.6296695782576296E-06    27.02676825235197        733.7110850759884        20006.64122505614        68.37562169836033       -81.49956068592579    
    189.5000000000000       0.5943301702247593E-06    26.57959324500715        709.6061272092126        19027.82986391980        68.43713618080108       -80.49960685040830    
    190.5000000000000       0.5611349135737581E-06    26.14183395130796        686.3960838294887        18100.86445672111        68.48703084849267       -79.49964429446206    
    191.5000000000000       0.5299377183375090E-06    25.71348282097873        664.0559353967850        17223.25629572345        68.52833690809260       -78.49967529299391    
    192.5000000000000       0.5006388392092034E-06    25.29452762222566        642.5610591594369        16392.62058966581        68.56311569376608       -77.49970139300834    
    193.5000000000000       0.4731136102347819E-06    24.88494327917629        621.8867131950002        15606.64945198813        68.59281784258965       -76.49972368318031    
    194.5000000000000       0.4472617286172254E-06    24.48469614915373        602.0083723824284        14863.12567261180        68.61849386158877       -75.49974295188990    
    195.5000000000000       0.4229800860815793E-06    24.09377824772620        582.9033884164962        14159.97944167948        68.64092319245037       -74.49975978408611    
    196.5000000000000       0.4001824190988399E-06    23.71211083474955        564.5461578852888        13495.10332516358        68.66069634736048       -73.49977462292981    
    197.5000000000000       0.3787674681197979E-06    23.33961855194170        546.9120344005440        12866.50353088968        68.67826888595847       -72.49978781030315    
    198.5000000000000       0.3586611751160213E-06    22.97623156348450        529.9773451615056        12272.29357089942        68.69399788734222       -71.49979961418113    
    199.5000000000000       0.3397765485377500E-06    22.62187725444758        513.7189758481630        11710.67548761361        68.70816720054526       -70.49981024758175    
    200.5000000000000       0.3220471964961674E-06    22.27646068193005        498.1135235020284        11179.90933044680        68.72100530500565       -69.49981988196987    
    201.5000000000000       0.3053962123344549E-06    21.93987686883136        483.1378229032006        10678.32630338601        68.73269818695094       -68.49982865692063    
    202.5000000000000       0.2897548388187354E-06    21.61199702014940        468.7684291708104        10204.31239749474        68.74339878223053       -67.49983668720603    
    203.5000000000000       0.2750560082273073E-06    21.29268546488754        454.9824241322036        9756.333584110205        68.75323400831232       -66.49984406807222    
    204.5000000000000       0.2612446170526543E-06    20.98181458476942        441.7579285275419        9332.944983144182        68.76231007422759       -65.49985087922451    
    205.5000000000000       0.2482649400768933E-06    20.67926147705642        429.0741043903360        8932.793112735560        68.77071654116752       -64.49985718787462    
    206.5000000000000       0.2360652963592648E-06    20.38489977630940        416.9106354134554        8554.590763482742        68.77852946373747       -63.49986305109815    
    207.5000000000000       0.2245996318856820E-06    20.09858443689969        405.2471172962617        8197.096306739739        68.78581384587689       -62.49986851767758    
    208.5000000000000       0.2138215635447272E-06    19.82018992375396        394.0646932161035        7859.163874235025        68.79262557976796       -61.49987362955746    
    209.5000000000000       0.2036895942636097E-06    19.54957349294930        383.3444658739671        7539.689487529119        68.79901299041123       -60.49987842300349    
    210.5000000000000       0.1941617299262752E-06    19.28659128658185        373.0681471860538        7237.628637375077        68.80501807636887       -59.49988292953361    
    211.5000000000000       0.1852033416290708E-06    19.03110518057795        363.2183584319016        6952.004097600156        68.81067751419282       -58.49988717667186    
    212.5000000000000       0.1767773150953181E-06    18.78297189617102        353.7781274579004        6681.886718580409        68.81602347743610       -57.49989118856297    
    213.5000000000000       0.1688512917005964E-06    18.54204894093040        344.7311265764774        6426.400901806264        68.82108430899042       -56.49989498647696    
    214.5000000000000       0.1613942243635773E-06    18.30819124808248        336.0615331514242        6184.718537422022        68.82588507651025       -55.49989858922586    
    215.5000000000000       0.1543766324599388E-06    18.08124119954868        327.7536160721420        5956.044498300175        68.83044803397665       -54.49990201351027    
    216.5000000000000       0.1477713380085145E-06    17.86107166699076        319.7933555879264        5739.661033775677        68.83479300740193       -53.49990527420864    
    217.5000000000000       0.1415530573362433E-06    17.64753109324235        312.1663366638227        5534.865650158979        68.83893771883537       -52.49990838462046    
    218.5000000000000       0.1356972682752943E-06    17.44047120632191        304.8587871636481        5340.999042134670        68.84289805988900       -51.49991135667172    
    219.5000000000000       0.1301821030705310E-06    17.23975404872535        297.8578148071820        5157.449806870416        68.84668832372918       -50.49991420108866    
    220.5000000000000       0.1249865146601928E-06    17.04523511008906        291.1507500655319        4983.634189819941        68.85032140271370       -49.49991692754635    
    221.5000000000000       0.1200908035628082E-06    16.85678011054792        284.7257410189818        4819.010876997791        68.85380895746925       -48.49991954479559    
    222.5000000000000       0.1154771015252222E-06    16.67425298047285        278.5713046641757        4663.067488124557        68.85716156211424       -47.49992206077172    
    223.5000000000000       0.1111276111047995E-06    16.49752041124070        272.6764609392279        4515.322521338931        68.86038882946582       -46.49992448268863    
    224.5000000000000       0.1070270697965520E-06    16.32645178289490        267.0307170017951        4375.323794887491        68.86349951938085       -45.49992681712026    
    225.5000000000000       0.1031597739921737E-06    16.16091808341783        261.6240067056987        4242.645493559980        68.86650163282575       -44.49992907007087    
    226.5000000000000       0.9951233981634838E-07    16.00079693496367        256.4468398153690        4116.890741584887        68.86940249382478       -43.49993124703677    
    227.5000000000000       0.9607124025602156E-07    15.84596357208014        251.4899867505604        3997.682696496989        68.87220882107361       -42.49993335306007    
    228.5000000000000       0.9282442708388729E-07    15.69629833522962        246.7447006153043        3884.668795055675        68.87492679071056       -41.49993539277562    
    229.5000000000000       0.8976057685594194E-07    15.55168801631780        242.2027601091654        3777.521265513007        68.87756209149703       -40.49993737045256    
    230.5000000000000       0.8686870155764838E-07    15.41201352194726        237.8560267042920        3675.924748543345        68.88011997345988       -39.49993929003075    
    231.5000000000000       0.8413906713127688E-07    15.27716944752298        233.6970925538030        3579.591967991453        68.88260529088576       -38.49994115515312    
    232.5000000000000       0.8156227234910675E-07    15.14704555512552        229.7186391140768        3488.246680794006        68.88502254042085       -37.49994296919422    
    233.5000000000000       0.7912955816867262E-07    15.02153916838075        225.9138415050436        3401.633227800731        68.88737589491811       -36.49994473528550    
    234.5000000000000       0.7683289803378074E-07    14.90055086588585        222.2762054403004        3319.511640423451        68.88966923357879       -35.49994645633813    
    235.5000000000000       0.7466466768783958E-07    14.78398124784439        218.7994551000842        3241.654437534994        68.89190616885679       -34.49994813506314    
    236.5000000000000       0.7261777355595398E-07    14.67173792500083        215.4777431146197        3167.851062622646        68.89409007052842       -33.49994977398930    
    237.5000000000000       0.7068562407148454E-07    14.56372992388899        212.3054559709388        3097.902588305143        68.89622408727330       -32.49995137547956    
    238.5000000000000       0.6886201787990105E-07    14.45986922779045        209.2772583985055        3031.622432561903        68.89831116606602       -31.49995294174554    
    239.5000000000000       0.6714125750506649E-07    14.36007198316167        206.3881169237385        2968.836365323222        68.90035406963717       -30.49995447486045    
    240.5000000000000       0.6551792220341789E-07    14.26425646314751        203.6332246935036        2909.380291791255        68.90235539222856       -29.49995597677118    
    241.5000000000000       0.6398700249047309E-07    14.17234467016502        201.0080439002637        2853.100894686466        68.90431757383823       -28.49995744930888    
    242.5000000000000       0.6254376636832517E-07    14.08426208217895        198.5082868686388        2799.854783918148        68.90624291312615       -27.49995889419850    
    243.5000000000000       0.6118394841009099E-07    13.99993696339021        196.1298872528257        2749.507514139276        68.90813357912965       -26.49996031306782    
    244.5000000000000       0.5990342484803887E-07    13.91929972066078        193.8689746220010        2701.932739381621        68.90999162191959       -25.49996170745540    
    245.5000000000000       0.5869850037119841E-07    13.84228478655586        191.7219195939642        2657.012857692798        68.91181898231216       -24.49996307881762    
    246.5000000000000       0.5756558472147107E-07    13.76882973016355        189.6853005642326        2614.638006325639        68.91361750073804       -23.49996442853568    
    247.5000000000000       0.5650138067877951E-07    13.69887472780660        187.7558829325260        2574.705384821546        68.91538892535759       -22.49996575792155    
    248.5000000000000       0.5550283586675451E-07    13.63236292222121        185.9306229437578        2537.119100798461        68.91713491950206       -21.49996706822338    
    249.5000000000000       0.5456716480700404E-07    13.56923980001412        184.2066438010515        2501.789439142279        68.91885706851038       -20.49996836063095    
    250.5000000000000       0.5369173752385624E-07    13.50945390099329        182.5812499606304        2468.632961473118        68.92055688602412       -19.49996963628023    
    251.5000000000000       0.5287412026487467E-07    13.45295662422204        181.0519164870082        2437.572098324717        68.92223581979641       -18.49997089625759    
    252.5000000000000       0.5211201710643135E-07    13.39970176192706        179.6162710134167        2408.534598456325        68.92389525706395       -17.49997214160413    
    253.5000000000000       0.5140335523045856E-07    13.34964664211948        178.2721207789597        2381.453933076437        68.92553652952699       -16.49997337331930    
    254.5000000000000       0.5074620604996898E-07    13.30275083215454        177.0174129251828        2356.268336363318        68.92716091797695       -15.49997459236417    
    255.5000000000000       0.5013874926594893E-07    13.25897599260201        175.8502267303118        2332.920517404621        68.92876965660756       -14.49997579966499    
    256.5000000000000       0.4957935755139705E-07    13.21828629122292        174.7687812841394        2311.357697009371        68.93036393704188       -13.49997699611609    
    257.5000000000000       0.4906660784891544E-07    13.18064902123577        173.7714483953654        2291.531750197167        68.93194491210456       -12.49997818258251    
    258.5000000000000       0.4859918469947915E-07    13.14603395570253        172.8567323707129        2273.398702208201        68.93351369936578       -11.49997935990299    
    259.5000000000000       0.4817582890200773E-07    13.11441293510213        172.0232564027951        2256.918369138288        68.93507138448126       -10.49998052889232    
    260.5000000000000       0.4779536414619331E-07    13.08576024820972        171.2697698003583        2242.054413074623        68.93661902435036       -9.499981690343565    
    261.5000000000000       0.4745679787229389E-07    13.06005286307188        170.5951521739813        2228.774359235919        68.93815765011256       -8.499982845030605    
    262.5000000000000       0.4715924513708469E-07    13.03727012740069        169.9984030615943        2217.049317043800        68.93968827000106       -7.499983993710127    
    263.5000000000000       0.4690196408016567E-07    13.01739366915304        169.4786376060312        2206.853839541058        68.94121187207105       -6.499985137123531    
    264.5000000000000       0.4668428855402959E-07    13.00040740569645        169.0350851341775        2198.165843898450        68.94272942681843       -5.499986275999190    
    265.5000000000000       0.4650569585618555E-07    12.98629749025473        168.6670864777503        2190.966517566143        68.94424188970427       -4.499987411054195    
    266.5000000000000       0.4636572789780419E-07    12.97505260784042        168.3741004204591        2185.240405859910        68.94575020359946       -3.499988542996038    
    267.5000000000000       0.4626399978808035E-07    12.96666370900915        168.1556956688474        2180.975222430855        68.94725530116251       -2.499989672524697    
    268.5000000000000       0.4620020956635332E-07    12.96112411006516        168.0115528640431        2178.161868200590        68.94875810716412       -1.499990800334232    
    269.5000000000000       0.4617419038099016E-07    12.95842933615853        167.9414596859969        2176.794313332580        68.95025954077019      -0.4999919271143486    
    270.5000000000000       0.4618587351244588E-07    12.95857727452888        167.9453146147439        2176.869661988136        68.95176051779582       0.5000069464476126    
    271.5000000000000       0.4623528030226066E-07    12.96156812105074        168.0231253609676        2178.388116208391        68.95326195294192        1.500005819665144    
    272.5000000000000       0.4632252917606991E-07    12.96740429144610        168.1750064169663        2181.352925421818        68.95476476202596        2.500004691851053    
    273.5000000000000       0.4642665980980189E-07    12.97613436271098        168.4023194182840        2185.792587475376        68.95626986421858        3.500003562315476    
    274.5000000000000       0.4661155903660771E-07    12.98763351118783        168.7019772624968        2191.650017365226        68.95777818429757        4.500002430364343    
    275.5000000000000       0.4681408830100043E-07    13.00204257139076        169.0778354477837        2199.004241987643        68.95929065493100        5.500001295297812    
    276.5000000000000       0.4705591153052657E-07    13.01932922465859        169.5293085902880        2207.848902141679        68.96080821900171        6.500000156408221    
    277.5000000000000       0.4733765828521339E-07    13.03950750862053        170.0570663623475        2218.203128741780        68.96233183198527        7.499999012978457    
    278.5000000000000       0.4766007888948007E-07    13.06259358253093        170.6618869241538        2230.089264761986        68.96386246439457        8.499997864280278    
    279.5000000000000       0.4802401034121942E-07    13.08860605710191        171.3446671319848        2243.533113047053        68.96540110430442        9.499996709572102    
    280.5000000000000       0.4843043042729911E-07    13.11756584941974        172.1064202690020        2258.563941073655        68.96694875997042        10.49999554809720    
    281.5000000000000       0.4888041581697728E-07    13.14949628296790        172.9482806180393        2275.214631454255        68.96850646255712        11.49999437908182    
    282.5000000000000       0.4937516210084496E-07    13.18442308144402        173.8715053472216        2293.521784757457        68.97007526899183        12.49999320173269    
    283.5000000000000       0.4991598426154395E-07    13.22237435877772        174.8774765999428        2313.525835990639        68.97165626496128        13.49999201523499    
    284.5000000000000       0.5050432586596251E-07    13.26338079586873        175.9677088480729        2335.271285754131        68.97325056806977        14.49999081875006    
    285.5000000000000       0.5114171552623712E-07    13.30747563142911        177.1438512572915        2358.806835054299        68.97485933117923        15.49998961141266    
    286.5000000000000       0.5182983458116651E-07    13.35469464876235        178.4076907061433        2384.185552889408        68.97648374595349        16.49998839232842    
    287.5000000000000       0.5257051259565417E-07    13.40507627925171        179.7611578908034        2411.465109988168        68.97812504663062        17.49998716057116    
    288.5000000000000       0.5336577344272543E-07    13.45866147784326        181.2063276655937        2440.707908921788        68.97978451405014        18.49998591517956    
    289.5000000000000       0.5421781292259857E-07    13.51549377333220        182.7454244422722        2471.981329364563        68.98146347996440        19.49998465515414    
    290.5000000000000       0.5512899202708726E-07    13.57561965009786        184.3808365982858        2505.358163467397        68.98316333166635        20.49998337945384    
    291.5000000000000       0.5610185390985338E-07    13.63908818507648        186.1151116827965        2540.916687894389        68.98488551696987        21.49998208699205    
    292.5000000000000       0.5713917638724475E-07    13.70595107012853        187.9509614257543        2578.740929225866        68.98663154958206        22.49998077663271    
    293.5000000000000       0.5824395892050554E-07    13.77626288728110        189.8912749170198        2618.921131698321        68.98840301491239        23.49997944718609    
    294.5000000000000       0.5941936187018909E-07    13.85008102665301        191.9391221433693        2661.554038611147        68.99020157636807        24.49997809740375    
    295.5000000000000       0.6066885041290958E-07    13.92746559010972        194.0977566555486        2706.743155571156        68.99202898219114        25.49997672597363    
    296.5000000000000       0.6199614222219045E-07    14.00848003653976        196.3706412605778        2754.599556071554        68.99388707290016        26.49997533151454    
    297.5000000000000       0.6340521356871713E-07    14.09319049446192        198.7614346323961        2805.241840666464        68.99577778940586        27.49997391256979    
    298.5000000000000       0.6490037999601959E-07    14.18166676373647        201.2740275195003        2858.797199704890        68.99770318188075        28.49997246760070    
    299.5000000000000       0.6648626423743533E-07    14.27398102954668        203.9125137156972        2915.401094116199        68.99966541947144        29.49997099497945    
    300.5000000000000       0.6816779411403956E-07    14.37020865282615        206.6812213577764        2975.198268216826        69.00166680095556        30.49996949298078    
    301.5000000000000       0.6995027877312712E-07    14.47042813190291        209.5847201520037        3038.343254386009        69.00370976645772        31.49996795977336    
    302.5000000000000       0.7183936272011833E-07    14.57472040763238        212.6278095974073        3105.000480976057        69.00579691035603        32.49996639341020    
    303.5000000000000       0.7384116818399312E-07    14.68317062283884        215.8155826108221        3175.346139901743        69.00793099552787        33.49996479181780    
    304.5000000000000       0.7596219313955313E-07    14.79586676025369        219.1533936986261        3249.567883778524        69.01011496910617        34.49996315278424    
    305.5000000000000       0.7820945919920929E-07    14.91289961000949        222.6468693108184        3327.865548694689        69.01235197994136        35.49996147394650    
    306.5000000000000       0.8059050281476006E-07    15.03436356898087        226.3019451445857        3410.452558553470        69.01464539799409        36.49995975277535    
    307.5000000000000       0.8311320300545184E-07    15.16035518606128        230.1248284232678        3497.555490231237        69.01699883591763        37.49995798655951    
    308.5000000000000       0.8578625815992034E-07    15.29097641201184        234.1221184878796        3589.417641303886        69.01941617312886        38.49995617238758    
    309.5000000000000       0.8861881162148061E-07    15.42632956733988        238.3006583944197        3686.296091900912        69.02190158271426        39.49995430712769    
    310.5000000000000       0.9162066951908260E-07    15.56652291720989        242.6677243193313        3788.466864326293        69.02445956157335        40.49995238740485    
    311.5000000000000       0.9480248078645667E-07    15.71166875681701        247.2309835268395        3896.224763903828        69.02709496426770        41.49995040957589    
    312.5000000000000       0.9817556915390922E-07    15.86187980292708        251.9983910021926        4009.881621960798        69.02981304112322        42.49994836970039    
    313.5000000000000       0.1017521557751605E-06    16.01727514224267        256.9784010829162        4129.772362877698        69.03261948122685        43.49994626350872    
    314.5000000000000       0.1055451614533653E-06    16.17797458833416        262.1797955439949        4256.251608919337        69.03552046107198        44.49994408636554    
    315.5000000000000       0.1095686869175856E-06    16.34410301663504        267.6118495906115        4389.698911556165        69.03852269974207        45.49994183322818    
    316.5000000000000       0.1138378853312781E-06    16.51578928767722        273.2843128280377        4530.519303763624        69.04163352168580        46.49993949859963    
    317.5000000000000       0.1183684012334860E-06    16.69315611155840        279.2070812263730        4679.135995952014        69.04486092833486        47.49993707647499    
    318.5000000000000       0.1231789015632314E-06    16.87634898975132        285.3912113547902        4836.017754542235        69.04821368005706        48.49993456027961    
    319.5000000000000       0.1282861009573437E-06    17.06548935502421        291.8473280334819        5001.639048604179        69.05170139023213        49.49993194279864    
    320.5000000000000       0.1337121117783884E-06    17.26072161262654        298.5872570897440        5176.523454681239        69.05533463359885        50.49992921609591    
    321.5000000000000       0.1394763014033597E-06    17.46217732074379        305.6228266511743        5361.214488706131        69.05912507146998        51.49992637141963    
    322.5000000000000       0.1456032049708631E-06    17.67000486373553        312.9668975042068        5556.303474105763        69.06308559696356        52.49992339909352    
    323.5000000000000       0.1521160477060854E-06    17.88434001462139        320.6323708925609        5762.405551102033        69.06723050409089        53.49992028839013    
    324.5000000000000       0.1590421577746438E-06    18.10533662739813        328.6332871386465        5980.190389417898        69.07157568540535        54.49991702738211    
    325.5000000000000       0.1664088318489698E-06    18.33312980546441        336.9835253866764        6210.348947499563        69.07613886400821        55.49991360276832    
    326.5000000000000       0.1742472775735193E-06    18.56786950863035        345.6980576258723        6453.629970686303        69.08093986709090        56.49990999966866    
    327.5000000000000       0.1825884020324539E-06    18.80969732142412        354.7920817399346        6710.817148575819        69.08600094996059        57.49990620138055    
    328.5000000000000       0.1914682717922747E-06    19.05877138468183        364.2820212131959        6982.760554308969        69.09134718176823        58.49990218908967    
    329.5000000000000       0.2009227481175282E-06    19.31522023286790        374.1837614785318        7270.327769644061        69.09700690710042        59.49989794152360    
    330.5000000000000       0.2109927907565083E-06    19.57922401863511        384.5158160109127        7574.498288426941        69.10301230143759        60.49989343453473    
    331.5000000000000       0.2217210954370759E-06    19.85089521352170        395.2947163094927        7896.231597144468        69.10940004353260        61.49988864059571    
    332.5000000000000       0.2331560152943786E-06    20.13042368460872        406.5407075273912        8236.637244595890        69.11621213447226        62.49988352818496    
    333.5000000000000       0.2453416903543420E-06    20.41792355580963        418.2717024871432        8596.797438386217        69.12349690216702        63.49987806103248    
    334.5000000000000       0.2583412671472606E-06    20.71357577164137        430.5091196835687        8977.949485001505        69.13131024217067        64.49987219718869    
    335.5000000000000       0.2722028796517461E-06    21.01751652870663        443.2731587019623        9381.337387496420        69.13971716235085        65.49986588786541    
    336.5000000000000       0.2869960557767867E-06    21.32987836623875        456.5847381300580        9808.282583637889        69.14879372191756        66.49985907598020    
    337.5000000000000       0.3027924623667643E-06    21.65093186239772        470.4716464973943        10260.38806100811        69.15862948749495        67.49985169431331    
    338.5000000000000       0.3196472847034243E-06    21.98056902310235        484.9454766443297        10738.76580437339        69.16933067457028        68.49984366315010    
    339.5000000000000       0.3376560360107388E-06    22.31910063901017        500.0374265104260        11245.24912122694        69.18102420834306        69.49983488723299    
    340.5000000000000       0.3569105106830699E-06    22.66675622352131        515.7764805256168        11781.68208680519        69.19386303400093        70.49982525177624    
    341.5000000000000       0.3774313081524223E-06    23.02305697566054        532.1580572017551        12348.74734124436        69.20803314915625        71.49981461718812    
    342.5000000000000       0.3994409562879304E-06    23.38909382191572        549.2540926363388        12949.97165692928        69.22376304727121        72.49980281198323    
    343.5000000000000       0.4228797157258471E-06    23.76379580791367        567.0324075253269        13585.14914810123        69.24133659485413        73.49978962311803    
    344.5000000000000       0.4479694057194706E-06    24.14813972400039        585.5617536686764        14257.86120133564        69.26111089305871        74.49977478258540    
    345.5000000000000       0.4748037341357637E-06    24.54171536478799        604.8427102440312        14969.21409306705        69.28354152976651        75.49975794846210    
    346.5000000000000       0.5034962315208102E-06    24.94477976830843        624.9104833746228        15721.71310070347        69.30921905392371        76.49973867753381    
    347.5000000000000       0.5341404573098617E-06    25.35721209124396        645.7816950551094        16517.22940128439        69.33892295596650        77.49971638478091    
    348.5000000000000       0.5669445553429464E-06    25.77917925158173        667.4878738855465        17358.27069458169        69.37370380897724        78.49969028172787    
    349.5000000000000       0.6020134639323791E-06    26.21057661764704        690.0475270685382        18246.93518652456        69.41501234182104        79.49965927956727    
    350.5000000000000       0.6395045366491020E-06    26.65148775316394        713.4896445964866        19185.82007518996        69.46491002005403        80.49962183110604    
    351.5000000000000       0.6796000087697123E-06    27.10187161764110        737.8364842564115        20177.31193009828        69.52642824524689        81.49957566115856    
    352.5000000000000       0.7225204753281910E-06    27.56176946287896        763.1160973140378        21224.15595046724        69.60421484871085        82.49951728129156    
    353.5000000000000       0.7683955251935103E-06    28.03109135546779        789.3494377659430        22328.87650945502        69.70577717476560        83.49944105673944    
    354.5000000000000       0.8175500348331900E-06    28.50978042437384        816.5593900206655        23494.15548884067        69.84408072602473        84.49933725570433    
    355.5000000000000       0.8701383304356702E-06    28.99767109256934        844.7627070875047        24722.48543838259        70.04361076116953        85.49918749879798    
    356.5000000000000       0.9263835558381826E-06    29.49480910612921        873.9887623961192        26017.00178556847        70.35681645432170        86.49895241244585    
    357.5000000000000       0.9866458450709592E-06    30.00117042242584        904.2639809552496        27380.84192165820        70.91996307694055        87.49852968306817    
    358.5000000000000       0.1051245070326983E-05    30.51656969088256        935.6042312840074        28816.70736818150        72.23164579738192        88.49754474859674    
    359.5000000000000       0.1120316768828093E-05    31.04062667998296        968.0135436285674        30326.84325087105        78.71033373485018        89.49266545980501    
