 # author: MA Kubiak / Space Research Center PAS Warsaw Poland, contact: mkubiak@cbk.waw.pl                          
 # code version Program.keplerV_ellipt_V2      , Dates: calkV:20/04/2026  ; part_pr:20/04/2026                       
 # czas no T v_mas, kier.naplywu(dl, szer) macierz obrotu (ecl to helio), r, theta, phi(ecl,spher), V_detector(ecl,cart), IBEX_energy_channel
 #     2026.128609000000        0.1419110000000000E-01     7443.000000000000        -25.78400000689422         255.7450000000000         5.169000000000000        0.2459841265748581        0.9692738567985851         0.000000000000000       -0.9615244635393438        0.2440174711049008        0.1261989691358298        0.1223213615382913       -0.3104294319752456E-01    0.9920049496797150        0.9784829999999999         147.8170440000000        0.2350100000000000E-01    -16.14400000000000        -25.07500000000000        0.4100000000000000E-01 00
 # routs_end= 150.00;    Maxwellian,    elliptOrb=Off                                                                                        
 # Numerical parameters: GridKl=10  GridKf=09  GridKV=05  epsV= 0.0000100  epssJon=.0010000                                                  
 # Numerical parameters: GridKl=10  GridKf=09  GridKV=05  epsV= 0.0000100  epssJon=.0010000; tessel128                                                                                                                                                                                                                                                                                                                                                                                                                                                                 
# Axis to the Sun: alpha_ecl= 323.8630000000000000 delta_Ecl= 0.0920000000000000 delta_Ax= 105.0000000000000000  repoint= 00159
 #  flag_atom: He                                                   
 #  flag_general:                                                   
 #                                                                  
 #                                                                  
  # Ly_a_Profil: zero                                               
  # flag_Itot: zero                                                 
 #  v_SW_Eqtr: speed3D.hybrid2026c_patched.dat                      
 #  n_SW_Eqtr: density3D.hybrid2026c_patched.dat                    
 #  phot_Eqtr: 0.8500000  phion_Helium_T12F107_2026c.dat            
 #  sigma_SW: p+He->H +He+, He + alpha (2 chnls);src:simuLosses.nb  
 #  flag_el:slow  swEqtrElectrons5.2026c.patched.dat                
 #  SW_lati: interpolation                                          
 #  phot_lati: analit pole-flattened after Pryor & Auchere          
 #
 #
 #
 #Spin  flux speed	speed^2 speed^3    long_ecl lat_ecl
   0.5000000000000000       0.1428897035440005E-05    31.21074971734808        978.7488319852669        30837.00918531648        145.7172463183284        74.89990609510238    
    1.500000000000000       0.1529742644061535E-05    31.74932273360323        1012.810416402561        32460.16828971039        149.4097239017133        74.83533038179111    
    2.500000000000000       0.1641367916342953E-05    32.29755197675217        1048.075101126559        34169.35280659163        153.0549937834383        74.70699731463945    
    3.500000000000000       0.1765228714638432E-05    32.85551156484735        1084.579556872138        35968.85713798353        156.6241758831636        74.51649284942127    
    4.500000000000000       0.1903257110734997E-05    33.42297158633712        1122.340192767598        37862.06489164154        160.0919512831139        74.26607615389520    
    5.500000000000000       0.2057501342228076E-05    33.99994949512795        1161.390618075636        39853.36205382472        163.4374063342752        73.95855414054611    
    6.500000000000000       0.2230610508948226E-05    34.58643791664242        1201.763341908466        41947.22204501225        166.6444409771822        73.59714000243443    
    7.500000000000000       0.2425615781744266E-05    35.18241617755746        1243.490492579246        44148.23982216976        169.7017717465955        73.18531039508616    
    8.500000000000000       0.2646268148376260E-05    35.78780575462324        1286.599339876358        46460.82410936350        172.6026106273688        72.72667316872287    
    9.500000000000000       0.2897041410252468E-05    36.40238034042665        1331.106802758193        48888.95327207514        175.3441243626498        72.22485363708306    
    10.50000000000000       0.3183270444466679E-05    37.02601181322223        1377.036422693895        51437.05849352763        177.9267779900337        71.68340335382257    
    11.50000000000000       0.3511514197068847E-05    37.65852627239130        1424.408284915778        54109.49323243161        180.3536494371421        71.10573200859872    
    12.50000000000000       0.3889737406143956E-05    38.29976570075243        1473.243329780370        56910.76234125035        182.6297779179156        70.49506069703399    
    13.50000000000000       0.4327797170743591E-05    38.94950596328984        1523.556914490363        59845.14038227661        184.7615846502938        69.85439347301100    
    14.50000000000000       0.4837890959221469E-05    39.60759417077944        1575.369601444886        62917.31165718080        186.7563841767123        69.18650357339182    
    15.50000000000000       0.5435244493076662E-05    40.27395037882559        1628.707996087376        66132.46447003273        188.6219898523061        68.49393076031819    
    16.50000000000000       0.6139269852531592E-05    40.94849758749432        1683.598767797290        69495.90933105837        190.3664077061309        67.77898661535203    
    17.50000000000000       0.6974230794999431E-05    41.63127826441062        1740.078738146534        73013.73507921731        191.9976078650548        67.04376515733408    
    18.50000000000000       0.7971415267340786E-05    42.32219106175646        1798.172714800496        76691.40943625792        193.5233608151253        66.29015671813782    
    19.50000000000000       0.9170968548179058E-05    43.02119127381841        1857.910090922434        80534.81215098295        194.9511258330416        65.51986352645227    
    20.50000000000000       0.1062501013481119E-04    43.72821662208459        1919.319026097216        84549.89722484825        196.2879800759459        64.73441588670663    
    21.50000000000000       0.1240209157430289E-04    44.44338537594406        1982.444493976524        88743.93922872045        197.5405784643813        63.93518819005887    
    22.50000000000000       0.1459340746815966E-04    45.16691270535638        2047.341681509364        93125.14978747384        198.7151362499351        63.12341426245752    
    23.50000000000000       0.1732111170714564E-04    45.89887912482926        2114.053744709272        97701.08179163504        199.8174278116397        62.30020175283282    
    24.50000000000000       0.2075110617020256E-04    46.63958444514516        2182.645991470003        102481.1146022720        200.8527966715986        61.46654540592009    
    25.50000000000000       0.2511186151370988E-04    47.38933576762598        2253.186355234976        107475.1149036723        201.8261729276774        60.62333916182590    
    26.50000000000000       0.3072053158352847E-04    48.14837723295327        2325.739118604385        112693.0337466811        202.7420952754819        59.77138708922323    
    27.50000000000000       0.3802555001449198E-04    48.91704607082050        2400.378925042226        118145.8484699779        203.6047355582835        58.91141319993115    
    28.50000000000000       0.4766756356761418E-04    49.69558960429553        2477.173874387541        123844.4098186690        204.4179243742427        58.04407021654858    
    29.50000000000000       0.6057753678294064E-04    50.48425885249108        2556.195235491200        129800.2242954026        205.1851767177190        57.16994737701140    
    30.50000000000000       0.7812511095441099E-04    51.28297901764929        2637.481218144780        136022.4765047287        205.9097169652337        56.28957736428088    
    31.50000000000000       0.1023611108284877E-03    52.09157069371592        2721.059205174462        142519.7144308822        206.5945027620191        55.40344244862169    
    32.50000000000000       0.1364064704662130E-03    52.90966293543003        2806.936328481883        149299.1000860865        207.2422475427999        54.51197992604598    
    33.50000000000000       0.1850735231834461E-03    53.73623353645097        2895.046376316038        156361.8061216004        207.8554415470759        53.61558693083519    
    34.50000000000000       0.2559020559232705E-03    54.56969746082938        2985.254981638471        163703.0702046016        208.4363712776741        52.71462469351539    
    35.50000000000000       0.3609244534000938E-03    55.40846359311018        3077.420137519426        171317.1232453132        208.9871374116944        51.80942230885708    
    36.50000000000000       0.5195804316937249E-03    56.25004121267707        3171.286446720530        179187.7442298953        209.5096712127802        50.90028007177260    
    37.50000000000000       0.7637733073402648E-03    57.09159270206710        3266.543947547288        187292.8925971016        210.0057495186204        49.98747243262591    
    38.50000000000000       0.1146626933443765E-02    57.93008123446676        3362.842588091086        195605.6639652199        210.4770083919855        49.07125061757454    
    39.50000000000000       0.1757679640252664E-02    58.76216368754805        3459.776624110371        204092.5356745853        210.9249555305841        48.15184495418875    
    40.50000000000000       0.2749687821947254E-02    59.58445802974227        3556.914512136656        212715.7661958873        211.3509815328953        47.22946693775476    
    41.50000000000000       0.4386321987711380E-02    60.39435925301899        3653.901252309556        221442.9142791306        211.7563701155808        46.30431106934935    
    42.50000000000000       0.7126552202422576E-02    61.18912377759321        3750.346104324473        230236.3799171102        212.1423073743176        45.37655649294505    
    43.50000000000000       0.1177698013342567E-01    61.96697276595893        3845.963261800117        239066.7573576568        212.5098901747830        44.44636845542863    
    44.50000000000000       0.1976081461121645E-01    62.72547437223626        3940.368365828085        247893.4927744514        212.8601337546804        43.51389961044895    
    45.50000000000000       0.3360531724332133E-01    63.46332277282610        4033.310003441007        256687.4295969316        213.1939786115441        42.57929118440959    
    46.50000000000000       0.5780802729778094E-01    64.17952025745510        4124.571303465807        265421.9113313130        213.5122967448815        41.64267402064922    
    47.50000000000000       0.1003943377494390        64.87389058788126        4214.038914439600        274079.6914512490        213.8158973152019        40.70416951586613    
    48.50000000000000       0.1756677746169750        65.54624677921335        4301.598540817415        282643.0970705741        214.1055317767570        39.76389046111156    
    49.50000000000000       0.3090676332712132        66.19627700467097        4387.118370490142        291092.2380857022        214.3818985354474        38.82194179816501    
    50.50000000000000       0.5457249075584647        66.82466648782447        4470.605413465060        299421.3590445155        214.6456471783684        37.87842130078800    
    51.50000000000000       0.9651047670624202        67.43111161926932        4551.934371742549        307611.0653549658        214.8973823168932        36.93342018920274    
    52.50000000000000        1.706432002664998        68.01629745844838        4631.118049462787        315656.1068778029        215.1376670810070        35.98702368514117    
    53.50000000000000        3.010994006143534        68.58046674417402        4708.114349297470        323545.8819268689        215.3670262988063        35.03931151393451    
    54.50000000000000        5.293180745063219        69.12411564460174        4782.920414904490        331274.0287396865        215.5859493916387        34.09035835934962    
    55.50000000000000        9.256012458090353        69.64773702330982        4855.537450972337        338834.8249479433        215.7948930122548        33.14023427621123    
    56.50000000000000        16.07384180566270        70.15107376542410        4925.863360338401        346211.6348082996        215.9942834505486        32.18900506526509    
    57.50000000000000        27.68223080979864        70.63443185422366        4993.878423689149        353396.6399354363        216.1845188289542        31.23673261422603    
    58.50000000000000        47.21281086501210        71.09797268893558        5059.546753335614        360380.5726988768        216.3659711073115        30.28347520850689    
    59.50000000000000        79.63787979309960        71.54173602352131        5122.817396600162        367152.6217175928        216.5389879149934        29.32928781473132    
    60.50000000000000        132.7080108087759        71.96629921514031        5183.720972885215        373711.0831843075        216.7038942262794        28.37422233978882    
    61.50000000000000        218.2172042554798        72.37182188473514        5242.231338091221        380048.3473334256        216.8609938933360        27.41832786788640    
    62.50000000000000        353.7188523382322        72.75860582431413        5298.345947882491        386159.5720901646        217.0105710497142        26.46165087778504    
    63.50000000000000        564.7084920929424        73.12725262646393        5352.110338245291        392045.5468511870        217.1528913959755        25.50423544217355    
    64.50000000000000        887.1552909089498        73.47786276481997        5403.498359614796        397699.2620877758        217.2882033778891        24.54612341092519    
    65.50000000000000        1370.432889215016        73.81077036020677        5452.521135969336        403118.0539382420        217.4167392666050        23.58735457979929    
    66.50000000000000        2080.193737832099        74.12627550612601        5499.187315869522        408299.1847005205        217.5387161492656        22.62796684598850    
    67.50000000000000        3100.706377039564        74.42452835788332        5543.485467918814        413237.8482250787        217.6543368376854        21.66799635176885    
    68.50000000000000        4536.252290337959        74.70581169576069        5585.426440775862        417931.9479092573        217.7637907019702        20.70747761738322    
    69.50000000000000        6510.466296359687        74.97049348372634        5625.036803659778        422381.4340021783        217.8672544352717        19.74644366417672    
    70.50000000000000        9162.814725561027        75.21886907860858        5662.334329109874        426585.4527430873        217.9648927552651        18.78492612890227    
    71.50000000000000        12641.65614812202        75.45124816052160        5697.340975813987        430543.8086354732        218.0568590473881        17.82295537002665    
    72.50000000000000        17093.09200616294        75.66794971966814        5730.082373584060        434256.9430347102        218.1432959543855        16.86056056678877    
    73.50000000000000        22645.57957364719        75.86930684270081        5760.588446596033        437725.9997691739        218.2243359162572        15.89776981169162    
    74.50000000000000        29391.72682167613        76.05567921689008        5788.895214028494        440953.0259388335        218.3001016643049        14.93461019704773    
    75.50000000000000        37367.55462528406        76.22746776422925        5815.047053319856        443941.2389858242        218.3707066726066        13.97110789614263    
    76.50000000000000        46533.26444844821        76.38506545790456        5839.088963440828        446694.1197276835        218.4362555699155        13.00728823953147    
    77.50000000000000        56755.93485100527        76.52884916745333        5861.065163812597        449215.2361316807        218.4968445146827        12.04317578694073    
    78.50000000000000        67801.51328842662        76.65924644518161        5881.029316313874        451509.4224612848        218.5525615356224        11.07879439520788    
    79.50000000000000        79332.56328052029        76.77661169993746        5899.025352637205        453580.5543633630        218.6034868399929        10.11416728265752    
    80.50000000000000        90920.24951304008        76.88134364017566        5915.105575548948        455433.6452451703        218.6496930915332        9.149317090282057    
    81.50000000000000        102067.8047746347        76.97379806952824        5929.316870827844        457073.2135558654        218.6912456597867        8.184265940068256    
    82.50000000000000        112240.8330189754        77.05426189036076        5941.696795330938        458502.8432948798        218.7282028423453        7.219035490786699    
    83.50000000000000        120912.4769039186        77.12306779262724        5952.291042221856        459727.1798862787        218.7606160613694        6.253646991540928    
    84.50000000000000        127605.2942937730        77.18043939282904        5961.129343259398        460749.1188830205        218.7885300355708        5.288121333354646    
    85.50000000000000        131933.1262076307        77.22656814476753        5968.237559088820        461571.2326744706        218.8119829286866        4.322479099059369    
    86.50000000000000        133641.4504628575        77.26166261277152        5973.645009375362        462196.5871632332        218.8310064753274        3.356740611731695    
    87.50000000000000        132628.6443799738        77.28578609286596        5977.359114322314        462625.7712699792        218.8456260849406        2.390925981917950    
    88.50000000000000        128954.9303954074        77.29897842758594        5979.384625174083        462859.1752165792        218.8558609244989        1.425055153874132    
    89.50000000000000        122840.0468091728        77.30128958531139        5979.728618785826        462897.5465213145        218.8617239803944       0.4591479510417916    
    90.50000000000000        114640.3289463205        77.29265184812843        5978.380426683752        462739.6255217516        218.8632220998979      -0.5067758790254078    
    91.50000000000000        104812.5688736961        77.27294488521670        5975.322118563529        462383.4115596785        218.8603560124182       -1.472696620074235    
    92.50000000000000        93875.10725780827        77.24205409199986        5970.537568903669        461827.2194592373        218.8531203306851       -2.438594542695537    
    93.50000000000000        82363.46000290925        77.19980883000487        5964.002517177243        461068.4805206913        218.8415035318555       -3.404449859791937    
    94.50000000000000        70786.38773706371        77.14594671496386        5955.679308694520        460103.1623007593        218.8254879184289       -4.370242681762210    
    95.50000000000000        59590.89261500545        77.08019918752963        5945.530427801797        458927.3743488145        218.8050495587405       -5.335952971192347    
    96.50000000000000        49137.64165928736        77.00227295312597        5933.515476816851        457536.9982650725        218.7801582066777       -6.301560496839443    
    97.50000000000000        39687.47530412085        76.91183439952313        5919.588787991173        455927.4122602394        218.7507772001441       -7.267044786689254    
    98.50000000000000        31398.23727586655        76.80850165365834        5903.698378679432        454093.3900934826        218.7168633376676       -8.232385079860588    
    99.50000000000000        24332.59402722436        76.69189564644381        5885.794058538937        452030.0648904614        218.6783667324128       -9.197560277120767    
    100.5000000000000        18472.95628554275        76.56161397230143        5865.823512856362        449732.4872137336        218.6352306427239       -10.16254888976505    
    101.5000000000000        13740.49670113025        76.41723783404197        5843.733339499633        447195.7380202745        218.5873912781699       -11.12732898660015    
    102.5000000000000        10015.29681329354        76.25836899331537        5819.474989244702        444415.6429082936        218.5347775799112       -12.09187813875610    
    103.5000000000000        7155.123272388098        76.08458873836133        5792.998591019917        441388.0704349804        218.4773109740364       -13.05617336203316    
    104.5000000000000        5011.670549844373        75.89546837091549        5764.254576213972        438109.1169521596        218.4149050963372       -14.02019105647012    
    105.5000000000000        3442.792920227214        75.69064917099379        5733.206274340222        434576.5910667161        218.3474654867942       -14.98390694279686    
    106.5000000000000        2320.524973037631        75.46973923111720        5699.814017635254        430788.1686055658        218.2748892518350       -15.94729599540739    
    107.5000000000000        1535.394740574147        75.23232159947133        5664.036356739281        426741.5232557183        218.1970646921934       -16.91033237146015    
    108.5000000000000        997.8345743638064        74.97808997550085        5625.851492139470        422436.8599826135        218.1138708939497       -17.87298933567794    
    109.5000000000000        637.3554816477812        74.70668224951643        5585.231103518869        417873.8169102644        218.0251772800519       -18.83523918038172    
    110.5000000000000        400.4127842529330        74.41775266433540        5542.151852182463        413052.8323026400        217.9308431193203       -19.79705314024991    
    111.5000000000000        247.6211966617292        74.11088559195214        5496.582367241981        407973.6608450921        217.8307169895988       -20.75840130124593    
    112.5000000000000        150.8732391252876        73.78574377282460        5448.505955126090        402637.9753257816        217.7246361913534       -21.71925250310218    
    113.5000000000000        90.65808815043189        73.44189538418526        5397.894552051763        397046.4084037920        217.6124261076090       -22.67957423468792    
    114.5000000000000        53.78394269129200        73.07901869266679        5344.739726098072        391202.0676016592        217.4938995056683       -23.63933252151879    
    115.5000000000000        31.53871452065095        72.69667637697833        5289.019177327868        385106.7860966350        217.3688557755563       -24.59849180458834    
    116.5000000000000        18.30406019150048        72.29468105426005        5230.751434972796        378767.2537781333        217.2370800995819       -25.55701480961465    
    117.5000000000000        10.52849774037296        71.87292904757446        5169.970378970900        372192.0690200378        217.0983425467938       -26.51486240569569    
    118.5000000000000        6.010771439982497        71.43121951881737        5106.698845433378        365388.8282910164        216.9523970854213       -27.47199345225707    
    119.5000000000000        3.411255613976942        70.96937036068530        5040.965106067791        358365.8625253711        216.7989805056317       -28.42836463304892    
    120.5000000000000        1.927613499134578        70.48711716352942        4972.788956766271        351130.7862665376        216.6378112440833       -29.38393027580727    
    121.5000000000000        1.086410860253172        69.98415906477754        4902.188168682598        343691.1559410659        216.4685881008075       -30.33864215603556    
    122.5000000000000       0.6118004430656047        69.46003561472797        4829.161793682042        336052.7570536566        216.2909888378927       -31.29244928317839    
    123.5000000000000       0.3448886077433212        68.91446249357540        4753.738605634299        328224.8266340024        216.1046686482619       -32.24529766725531    
    124.5000000000000       0.1950023073592569        68.34726371988924        4675.966299040926        320218.7431673238        215.9092584815128       -33.19713006378809    
    125.5000000000000       0.1108021681294038        67.75812040375487        4595.875216269710        312044.0732935872        215.7043632123103       -34.14788569458916    
    126.5000000000000       0.6339730043467228E-01    67.14682196901234        4513.514457131781        303712.4476565358        215.4895596351728       -35.09749994167720    
    127.5000000000000       0.3660023079884308E-01    66.51336929866795        4428.965218649961        295238.8259773011        215.2643942676380       -36.04590401124293    
    128.5000000000000       0.2136357714277921E-01    65.85815800070033        4342.363515724624        286643.5707412669        215.0283809417365       -36.99302456419488    
    129.5000000000000       0.1263284489525054E-01    65.18181474668886        4253.875344360313        277949.6437603303        214.7809981613854       -37.93878330936931    
    130.5000000000000       0.7581898387983776E-02    64.48537888106480        4163.719588134260        269184.7787279159        214.5216862007402       -38.88309655497778    
    131.5000000000000       0.4626499932203101E-02    63.77034077525825        4072.168639678192        260381.1079072442        214.2498439156676       -39.82587471328133    
    132.5000000000000       0.2874681325342149E-02    63.03858280626099        3979.536961501648        251573.7084730778        213.9648252372980       -40.76702175281321    
    133.5000000000000       0.1821038410722098E-02    62.29218910177818        3886.152931984549        242797.5724323406        213.6659353130616       -41.70643459170667    
    134.5000000000000       0.1177172779833249E-02    61.53345117198052        3792.357985653831        234087.4444851005        213.3524262566631       -42.64400242480632    
    135.5000000000000       0.7770111306570104E-03    60.76530807567457        3698.562280509985        225483.1951912922        213.0234924641003       -43.57960597623595    
    136.5000000000000       0.5238461936369641E-03    59.99074002561779        3605.164450684069        217021.9347056946        212.6782654480353       -44.51311666793998    
    137.5000000000000       0.3606910084457429E-03    59.21248446733846        3512.516505515641        208734.8353810626        212.3158081375954       -45.44439569338798    
    138.5000000000000       0.2535492681906808E-03    58.43308469126394        3420.932285539188        200648.2282799492        211.9351085849993       -46.37329298410844    
    139.5000000000000       0.1818522396980786E-03    57.65474667343125        3330.671931654761        192782.4224053328        211.5350730143009       -47.29964605496627    
    140.5000000000000       0.1329688275517325E-03    56.87927295676050        3241.936743116762        185151.5487056678        211.1145181410765       -48.22327871208768    
    141.5000000000000       0.9902328269488102E-04    56.10797145214725        3154.861723224067        177763.2443045018        210.6721626851530       -49.14399960502899    
    142.5000000000000       0.7502867613825295E-04    55.34175950337106        3069.530847606414        170620.2924198439        210.2066179916487       -50.06160060214093    
    143.5000000000000       0.5777532546479303E-04    54.58108125590963        2985.970329428107        163720.3044897496        209.7163776689503       -50.97585496505292    
    144.5000000000000       0.4516620123774205E-04    53.82619062547231        2904.183544869280        157058.9518270485        209.1998061461638       -51.88651529474767    
    145.5000000000000       0.3580844955330843E-04    53.07714500842662        2824.151308339734        150630.0691868678        208.6551260476423       -52.79331121776532    
    146.5000000000000       0.2876184101966750E-04    52.33374117495930        2745.826103046599        144425.2887040751        208.0804042792380       -53.69594677662429    
    147.5000000000000       0.2338300991261543E-04    51.59580671103873        2669.165377945863        138436.8868132535        207.4735367211260       -54.59409748353396    
    148.5000000000000       0.1922453269386742E-04    50.86307047701956        2594.117113716158        132656.5666971438        206.8322314270515       -55.48740699087805    
    149.5000000000000       0.1597115789154661E-04    50.13526652773362        2520.631193608682        127076.3880946864        206.1539902419384       -56.37548332576461    
    150.5000000000000       0.1339750458043219E-04    49.41224796860223        2448.671606269154        121689.7420842987        205.4360887720983       -57.25789462921416    
    151.5000000000000       0.1134044911871241E-04    48.69384151301377        2378.200222005748        116489.9912330080        204.6755546790482       -58.13416433339227    
    152.5000000000000       0.9680303049738573E-05    47.97989242503387        2309.181509121294        111470.8353710269        203.8691443249489       -59.00376570289539    
    153.5000000000000       0.8328547587677381E-05    47.27040805185461        2241.596500266227        106627.3326695867        203.0133178825994       -59.86611565881897    
    154.5000000000000       0.7218488741330937E-05    46.56542099621848        2175.429179332800        101954.8793154449        202.1042131459744       -60.72056779774255    
    155.5000000000000       0.6299702646870489E-05    45.86501845528117        2110.668632423695        97449.31235780066        201.1376184518191       -61.56640451273826    
    156.5000000000000       0.5533722192786157E-05    45.16937226109363        2047.311269021832        93107.02219875919        200.1089453660337       -62.40282812136429    
    157.5000000000000       0.4890499080871573E-05    44.47843932226306        1985.332324074623        88922.91748538395        199.0132021222762       -63.22895090827705    
    158.5000000000000       0.4346851963302838E-05    43.79240012909347        1924.727862214734        84893.45499859389        197.8449692512453       -64.04378400035498    
    159.5000000000000       0.3884404800160537E-05    43.11153752991406        1865.502448316533        81015.70446300491        196.5983794394204       -64.84622501396504    
    160.5000000000000       0.3488875236257627E-05    42.43606284927088        1807.653327058612        77286.26998439788        195.2671044415966       -65.63504445256787    
    161.5000000000000       0.3148679991083403E-05    41.76624687497208        1751.181893045515        73702.04593077477        193.8443528792911       -66.40887089541994    
    162.5000000000000       0.2854528882349447E-05    41.10235607544325        1696.087934466493        70259.83320876656        192.3228840184536       -67.16617511402454    
    163.5000000000000       0.2598958694256402E-05    40.44473013349130        1642.376002331946        66956.73611266185        190.6950441488680       -67.90525339387574    
    164.5000000000000       0.2375758983934565E-05    39.79348873475831        1590.030894260166        63788.62586940217        188.9528339604462       -68.62421053873759    
    165.5000000000000       0.2180017697719276E-05    39.14869251632720        1539.031517589113        60751.04403364326        187.0880172350593       -69.32094330816705    
    166.5000000000000       0.2007448541704440E-05    38.51056374149054        1489.370291887403        57840.48372059315        185.0922830377858       -69.99312539998695    
    167.5000000000000       0.1854834960907456E-05    37.87944677751777        1441.047527687311        55053.90239992028        182.9574750135381       -70.63819554599952    
    168.5000000000000       0.1719172012809207E-05    37.25566895550048        1394.061995736285        52388.25417235136        180.6759017446456       -71.25335083605520    
    169.5000000000000       0.1598366721824510E-05    36.63930439118369        1348.391768079271        49839.32634978343        178.2407404731573       -71.83554799236352    
    170.5000000000000       0.1490315338103421E-05    36.03073010620462        1304.037024326782        47404.21907579734        175.6465416103204       -72.38151591207428    
    171.5000000000000       0.1393138442243142E-05    35.43014288096905        1260.984263195147        45079.35047904084        172.8898319469731       -72.88778325410041    
    172.5000000000000       0.1305668436584669E-05    34.83793569464692        1219.232286116204        42861.80791970503        169.9697991288397       -73.35072496962039    
    173.5000000000000       0.1226565828887054E-05    34.25413814829983        1178.753781200453        40747.36928594737        166.8890184047495       -73.76663120487541    
    174.5000000000000       0.1154805603462626E-05    33.67916233866835        1139.548102785327        38733.31089791554        163.6541563387390       -74.13180065544432    
    175.5000000000000       0.1089516863567780E-05    33.11321204750676        1101.599189716334        36816.15639636667        160.2765593724888       -74.44265800307035    
    176.5000000000000       0.1030032939493368E-05    32.55643843696753        1064.886256501967        34992.23087237996        156.7726154223724       -74.69589150339338    
    177.5000000000000       0.9755856563550411E-06    32.00896867201926        1029.387985858876        33257.98631095385        153.1637740901856       -74.88860246164558    
    178.5000000000000       0.9255995940744013E-06    31.47078345416940        995.0725697101669        31609.40917042526        149.4761349352689       -75.01845403741322    
    179.5000000000000       0.8795343298714437E-06    30.94199460352261        961.9177471315664        30043.10089316177        145.7395674903588       -75.08380374553003    
    180.5000000000000       0.8370960455266971E-06    30.42295466773642        929.9157470961050        28556.40889502185        141.9864049565543       -75.08380341747721    
    181.5000000000000       0.7977132351628939E-06    29.91333881557238        899.0170144438318        27144.83133285761        138.2498378426937       -75.01845305754956    
    182.5000000000000       0.7612126542459354E-06    29.41347663161389        869.2124811223766        25805.84232833789        134.5621993328841       -74.88860084257885    
    183.5000000000000       0.7273231664852052E-06    28.92357925945629        840.4860908622933        24536.68930948726        130.9533589280045       -74.69588926525519    
    184.5000000000000       0.6957297866189503E-06    28.44342330289076        812.7955193986335        23333.50809527620        127.4494161444449       -74.44265517232563    
    185.5000000000000       0.6661851163860893E-06    27.97299201839280        786.1122174424614        22193.19816357848        124.0718205345811       -74.13179726345480    
    186.5000000000000       0.6385484990907029E-06    27.51239215671105        760.4146721757047        21113.03708176675        120.8369599635220       -73.76662728638124    
    187.5000000000000       0.6126060894606745E-06    27.06146690456306        735.6670401268485        20089.79258246592        117.7561808237766       -73.35072056128479    
    188.5000000000000       0.5882521930664812E-06    26.62028974636134        711.8477076265738        19120.96167876101        114.8361496351660       -72.88777839322213    
    189.5000000000000       0.5652607230111545E-06    26.18866062559636        688.9205951580403        18203.53127086225        112.0794416089507       -72.38151063552864    
    190.5000000000000       0.5436266272600258E-06    25.76679305559149        666.8720149935114        17335.46580414981        109.4852443605845       -71.83554233579142    
    191.5000000000000       0.5231559511354976E-06    25.35434751833923        645.6602769679851        16513.72866211636        107.0500846577887       -71.25334483328974    
    192.5000000000000       0.5038222807740710E-06    24.95150598237502        625.2712982782195        15736.44038955038        104.7685128951894       -70.63818922870142    
    193.5000000000000       0.4854890070304858E-06    24.55807921062126        605.6729139955319        15001.11707268810        102.6337063037771       -69.99311879744978    
    194.5000000000000       0.4681129721324235E-06    24.17402000677129        586.8405012394037        14305.62733679367        100.6379734593657       -69.32093644725423    
    195.5000000000000       0.4516056453248426E-06    23.79916683997844        568.7448346048100        13647.75964533242        98.77315800391094       -68.62420344391444    
    196.5000000000000       0.4359276549729252E-06    23.43348910180766        551.3638075721624        13025.63791035434        97.03094900221518       -67.90524608730649    
    197.5000000000000       0.4209975972712328E-06    23.07681661188877        534.6694824137479        12437.25194312361        95.40311023781079       -67.16616761571045    
    198.5000000000000       0.4067838587843021E-06    22.72906858688017        518.6388902428200        11880.83708943828        93.88164240360609       -66.40886322335942    
    199.5000000000000       0.3932241451221431E-06    22.39008867269834        503.2464643073493        11354.60984800586        92.45889179324425       -65.63503662292628    
    200.5000000000000       0.3802933593128899E-06    22.05978431458850        488.4702039072237        10856.96900735705        91.12761767703850       -64.84621704124429    
    201.5000000000000       0.3679466451269439E-06    21.73799841609991        474.2860603145530        10386.30864006202        89.88102868110830       -64.04377589755723    
    202.5000000000000       0.3561493250981207E-06    21.42459976136330        460.6719120836702        9941.146071218534        88.71279656489935       -63.22894268705885    
    203.5000000000000       0.3448724389960047E-06    21.11946385389706        447.6066655458670        9520.087484339481        87.61705401945773       -62.40281979217898    
    204.5000000000000       0.3340890904828884E-06    20.82245485452493        435.0694833757549        9121.800516213932        86.58838157987674       -61.56639608496601    
    205.5000000000000       0.3237708869100763E-06    20.53341779657401        423.0394496970217        8745.000665397562        85.62178748398209       -60.72055927980784    
    206.5000000000000       0.3138953462531635E-06    20.25222172551510        411.4973417930481        8388.503614086085        84.71268330158389       -59.86610705829617    
    207.5000000000000       0.3044411861822293E-06    19.97871765413855        400.4239008077152        8051.169420127009        83.85685737306522       -59.00375702660278    
    208.5000000000000       0.2953871376942011E-06    19.71276507332297        389.8008745840152        7731.931034107131        83.05044749576493       -58.13415558747589    
    209.5000000000000       0.2867143533193377E-06    19.45421618656183        379.6103681498461        7429.772153917456        82.28991384557852       -57.25788581922207    
    210.5000000000000       0.2784038793537882E-06    19.20292649722433        369.8352472362066        7143.736816815273        81.57201278750689       -56.37547445671263    
    211.5000000000000       0.2704415837416654E-06    18.95874810554884        360.4588763848705        6872.919764148191        80.89377198566525       -55.48739806730789    
    212.5000000000000       0.2628113836450355E-06    18.72153970279671        351.4654294340506        6616.471584496166        80.25246704873746       -54.59408850956460    
    213.5000000000000       0.2554970617826349E-06    18.49116244776762        342.8397659451071        6373.594493901482        79.64559982381093       -53.69593775599735    
    214.5000000000000       0.2484854130167866E-06    18.26747138287346        334.5670420331699        6143.527935530423        79.07087836660170       -52.79330215388514    
    215.5000000000000       0.2417648885383791E-06    18.05031849777762        326.6328375551892        5925.551047691744        78.52619855907984       -51.88650619071684    
    216.5000000000000       0.2353233715944183E-06    17.83956676357795        319.0236479959505        5718.994297105513        78.00962730873179       -50.97584582370355    
    217.5000000000000       0.2291486139536698E-06    17.63508408047242        311.7266246411077        5523.229991735432        77.51938724139869       -50.06159142606241    
    218.5000000000000       0.2232290422149916E-06    17.43673004415257        304.7290836577840        5337.657489055469        77.05384278754178       -49.14399039659261    
    219.5000000000000       0.2175545813309230E-06    17.24437017254693        298.0189996082812        5161.714968915831        76.61148755678263       -48.22326947346846    
    220.5000000000000       0.2121156656127531E-06    17.05787994317508        291.5851227018977        4994.880848318376        76.19093289536548       -47.29963678816232    
    221.5000000000000       0.2069027640465382E-06    16.87712175563391        285.4161415999197        4836.650083291891        75.79089752414427       -46.37328369095822    
    222.5000000000000       0.2019069885374591E-06    16.70197318927027        279.5016731865217        4686.559322457152        75.41019815963325       -45.44438637558564    
    223.5000000000000       0.1971196252740768E-06    16.53230724833430        273.8315333618483        4544.166000835306        75.04774102674307       -44.51310732704904    
    224.5000000000000       0.1925326101706750E-06    16.36800328805491        268.3961145868704        4409.057407640721        74.70251417847628       -43.57959661370157    
    225.5000000000000       0.1881382384274658E-06    16.20894124805925        263.1861585674054        4280.843430975552        74.37358054467779       -42.64399304196618    
    226.5000000000000       0.1839288349843954E-06    16.05500588216250        258.1928887458004        4159.159026871454        74.06007163866718       -41.70642518980080    
    227.5000000000000       0.1798975134301001E-06    15.90608420926827        253.4079024916552        4043.660395767231        73.76118185704541       -40.76701233299274    
    228.5000000000000       0.1760375368228792E-06    15.76206597393636        248.8231759278100        3934.024318886609        73.47616331407143       -39.82586527661644    
    229.5000000000000       0.1723424206231058E-06    15.62284365389131        244.4310454427488        3829.946753179970        73.20432115768450       -38.88308710246476    
    230.5000000000000       0.1688061241575188E-06    15.48831378083838        240.2242367079358        3731.142775865424        72.94500931948393       -37.93877384193692    
    231.5000000000000       0.1654228495746680E-06    15.35837420254380        236.1957640024363        3637.343426533531        72.69762665576825       -36.99301508271021    
    232.5000000000000       0.1621869368115490E-06    15.23292683069793        232.3390015320788        3548.296660198930        72.46161344109146       -36.04589451651664    
    233.5000000000000       0.1590931281145039E-06    15.11187750278602        228.6476674189585        3463.766347299120        72.23644817973864       -35.09749043446800    
    234.5000000000000       0.1561362038182979E-06    14.99513353292063        225.1157349296186        3383.529582445900        72.02164470408059       -34.14787617560834    
    235.5000000000000       0.1533113717272477E-06    14.88260611230558        221.7374949113790        3307.377572345445        71.81674953197023       -33.19712053370339    
    236.5000000000000       0.1506140667349890E-06    14.77420957412328        218.5075221638140        3235.114335937543        71.62133945821762       -32.24528812669422    
    237.5000000000000       0.1480398294728022E-06    14.66986080509172        215.4206462992598        3166.555535622408        71.43501935775895       -31.29243973273160    
    238.5000000000000       0.1455844745613191E-06    14.56947951565712        212.4719513357487        3101.528049486491        71.25742018044346       -30.33863259625986    
    239.5000000000000       0.1432441178570413E-06    14.47298892934367        209.6567850512072        3039.869719862554        71.08819711942841       -29.38392070722804    
    240.5000000000000       0.1410150261586384E-06    14.38031443058414        206.9707106922152        2981.427904383368        70.92702793702048       -28.42835505616272    
    241.5000000000000       0.1388936261816367E-06    14.29138523213454        204.4095473404201        2926.060001420630        70.77361143345453       -27.47198386753399    
    242.5000000000000       0.1368764437670349E-06    14.20613243983527        201.9693052568068        2873.631692751450        70.62766604557903       -26.51485281358105    
    243.5000000000000       0.1349601934498001E-06    14.12449035842388        199.6462155202784        2824.017263311313        70.48892856373897       -25.55700521053122    
    244.5000000000000       0.1331418682216677E-06    14.04639599722540        197.4367095561217        2777.098888611216        70.35715295633031       -24.59848219893801    
    245.5000000000000       0.1314186718149472E-06    13.97178963713107        195.3374278401101        2732.766536188024        70.23210929255784       -23.63932290968393    
    246.5000000000000       0.1297878519658980E-06    13.90061352595936        193.3451768138230        2690.916806062942        70.11358275487731       -22.67956461703315    
    247.5000000000000       0.1282468037774929E-06    13.83281304557812        191.4569550407646        2651.453237259620        70.00137273345175       -21.71924287997562    
    248.5000000000000       0.1267930267101425E-06    13.76833612122719        189.6699313041650        2614.285639544873        69.89529199571385       -20.75839167298037    
    249.5000000000000       0.1254242756691649E-06    13.70713331610067        187.9814430037687        2579.329884589642        69.79516592481140       -19.79704350716409    
    250.5000000000000       0.1241383928784914E-06    13.64915765249171        186.3889848890562        2546.507460478163        69.70083182132643       -18.83522954278142    
    251.5000000000000       0.1229333965901194E-06    13.59436447751918        184.8902009903656        2515.745142570022        69.61213826321284       -17.87297969385690    
    252.5000000000000       0.1218074495207843E-06    13.54271130890481        183.4828766751738        2486.974687615028        69.52894451939515       -16.91032272570110    
    253.5000000000000       0.1207587876097867E-06    13.49415859970878        182.1649546147387        2460.132999677864        69.45112001292077       -15.94728634598292    
    254.5000000000000       0.1197857851702774E-06    13.44866927558456        180.9345188509459        2435.161682588571        69.37854382996423       -14.98389728997017    
    255.5000000000000       0.1188870095517732E-06    13.40620859826355        179.7897875384041        2412.006770565950        69.31110427134972       -14.02018140049588    
    256.5000000000000       0.1180610611997492E-06    13.36674400094055        178.7291052229892        2390.618460514654        69.24869844359105       -13.05616370315826    
    257.5000000000000       0.1173066567198208E-06    13.33024516061700        177.7509417634961        2370.950988879290        69.19123188675165       -12.09186847722023    
    258.5000000000000       0.1166226993953690E-06    13.29668424612637        176.8538963138167        2352.962621665672        69.13861823670265       -11.12731932263653    
    259.5000000000000       0.1160081763540314E-06    13.26603575420461        176.0366905031365        2336.615436092359        69.09077891960924       -10.16253922360110    
    260.5000000000000       0.1154621844349117E-06    13.23827652326299        175.2981663837724        2321.875201806172        69.04764287670585       -9.197550608978540    
    261.5000000000000       0.1149838872729858E-06    13.21338565306669        174.6372822325251        2308.711229960888        69.00914631763318       -8.232375409957495    
    262.5000000000000       0.1145724642986325E-06    13.19134417825692        174.0531020410752        2297.096104292695        68.97523250080492       -7.267035115238564    
    263.5000000000000       0.1142272083267920E-06    13.17213528901168        173.5447997396762        2287.005712632421        68.94585153945373       -6.301550824050707    
    264.5000000000000       0.1139475909461739E-06    13.15574422583784        173.1116549348814        2278.419115516780        68.92096023217340       -5.335943297272021    
    265.5000000000000       0.1137331951879570E-06    13.14215845838351        172.7530564357650        2271.318577370532        68.90052191693256       -4.370233006914143    
    266.5000000000000       0.1134472578883127E-06    13.13153645292628        172.4729264300572        2265.776552620739        68.88450634768230       -3.404440184217692    
    267.5000000000000       0.1134989324628384E-06    13.12336366416916        172.2575885457487        2261.520333644023        68.87288959282067       -2.438584866595046    
    268.5000000000000       0.1134787321345912E-06    13.11814025375963        172.1200215254885        2258.802478103165        68.86565395490931       -1.472686943646210    
    269.5000000000000       0.1135232267431008E-06    13.11569351675115        172.0556081132571        2257.530393390762        68.86278791116661      -0.5067662024676487    
    270.5000000000000       0.1136325512346137E-06    13.11602162252839        172.0642588621320        2257.701492374418        68.86428607438370       0.4591576275317647    
    271.5000000000000       0.1138069184704300E-06    13.11912490581906        172.1459881322716        2259.316169306357        68.87014917403090        1.425064830098671    
    272.5000000000000       0.1140467587770774E-06    13.12500590097040        172.3009150066540        2262.377818414124        68.88038405744007        2.390935657678983    
    273.5000000000000       0.1143525710738328E-06    13.13366921465671        172.5292602191203        2266.892781034629        68.89500371106514        3.356750286830090    
    274.5000000000000       0.1147248801250327E-06    13.14512153650970        172.8313467563160        2272.870368187935        68.91402730194099        4.322488773294521    
    275.5000000000000       0.1151644309958802E-06    13.15937173211623        173.2076028840479        2280.322938158693        68.93748023957794        5.288131006524164    
    276.5000000000000       0.1156720548921181E-06    13.17643077584789        173.6585611502657        2289.265900667516        68.96539425865039        6.253656663439982    
    277.5000000000000       0.1162386466659045E-06    13.19629943753598        174.1845334821764        2299.711297141776        68.99780752296049        7.219045161207582    
    278.5000000000000       0.1168953951218386E-06    13.21902968481321        174.7872372102013        2311.700111998966        69.03476475128629        8.184275608800039    
    279.5000000000000       0.1176133825160228E-06    13.24460235761513        175.4665591112743        2325.238078664505        69.07631736585638        9.149326757109888    
    280.5000000000000       0.1184039043861628E-06    13.27304913856279        176.2237848467705        2340.359834899629        69.12252366433236        10.11417694736214    
    281.5000000000000       0.1192684289698572E-06    13.30439197070223        177.0599973367061        2357.097183349159        69.17344901632947        11.07880405756524    
    282.5000000000000       0.1202084273741593E-06    13.33865481407250        177.9763898900955        2375.485371021145        69.22916608566115        12.04318544672121    
    283.5000000000000       0.1212255959252539E-06    13.37586403885172        178.9742787303596        2395.563407345632        69.28975507966248        13.00729789649932    
    284.5000000000000       0.1223216590691261E-06    13.41604844736263        180.0551058810615        2417.374197996390        69.35530402712757        13.97111755005551    
    285.5000000000000       0.1234985472560563E-06    13.45923888056323        181.2204313942081        2440.964477893737        69.42590908659051        14.93461984765585    
    286.5000000000000       0.1247583691286059E-06    13.50546861863801        182.4719469286847        2466.385179147417        69.50167488689141        15.89777945873707    
    287.5000000000000       0.1261034487475290E-06    13.55477335005670        183.8114776921772        2493.691567720992        69.58271490219869        16.86057021000493    
    288.5000000000000       0.1275362466465790E-06    13.60719128878166        185.2409891613596        2522.943497597368        69.66915186390898        17.82296500913724    
    289.5000000000000       0.1290593776265134E-06    13.66276303496504        186.7625871339822        2554.205540774508        69.76111821212190        18.78493576362051    
    290.5000000000000       0.1306756059569234E-06    13.72153156605808        188.3785211485156        2587.547187796074        69.85875658968705        19.74645329420461    
    291.5000000000000       0.1323880077545015E-06    13.78354236597032        190.0911918280502        2623.043138448203        69.96222038215261        20.70748724241039    
    292.5000000000000       0.1341997132457681E-06    13.84884376682916        191.9031651420286        2660.773763442345        70.07167430731053        21.66800597147157    
    293.5000000000000       0.1361141343839873E-06    13.91748606336267        193.8171529738820        2700.824880354957        70.18729505843584        22.62797646002873    
    294.5000000000000       0.1381349003623494E-06    13.98952264708470        195.8360491530092        2743.288680316459        70.30927200576500        23.58736418782327    
    295.5000000000000       0.1402658704085330E-06    14.06500943578212        197.9629198828171        2788.263749819780        70.43780796125122        24.54613301256223    
    296.5000000000000       0.1425111371060002E-06    14.14400490133246        200.2010089116617        2835.855369983036        70.57312001218455        25.50424503703480    
    297.5000000000000       0.1448749118309287E-06    14.22657018205719        202.5537482431236        2886.176009188987        70.71544042987155        26.46166046546181    
    298.5000000000000       0.1473618126516849E-06    14.31276969034575        205.0247811811581        2939.346055414647        70.86501766024901        27.41833744794856    
    299.5000000000000       0.1499767224984801E-06    14.40267026317458        207.6179452820066        2995.493732609705        71.02211740405681        28.37423191178316    
    300.5000000000000       0.1527246002740009E-06    14.49634173820029        210.3372963331661        3054.755918960011        71.18702379503708        29.32929737817952    
    301.5000000000000       0.1556109172175691E-06    14.59385690069645        213.1871149340238        3117.278617254351        71.36004068556052        30.28348476290341    
    302.5000000000000       0.1586414105831840E-06    14.69529120698170        216.1719064884452        3183.217300500099        71.54149305012569        31.23674215903603    
    303.5000000000000       0.1618221180033145E-06    14.80072342091676        219.2964290645673        3252.737904514380        71.73172851834073        32.18901459992173    
    304.5000000000000       0.1651596379421688E-06    14.91023478510941        222.5656782451810        3326.016905753173        71.93111905029801        33.14024380011302    
    305.5000000000000       0.1686607240966790E-06    15.02391041276372        225.9849379795971        3403.242877650622        72.14006276870350        34.09036787185757    
    306.5000000000000       0.1723325778450176E-06    15.14183784031377        229.5597482695333        3484.616252865474        72.35898596374419        35.03932101436869    
    307.5000000000000       0.1761830320945071E-06    15.26410819999827        233.2959512438548        3570.350871625813        72.58834528848635        35.98703317277723    
    308.5000000000000       0.1802200365524222E-06    15.39081618192698        237.1997018299631        3660.674772757259        72.82863016461874        36.93342966326801    
    309.5000000000000       0.1844521368206348E-06    15.52205879265544        241.2774407024158        3755.830129812698        73.08036542060660        37.87843076045710    
    310.5000000000000       0.1888881454531056E-06    15.65793704355167        245.5359600631909        3856.075431626616        73.34411418683420        38.82195124255494    
    311.5000000000000       0.1935381353023600E-06    15.79855375731323        249.9823501145723        3961.684950440685        73.62048107510738        39.76389988927667    
    312.5000000000000       0.1984120501589877E-06    15.94401538537368        254.6240685004944        4072.951050617518        73.91011567299067        40.70417892679215    
    313.5000000000000       0.2035207405486909E-06    16.09443149380232        259.4689387096066        4190.184940230041        74.21371638689402        41.64268341324666    
    314.5000000000000       0.2088758718998672E-06    16.24991339158573        264.5251174733647        4313.716632291446        74.53203467162331        42.57930055750678    
    315.5000000000000       0.2144892369557813E-06    16.41057721098138        269.8012195991616        4443.899101454226        74.86587968829078        43.51390896278393    
    316.5000000000000       0.2203741333375691E-06    16.57654316964259        275.3063022403400        4581.108643431281        75.21612343706069        44.44637778564021    
    317.5000000000000       0.2265443050459709E-06    16.74793192360881        281.0497641870932        4725.743450425881        75.58370641618387        45.37656579956308    
    318.5000000000000       0.2330141056806593E-06    16.92486521512235        287.0413887323001        4878.225909111446        75.96964386414592        46.30432035078355    
    319.5000000000000       0.2397997121825934E-06    17.10747587874755        293.2916969955539        5039.012623813092        76.37503264747848        47.22947619228232    
    320.5000000000000       0.2469192870466736E-06    17.29589880761553        299.8116608655338        5208.588348953694        76.80105886279323        48.15185417994073    
    321.5000000000000       0.2543900112034804E-06    17.49026331568594        306.6124760521443        5387.461940542206        77.24900622777476        49.07125981252023    
    322.5000000000000       0.2622326357302959E-06    17.69071013240447        313.7061288263495        5576.181318296869        77.72026534202229        49.98748159455543    
    323.5000000000000       0.2704670384077115E-06    17.89738448268099        321.1052456239590        5775.333032382900        78.21634390447215        50.90028919827756    
    324.5000000000000       0.2791164839460421E-06    18.11043129128150        328.8229046273738        5985.537708055991        78.73887797924100        51.80943139730852    
    325.5000000000000       0.2882062118177204E-06    18.33000397462645        336.8729840106131        6207.461596625045        79.28964440549406        52.71463374103902    
    326.5000000000000       0.2977619585535329E-06    18.55624567745502        345.2694921356540        6441.799679117699        79.87057444849481        53.61559593428372    
    327.5000000000000       0.3078125170356388E-06    18.78930767727390        354.0272800865777        6689.297773350446        80.48376878711990        54.51198888196749    
    328.5000000000000       0.3183898087103266E-06    19.02934960637198        363.1620882304281        6950.756257928877        81.13151392614508        55.40345135322419    
    329.5000000000000       0.3295259633291981E-06    19.27650955918863        372.6893383706935        7226.995063974485        81.81630010720609        56.28958621339238    
    330.5000000000000       0.3412528615731321E-06    19.53092771380434        382.6251911574287        7518.890030051643        82.54084076736619        57.16995616603433    
    331.5000000000000       0.3536094468650575E-06    19.79276216926863        392.9870772197484        7827.387686303698        83.30809355441454        58.04407894040868    
    332.5000000000000       0.3666356731698080E-06    20.06215576782975        403.7924473261714        8153.471851622022        84.12128284766219        58.91142185301970    
    333.5000000000000       0.3803774791444869E-06    20.33926629436322        415.0600909679209        8498.208428541260        84.98392364450355        59.77139566533157    
    334.5000000000000       0.3948815380724072E-06    20.62423903690667        426.8089187401479        8862.707290298547        85.89984654638852        60.62334765407179    
    335.5000000000000       0.4101992343899370E-06    20.91723617663503        439.0592405832517        9248.166017879119        86.87322340013638        61.46655380666496    
    336.5000000000000       0.4263918585184070E-06    21.21838799013639        451.8307292971232        9655.808319176444        87.90859290515354        62.30021005358872    
    337.5000000000000       0.4435137481445278E-06    21.52784248613519        465.1446735365625        10086.96340738379        89.01088516334295        63.12342245378328    
    338.5000000000000       0.4616518907291125E-06    21.84578936177517        479.0248042748774        10543.08844435831        90.18544370104652        63.93519626144491    
    339.5000000000000       0.4808631402979549E-06    22.17233738755318        493.4921856533464        11025.61118905041        91.43804290167854        64.73442382644772    
    340.5000000000000       0.5012679657361616E-06    22.50768524485084        508.5726427595629        11536.17675764676        92.77489802125913        65.51987132150883    
    341.5000000000000       0.5229121856513132E-06    22.85191592459968        524.2879061201509        12076.36415308251        94.20266398468085        66.29016435398670    
    342.5000000000000       0.5459492569788440E-06    23.20521705153593        540.6649164971492        12647.98269507222        95.72841795315888        67.04377261781072    
    343.5000000000000       0.5704592515735259E-06    23.56765139095589        557.7258412842323        13252.74993036624        97.35961920692412        67.77899388248821    
    344.5000000000000       0.5965790673591471E-06    23.93936627504017        575.4976345066118        13892.62383446509        99.10403823466025        68.49393781418156    
    345.5000000000000       0.6244360574991736E-06    24.32043193206153        594.0044326771292        14569.53694229497        100.9696451645124        69.18651039193590    
    346.5000000000000       0.6542162807039231E-06    24.71098416521436        613.2741772045689        15285.63083577977        102.9644460248699        69.85440003194972    
    347.5000000000000       0.6860262203846331E-06    25.11106663621965        633.3314036724926        16043.01289351330        105.0962541675442        70.49506696975791    
    348.5000000000000       0.7201722177622858E-06    25.52088256906019        654.2089638708659        16844.16924909757        107.3723841281521        71.10573796615709    
    349.5000000000000       0.7567973885298001E-06    25.94040307255447        675.9294221476418        17691.30640220261        109.7992571133943        71.68340896499983    
    350.5000000000000       0.7961869412214650E-06    26.36973998174427        698.5227465200622        18586.98339404237        112.3819123206072        72.22485886860426    
    351.5000000000000       0.8385967502561448E-06    26.80894938150148        722.0172605564929        19533.80767865309        115.1234276545964        72.72667798562452    
    352.5000000000000       0.8843933384586261E-06    27.25817218947831        746.4464588763549        20534.68598364816        118.0242681233608        73.18531476128686    
    353.5000000000000       0.9338869191116949E-06    27.71728521846558        771.8303104475208        21592.07588093415        121.0816004336046        73.59714388153178    
    354.5000000000000       0.9875939742061203E-06    28.18648924680160        798.2068093795839        22709.25925319941        124.2886365275784        73.95855749684681    
    355.5000000000000       0.1045868619208074E-05    28.66564422616699        825.5963901278118        23888.91969500320        127.6340928929418        74.26607895365706    
    356.5000000000000       0.1109356580576327E-05    29.15476803528879        854.0278527741941        25134.15019752784        131.1018694213712        74.51649506224801    
    357.5000000000000       0.1178546788244293E-05    29.65388825035628        883.5322514359467        26448.29739728631        134.6710524169523        74.70699891492734    
    358.5000000000000       0.1254351138168594E-05    30.16295656540019        914.1355646155937        27834.54194301873        138.3163229212865        74.83533135009171    
    359.5000000000000       0.1337478950837713E-05    30.68192766197361        945.8653650910181        29296.28647983003        142.0088008239788        74.89990641924797    
