 # author: MA Kubiak / Space Research Center PAS Warsaw Poland, contact: mkubiak@cbk.waw.pl                          
 # code version Program.keplerV_ellipt_V2      , Dates: calkV:20/04/2026  ; part_pr:20/04/2026                       
 # czas no T v_mas, kier.naplywu(dl, szer) macierz obrotu (ecl to helio), r, theta, phi(ecl,spher), V_detector(ecl,cart), IBEX_energy_channel
 #     2026.136830000000        0.1419110000000000E-01     7443.000000000000        -25.78400000689422         255.7450000000000         5.169000000000000        0.2459841265748581        0.9692738567985851         0.000000000000000       -0.9615244635393438        0.2440174711049008        0.1261989691358298        0.1223213615382913       -0.3104294319752456E-01    0.9920049496797150        0.9790319999999999         150.8419420000000        0.2739400000000000E-01    -14.81000000000000        -25.87600000000000        0.3699999999999999E-01 00
 # routs_end= 150.00;    Maxwellian,    elliptOrb=Off                                                                                        
 # Numerical parameters: GridKl=10  GridKf=09  GridKV=05  epsV= 0.0000100  epssJon=.0010000                                                  
 # Numerical parameters: GridKl=10  GridKf=09  GridKV=05  epsV= 0.0000100  epssJon=.0010000; tessel128                                                                                                                                                                                                                                                                                                                                                                                                                                                                 
# Axis to the Sun: alpha_ecl= 326.8970000000000000 delta_Ecl= 0.0920000000000000 delta_Ax= 90.0000000000000000  repoint= 00162
 #  flag_atom: He                                                   
 #  flag_general:                                                   
 #                                                                  
 #                                                                  
  # Ly_a_Profil: zero                                               
  # flag_Itot: zero                                                 
 #  v_SW_Eqtr: speed3D.hybrid2026c_patched.dat                      
 #  n_SW_Eqtr: density3D.hybrid2026c_patched.dat                    
 #  phot_Eqtr: 0.8500000  phion_Helium_T12F107_2026c.dat            
 #  sigma_SW: p+He->H +He+, He + alpha (2 chnls);src:simuLosses.nb  
 #  flag_el:slow  swEqtrElectrons5.2026c.patched.dat                
 #  SW_lati: interpolation                                          
 #  phot_lati: analit pole-flattened after Pryor & Auchere          
 #
 #
 #
 #Spin  flux speed	speed^2 speed^3    long_ecl lat_ecl
   0.5000000000000000       0.7730774441935571E-05    31.84417774875093        1018.821940199856        32747.37599439087        226.4714574948616        89.49160415846914    
    1.500000000000000       0.8304289152139257E-05    32.39486650644221        1054.354285685561        34474.84575068815        233.3880593636005        88.49717945385559    
    2.500000000000000       0.8927249392134812E-05    32.95470971372018        1091.097017486196        36291.78055995901        234.7908061991281        87.49830634185513    
    3.500000000000000       0.9605404858465791E-05    33.52356251274307        1129.070167574921        38201.67555405111        235.3931618413883        86.49879006518400    
    4.500000000000000       0.1034457636655524E-04    34.10126836770670        1168.293573872922        40208.14039160912        235.7281942622970        85.49905908327338    
    5.500000000000000       0.1115158906723668E-04    34.68785096142910        1208.799698809480        42315.55480520794        235.9416348411212        84.49923045914790    
    6.500000000000000       0.1203515810722941E-04    35.28319598354895        1250.611692623291        44527.93476986948        236.0895825473837        83.49934924623444    
    7.500000000000000       0.1300451370643383E-04    35.88721563708765        1293.754601514919        46849.50551731109        236.1982279293117        82.49943647611512    
    8.500000000000000       0.1407020107672923E-04    36.49984547126655        1338.254603964264        49284.63326886536        236.2814399111754        81.49950328517461    
    9.500000000000000       0.1524503803005549E-04    37.12100291934651        1384.137220155026        51837.79790504985        236.3472490981550        80.49955612153886    
    10.50000000000000       0.1654428960877468E-04    37.75055406515807        1431.423640216677        54513.32225544017        236.4006273404591        79.49959897722482    
    11.50000000000000       0.1798575371813024E-04    38.38841098613980        1480.138712640587        57315.86400860059        236.4448174011064        78.49963445587842    
    12.50000000000000       0.1959079666011291E-04    39.03454240614152        1530.311465253226        60250.43086170829        236.4820244944482        77.49966432806491    
    13.50000000000000       0.2138472444843787E-04    39.68893955335830        1581.973071429566        63322.29933025756        236.5138005187373        76.49968983979028    
    14.50000000000000       0.2339835475063122E-04    40.35158258831905        1635.154925796013        66536.95462194763        236.5412693153607        75.49971189337056    
    15.50000000000000       0.2566950317858940E-04    41.02262153292877        1689.902577716633        69900.89710678565        236.5652647400922        74.49973115829246    
    16.50000000000000       0.2824460294826126E-04    41.70218596253778        1746.261066422950        73420.80358719824        236.5864185311871        73.49974814176413    
    17.50000000000000       0.3118025158784479E-04    42.39037839683067        1804.273600556946        77103.39703897096        236.6052180536784        72.49976323507818    
    18.50000000000000       0.3454781362832743E-04    43.08742546002617        1863.995890237397        80956.47172773097        236.6220453171203        71.49977674493904    
    19.50000000000000       0.3843608934297046E-04    43.79360310296286        1925.489695921430        84988.48505289391        236.6372039886354        70.49978891515174    
    20.50000000000000       0.4295866360122927E-04    44.50933543454904        1988.832304977926        89209.24911402252        236.6509385001583        69.49979994196264    
    21.50000000000000       0.4826093867043563E-04    45.23521079007029        2054.119149855799        93630.20207597007        236.6634478237078        68.49980998511953    
    22.50000000000000       0.5453204620488570E-04    45.97179253102896        2121.446636092390        98263.25617795317        236.6748955734339        67.49981917598242    
    23.50000000000000       0.6202012814413781E-04    46.71994747570233        2190.944690161818        103123.2397838702        236.6854175285383        66.49982762356343    
    24.50000000000000       0.7105487513320011E-04    47.48053650573600        2262.747695121706        108225.8711109168        236.6951273139314        65.49983541908770    
    25.50000000000000       0.8208115678066285E-04    48.25472225276741        2337.025815607233        113590.1851567451        236.7041207443220        64.49984263948116    
    26.50000000000000       0.9570707084728763E-04    49.04374021577403        2413.964277029462        119237.1715856678        236.7124791847860        63.49984935006860    
    27.50000000000000       0.1127770233313528E-03    49.84899600148009        2493.773590984091        125190.6314175922        236.7202721781529        62.49985560668318    
    28.50000000000000       0.1344839327061123E-03    50.67208452633099        2576.693860507754        131477.7399691871        236.7275595192885        61.49986145733175    
    29.50000000000000       0.1625397464223165E-03    51.51447746252180        2662.962830568516        138126.6479816852        236.7343929075117        60.49986694352157    
    30.50000000000000       0.1994472095345450E-03    52.37763062415514        2752.827147456014        145167.4439752919        236.7408172739680        59.49987210132597    
    31.50000000000000       0.2489338521901072E-03    53.26266489716718        2846.508152405019        152629.4613222938        236.7468718561877        58.49987696224709    
    32.50000000000000       0.3166611472332809E-03    54.17024473917279        2944.185775263022        160539.7995060490        236.7525910742823        57.49988155391937    
    33.50000000000000       0.4113902296425914E-03    55.10011175925109        3045.943502511918        168918.5194826478        236.7580052502265        56.49988590068702    
    34.50000000000000       0.5469577789409382E-03    56.05081693869725        3151.729480987637        177774.6677406211        236.7631412020634        55.49989002408109    
    35.50000000000000       0.7456401171942972E-03    57.01949091133060        3261.321300151328        187102.4893722082        236.7680227376964        54.49989394321589    
    36.50000000000000       0.1044018739940123E-02    58.00175419557167        3374.303056422291        196878.3111656443        236.7726710675252        53.49989767512033    
    37.50000000000000       0.1503295506448398E-02    58.99179604965035        3490.061199898953        207058.8955268493        236.7771051510748        52.49990123501617    
    38.50000000000000       0.2227754402720636E-02    59.98289148744985        3607.834809658146        217584.7764193073        236.7813419896204        51.49990463655295    
    39.50000000000000       0.3398157610407586E-02    60.96784100369151        3726.759703301016        228383.2205180267        236.7853968743773        50.49990789200734    
    40.50000000000000       0.5332553732600457E-02    61.93926621324994        3845.896489655392        239369.7403895569        236.7892835979387        49.49991101245274    
    41.50000000000000       0.8598641547619126E-02    62.89051598611728        3964.343718030558        250458.3677142558        236.7930146351581        48.49991400790469    
    42.50000000000000       0.1422214281041277E-01    63.81613225207926        4081.305866070582        261568.6574580005        236.7966012985131        47.49991688744544    
    43.50000000000000       0.2407641884368100E-01    64.71231262930677        4196.165680048260        272633.6215335064        236.8000538720549        46.49991965933160    
    44.50000000000000       0.4161307390677560E-01    65.57677563716496        4308.480204759558        283600.4226028183        236.8033817273143        45.49992233108712    
    45.50000000000000       0.7323114259028287E-01    66.40834685256841        4417.939260471200        294427.3901824275        236.8065934239400        44.49992490958417    
    46.50000000000000       0.1308566137672083        67.20715533654938        4524.403545342031        305088.9443917054        236.8096967973691        43.49992740111344    
    47.50000000000000       0.2367634312545485        67.97365189829773        4627.779122940632        315563.5448414056        236.8126990354410        42.49992981144573    
    48.50000000000000       0.4325707627036940        68.70862159874996        4728.025081404521        325835.1166106508        236.8156067455520        41.49993214588578    
    49.50000000000000       0.7958909442941689        69.41264896102611        4825.078995644884        335885.2827952817        236.8184260136888        40.49993440931976    
    50.50000000000000        1.470822569359141        70.08631461866645        4918.887167399472        345696.9104137523        236.8211624564671        39.49993660625700    
    51.50000000000000        2.723471623404208        70.73066106410177        5009.472400592459        355261.5951344908        236.8238212671284        38.49993874086690    
    52.50000000000000        5.041203623765279        71.34662165855011        5096.852488461923        364570.9970612507        236.8264072563000        37.49994081701168    
    53.50000000000000        9.307797517673929        71.93522948929218        5181.070354156711        373620.1917909135        236.8289248882056        36.49994283827544    
    54.50000000000000        17.10619989688372        72.49717649363637        5262.127007706124        382400.0887739781        236.8313783129118        35.49994480799008    
    55.50000000000000        31.23212929593852        73.03303638105992        5340.013881904624        390901.0221322394        236.8337713951107        34.49994672925837    
    56.50000000000000        56.54757527529310        73.54349887645411        5414.746884599860        399116.5209880274        236.8361077398709        33.49994860497468    
    57.50000000000000        101.3588811264791        74.02917246082265        5486.336826543828        407040.0296894645        236.8383907157246        32.49995043784338    
    58.50000000000000        179.5826252000488        74.49064332443511        5554.798073264220        414665.9088678492        236.8406234754141        31.49995223039570    
    59.50000000000000        314.0428510171160        74.92839599566040        5620.135218193506        421987.8114738479        236.8428089745715        30.49995398500455    
    60.50000000000000        541.3197839532617        75.34288575372490        5682.353355153752        428999.8032088485        236.8449499885744        29.49995570389815    
    61.50000000000000        918.6312364870520        75.73458359488944        5741.464894303910        435697.1699913943        236.8470491277854        28.49995738917224    
    62.50000000000000        1533.129095388863        76.10402679884658        5797.497607700801        442077.4055064415        236.8491088513589        27.49995904280113    
    63.50000000000000        2513.863728728621        76.45171222452096        5850.477769795065        448138.2375296091        236.8511314797749        26.49996066664782    
    64.50000000000000        4046.249358540222        76.77811764899219        5900.432810114423        453877.8826107758        236.8531192062390        25.49996226247315    
    65.50000000000000        6388.174503621592        77.08373498472891        5947.396341566830        459295.6373681494        236.8550741070722        24.49996383194406    
    66.50000000000000        9886.293759372224        77.36907882859428        5991.409051463366        464391.9460659113        236.8569981511995        23.49996537664131    
    67.50000000000000        14989.39834349245        77.63476556594921        6032.531989858486        469170.0888004460        236.8588932088319        22.49996689806641    
    68.50000000000000        22255.20803760835        77.88145271060492        6070.836320603924        473634.9004007435        236.8607610594270        21.49996839764797    
    69.50000000000000        32346.10777507413        78.10978822317369        6106.394966835822        477791.7499570145        236.8626033990030        20.49996987674764    
    70.50000000000000        46008.80845068709        78.32049525284000        6139.296069025384        481648.1567240913        236.8644218468738        19.49997133666550    
    71.50000000000000        64034.85807729890        78.51433526645678        6169.636923628152        485213.0535183803        236.8662179518625        18.49997277864499    
    72.50000000000000        87197.92818029795        78.69209611802142        6197.521986082009        488496.5438453347        236.8679931980495        17.49997420387761    
    73.50000000000000        116171.3032367359        78.85460497824536        6223.064827740398        491510.1329912925        236.8697490100996        16.49997561350715    
    74.50000000000000        151429.3194560318        79.00271283633472        6246.385450561404        494266.3863990004        236.8714867582129        15.49997700863365    
    75.50000000000000        193141.9236241429        79.13728200451523        6267.608053561154        496778.6386511870        236.8732077627369        14.49997839031715    
    76.50000000000000        241076.0005972476        79.25918166922639        6286.859901282302        499060.8117958414        236.8749132984747        13.49997975958114    
    77.50000000000000        294514.5388181886        79.36922004775886        6304.260517251294        501126.1270629670        236.8766045987205        12.49998111741573    
    78.50000000000000        352215.3287863501        79.46818394296125        6319.927532736253        502987.7525119683        236.8782828590513        11.49998246478079    
    79.50000000000000        412416.2427525383        79.55681890955803        6333.973425490707        504658.4033556400        236.8799492408995        10.49998380260878    
    80.50000000000000        472774.1600966450        79.63607173534885        6346.543922738078        506154.9077055908        236.8816048749320        9.499985131807415    
    81.50000000000000        531091.1398370404        79.70567020989539        6357.591498813842        507471.0985057639        236.8832508642556        8.499986453262334    
    82.50000000000000        584269.6092435233        79.76701254094269        6367.335385334460        508632.7747654264        236.8848882874699        7.499987767839485    
    83.50000000000000        628403.6869157599        79.81935727681254        6375.655795520778        509625.4248623729        236.8865182015857        6.499989076387449    
    84.50000000000000        665017.6864487136        79.86564534195327        6383.015550787090        510503.7005809830        236.8881416448270        5.499990379739772    
    85.50000000000000        688161.1927052542        79.90355948158897        6389.046903068205        511223.8132556928        236.8897596393313        4.499991678717065    
    86.50000000000000        697819.7594167462        79.93412346512063        6393.910263579901        511804.6209619559        236.8913731937650        3.499992974129102    
    87.50000000000000        693426.5947038853        79.95748100947263        6397.627346499021        512248.5804663675        236.8929833058671        2.499994266776912    
    88.50000000000000        675246.0708991241        79.97364934319243        6400.199908986137        512555.7852130527        236.8945909649360        1.499995557454749    
    89.50000000000000        644329.3901424921        79.98258089439648        6401.619766256251        512725.1854674536        236.8961971542717       0.4999968469520138    
    90.50000000000000        602431.1586589303        79.98418027499267        6401.871342105406        512754.8740786625        236.8978028535873      -0.5000018639447370    
    91.50000000000000        551852.0622281861        79.97822289653520        6400.918607016688        512640.5135375371        236.8994090414016       -1.500000574449906    
    92.50000000000000        495221.4354933300        79.96442874769043        6398.717121307409        512376.8109895595        236.9010166974254       -2.499999283776979    
    93.50000000000000        435288.3648225680        79.94244570448856        6395.211194232484        511957.1559770685        236.9026268049540       -3.499997991136524    
    94.50000000000000        374704.1755483930        79.91180238239387        6390.326426727221        511372.7354734614        236.9042403532790       -4.499996695734300    
    95.50000000000000        315834.5316882500        79.87197196863021        6383.980123117511        510613.8077580548        236.9058583401299       -5.499995396769326    
    96.50000000000000        260626.6085058642        79.82236229699792        6376.079647605304        509669.4978606373        236.9074817741614       -6.499994093431819    
    97.50000000000000        210521.1910004146        79.76228455828782        6366.517644935458        508527.2503910361        236.9091116774968       -7.499992784901192    
    98.50000000000000        166427.3554765201        79.69100702103935        6355.180889770212        507173.9223361932        236.9107490883434       -8.499991470343931    
    99.50000000000000        128751.3111664766        79.60776321704181        6341.951695626671        505595.9633966574        236.9123950636927       -9.499990148911490    
    100.5000000000000        97462.75157473149        79.51175596316273        6326.708787600855        503779.5468899327        236.9140506821225       -10.49998881973794    
    101.5000000000000        72188.56365390382        79.40218151407618        6309.331464520383        501711.1038904218        236.9157170467151       -11.49998748193771    
    102.5000000000000        52317.35790724918        79.27822354337509        6289.698813861196        499377.2479247033        236.9173952881096       -12.49998613460310    
    103.5000000000000        37102.33336217800        79.13908217924629        6267.694626346332        496765.3949227564        236.9190865677085       -13.49998477680172    
    104.5000000000000        25751.31145918656        78.98397333368111        6243.207412702525        493863.7754565786        236.9207920810550       -14.49998340757374    
    105.5000000000000        17496.07854346314        78.81216106151950        6216.135938154775        490662.1390058720        236.9225130614069       -15.49998202592912    
    106.5000000000000        11640.10684981272        78.62288270500497        6186.377218151284        487150.3022813347        236.9242507835274       -16.49998063084442    
    107.5000000000000        7586.113927997925        78.41542949696955        6153.839947780009        483319.8201150891        236.9260065677205       -17.49997922125968    
    108.5000000000000        4845.509609777517        78.18909637478762        6118.436352714531        479162.9831312048        236.9277817841393       -18.49997779607494    
    109.5000000000000        3035.149932581779        77.94325014154633        6080.093411782822        474674.1958342167        236.9295778573975       -19.49997635414649    
    110.5000000000000        1865.726410384438        77.67727517675822        6038.744295239313        469848.9522950992        236.9313962715203       -20.49997489428291    
    111.5000000000000        1126.401798369378        77.39060562286838        5994.334271458139        464684.6246667394        236.9332385752717       -21.49997341524086    
    112.5000000000000        668.5044119911198        77.08263158967040        5946.805350903877        459178.5597068619        236.9351063879011       -22.49997191572037    
    113.5000000000000        390.4164965846215        76.75279929972420        5896.112365198694        453330.0015480217        236.9370014053578       -23.49997039435989    
    114.5000000000000        224.6289631452923        76.40061983379215        5842.224772875169        447140.3397732272        236.9389254070253       -24.49996884973094    
    115.5000000000000        127.4891034774711        76.02554961508018        5785.107606862083        440610.8072982159        236.9408802630344       -25.49996728033211    
    116.5000000000000        71.47432897352105        75.62691641830264        5724.710932240307        433741.3402730217        236.9428679422243       -26.49996568458285    
    117.5000000000000        39.64059561628480        75.20406059068240        5660.992756457026        426533.3386587113        236.9448905208238       -27.49996406081628    
    118.5000000000000        21.78459064899870        74.75641680768284        5593.931601711249        418991.0865229417        236.9469501919390       -28.49996240727177    
    119.5000000000000        11.88359015406835        74.28344124211131        5523.515396312082        411120.4466256355        236.9490492759430       -29.49996072208651    
    120.5000000000000        6.447148095785114        73.78452392425737        5449.728352207634        402927.3462714496        236.9511902318756       -30.49995900328631    
    121.5000000000000        3.485725274119187        73.25887132432155        5372.533623872547        394415.8109030699        236.9533756699756       -31.49995724877567    
    122.5000000000000        1.882137602356419        72.70538246433252        5291.855735245325        385586.0467754093        236.9556083654877       -32.49995545632662    
    123.5000000000000        1.017271789590998        72.12310975493354        5207.652007689911        376442.6978533323        236.9578912739009       -33.49995362356638    
    124.5000000000000       0.5517128857902986        71.51119438651025        5119.902844287421        366993.6854881622        236.9602275478027       -34.49995174796408    
    125.5000000000000       0.3010336704744224        70.86895771023424        5028.625298825841        357251.6531836349        236.9626205555593       -35.49994982681557    
    126.5000000000000       0.1657030679558600        70.19574779022415        4933.849601326146        347231.1999333842        236.9650739020593       -36.49994785722674    
    127.5000000000000       0.9227160761078434E-01    69.49063042016188        4835.572260662928        336943.4636687523        236.9675914518008       -37.49994583609517    
    128.5000000000000       0.5212704581214403E-01    68.75284259849296        4733.821819032169        326403.2351478653        236.9701773546405       -38.49994376008932    
    129.5000000000000       0.2996109151539319E-01    67.98208586897077        4628.698666886814        315632.9767631164        236.9728360745746       -39.49994162562539    
    130.5000000000000       0.1757018059077563E-01    67.17882685977175        4520.411128515025        304665.9626223726        236.9755724219844       -40.49993942884159    
    131.5000000000000       0.1054091701770348E-01    66.34461661875081        4409.310765476724        293549.0352744724        236.9783915898438       -41.49993716556898    
    132.5000000000000       0.6484857938759188E-02    65.48242913370414        4295.928714202739        282345.3877564672        236.9812991944782       -42.49993483129864    
    133.5000000000000       0.4099222226630372E-02    64.59677321929148        4180.978932890067        271133.8184334598        236.9843013215579       -43.49993242114496    
    134.5000000000000       0.2666256815837357E-02    63.69342625477282        4065.309770022975        260002.7600300371        236.9874045781348       -44.49992992980376    
    135.5000000000000       0.1785830001934394E-02    62.77895347646140        3949.830581632072        249042.2429715743        236.9906161516720       -45.49992735150479    
    136.5000000000000       0.1231822150402918E-02    61.86000971246027        3835.416908201616        238334.4998056671        236.9939438771956       -46.49992467995806    
    137.5000000000000       0.8745293145465860E-03    60.94301676943580        3722.872831585827        227950.9714784534        236.9973963139033       -47.49992190829214    
    138.5000000000000       0.6383036286285540E-03    60.03389235261587        3612.904100116089        217950.6920433172        237.0009828328314       -48.49991902898385    
    139.5000000000000       0.4781962000311339E-03    59.13705960237066        3505.998731159018        208369.6299715525        237.0047137174870       -49.49991603377746    
    140.5000000000000       0.3670126647700618E-03    58.25563867965823        3402.465396423372        199225.7716358633        237.0086002797480       -50.49991291359171    
    141.5000000000000       0.2879709833326070E-03    57.39128452036523        3302.422446217307        190518.9732380063        237.0126549938059       -51.49990965841211    
    142.5000000000000       0.2305112467187329E-03    56.54464044465955        3205.864322847216        182238.0847028483        237.0168916515197       -52.49990625716644    
    143.5000000000000       0.1878521756356586E-03    55.71536343004170        3112.669497136084        174362.0716442222        237.0213255432906       -53.49990269757939    
    144.5000000000000       0.1555539451824838E-03    54.90263837017391        3022.667704047033        166866.5340375117        237.0259736694872       -54.49989896600280    
    145.5000000000000       0.1306490226603343E-03    54.10518970159249        2935.643038950440        159724.0747086310        237.0308549886226       -55.49989504721660    
    146.5000000000000       0.1111191180558146E-03    53.32165297830006        2851.378110521410        152908.1870370237        237.0359907099633       -56.49989092419371    
    147.5000000000000       0.9556606068775119E-04    52.55069273849706        2769.667853579376        146394.4255857469        237.0414046401397       -57.49988657782184    
    148.5000000000000       0.8300222876477639E-04    51.79094943855673        2690.311995131538        140159.5796484268        237.0471235957605       -58.49988198657228    
    149.5000000000000       0.7272081094622052E-04    51.04137747996833        2613.152903605075        134184.8291336588        237.0531778971772       -59.49987712610348    
    150.5000000000000       0.6420611135090413E-04    50.30093736441245        2538.039026297679        128452.4551520896        237.0596019626588       -60.49987196878391    
    151.5000000000000       0.5707637353890586E-04    49.56869000959664        2464.834881159433        122946.6084444671        237.0664350276340       -61.49986648311486    
    152.5000000000000       0.5104725915358301E-04    48.84402197788901        2393.444221822388        117655.0810963694        237.0737220208419       -62.49986063302688    
    153.5000000000000       0.4590167710372705E-04    48.12639552501219        2323.781821348476        112566.8955841165        237.0815146388321       -63.49985437701718    
    154.5000000000000       0.4147294338657581E-04    47.41528668756503        2255.766112855245        107671.6443491413        237.0898726732678       -64.49984766708408    
    155.5000000000000       0.3763156766722221E-04    46.71036277433837        2189.337370261107        102960.8831939174        237.0988656632544       -65.49984044740053    
    156.5000000000000       0.3427560512793754E-04    46.01140499509282        2124.449150172049        98427.41440269626        237.1085749695113       -66.49983265264866    
    157.5000000000000       0.3132471811738050E-04    45.31828419964493        2061.064693568148        94064.91925099313        237.1190964016195       -67.49982420591088    
    158.5000000000000       0.2871382552198284E-04    44.63083011559606        1999.143775139835        89866.96104460798        237.1305435784103       -68.49981501597196    
    159.5000000000000       0.2639088752363710E-04    43.94894667718590        1938.653811162334        85827.78822258637        237.1430522718256       -69.49980497383143    
    160.5000000000000       0.2431347579955061E-04    43.27261061333309        1879.569526724369        81942.29542113267        237.1567860872726       -70.49979394814352    
    161.5000000000000       0.2244699496842275E-04    42.60190820058317        1821.875864821146        78206.18765841812        237.1719439861457       -71.49978177917770    
    162.5000000000000       0.2076309154235568E-04    41.93695089364401        1765.559686899036        74615.36974031175        237.1887703873397       -72.49976827070859    
    163.5000000000000       0.1923805938573546E-04    41.27785840208905        1710.608053996071        71165.81792432012        237.2075689417932       -73.49975317895760    
    164.5000000000000       0.1785194838981985E-04    40.62481333853516        1657.012838794500        67853.87273923100        237.2287216387254       -74.49973619725328    
    165.5000000000000       0.1658788924405624E-04    39.97787912970669        1604.755342541509        64675.26473858535        237.2527158172609       -75.49971693434502    
    166.5000000000000       0.1543188151519743E-04    39.33726201144415        1553.828039249459        61626.47327009993        237.2801831821240       -76.49969488307930    
    167.5000000000000       0.1437139869890111E-04    38.70305136421327        1504.213486836525        58703.44059632693        237.3119575449105       -77.49966937404129    
    168.5000000000000       0.1339632432768785E-04    38.07540358345482        1455.899267786512        55902.48631923555        237.3491626875918       -78.49963950501179    
    169.5000000000000       0.1249788990963572E-04    37.45451079888249        1408.875171096015        53220.11838395827        237.3933504265817       -79.49960403011833    
    170.5000000000000       0.1166844457173899E-04    36.84054030589311        1363.128470339514        50652.75900225445        237.4467258602905       -80.49956117898522    
    171.5000000000000       0.1090150693788774E-04    36.23374604706486        1318.652454085365        48197.23557913151        237.5125315818720       -81.49950834824466    
    172.5000000000000       0.1019125306747478E-04    35.63435200452140        1275.437345179329        45850.25069465578        237.5957391822844       -82.49944154630508    
    173.5000000000000       0.9532396140948640E-05    35.04250201626087        1233.466898087917        43608.21259135762        237.7043788504021       -83.49935432572612    
    174.5000000000000       0.8920708432126151E-05    34.45845563452635        1192.732589388308        41468.00811306958        237.8523187970662       -84.49923555130241    
    175.5000000000000       0.8352222198304336E-05    33.88241811853018        1153.221264400157        39426.33082069771        238.0657482376156       -85.49906419366754    
    176.5000000000000       0.7823315384382452E-05    33.31458565180083        1114.918920883129        37479.91266558603        238.4007633318867       -86.49879520410558    
    177.5000000000000       0.7330757953164747E-05    32.75509244661610        1077.806664066224        35625.29342939283        239.0030883530939       -87.49831153167972    
    178.5000000000000       0.6871758702439137E-05    32.20409907331830        1041.867013584497        33859.15843015922        240.4057667053695       -88.49718476008246    
    179.5000000000000       0.6443906607485049E-05    31.66191547752194        1007.091417163670        32178.67762729404        247.3220944712276       -89.49160999115320    
    180.5000000000000       0.6044682340479732E-05    31.12805836888649        973.4223139530935        30578.90675900331        46.47211985078928       -89.49160013862289    
    181.5000000000000       0.5671918609663200E-05    30.60360653642756        940.9011478181036        29059.54783144153        53.38826669826692       -88.49717476096197    
    182.5000000000000       0.5323971065874523E-05    30.08806818050186        909.4658537492683        27615.41671221055        54.79093010734699       -87.49830152054727    
    183.5000000000000       0.4998817806019661E-05    29.58169345469722        879.1051230124691        26243.95957555147        55.39325099892040       -86.49878518965622    
    184.5000000000000       0.4695097958311165E-05    29.08450179922315        849.7924994695411        24941.95946597345        55.72826439216522       -85.49905417785219    
    185.5000000000000       0.4411341148665315E-05    28.59666414209587        821.5108186206274        23706.71091050006        55.94169297130606       -84.49922553479539    
    186.5000000000000       0.4145948217892810E-05    28.11810558582314        794.2286152547235        22534.96147493788        56.08963242242698       -83.49934430882126    
    187.5000000000000       0.3897891007800628E-05    27.64907966679130        767.9336074943981        21424.37917872756        56.19827177959925       -82.49943152915056    
    188.5000000000000       0.3666055768889476E-05    27.18936241399521        742.5868849062111        20371.58920738582        56.28147917218718       -81.49949833092325    
    189.5000000000000       0.3449067560463612E-05    26.73928331563389        718.1809019867922        19374.62628898163        56.34728474804089       -80.49955116154683    
    190.5000000000000       0.3246252070980078E-05    26.29845881119074        694.6692206855814        18429.99767543907        56.40066007563694       -79.49959401259476    
    191.5000000000000       0.3056379059349872E-05    25.86722638440196        672.0453841315014        17535.94474040707        56.44484773497207       -78.49962948742424    
    192.5000000000000       0.2878881901802166E-05    25.44539639842567        650.2747358839059        16689.63662913726        56.48205281634044       -77.49965935640454    
    193.5000000000000       0.2712730209080096E-05    25.03292995457056        629.3318548349396        15888.72180931755        56.51382713092894       -76.49968486540384    
    194.5000000000000       0.2557405411989921E-05    24.63002095953014        609.2033241712870        15131.37052863306        56.54129445721974       -75.49970691663860    
    195.5000000000000       0.2412037713334664E-05    24.23619178745362        589.8424312515122        14414.56925229861        56.56528860440694       -74.49972617952169    
    196.5000000000000       0.2275867181072982E-05    23.85186053957999        571.2488004538736        13737.15644241731        56.58644127551810       -73.49974316120530    
    197.5000000000000       0.2148622968931995E-05    23.47666224697595        553.3822685624806        13096.50196526106        56.60523980845154       -72.49975825293900    
    198.5000000000000       0.2029465416737726E-05    23.11060398570950        536.2234552044913        12490.88182471535        56.62206619152238       -71.49977176139353    
    199.5000000000000       0.1917887567532695E-05    22.75368945279986        519.7523019213630        11918.57286557045        56.63722407499085       -70.49978393034701    
    200.5000000000000       0.1813565744385455E-05    22.40567582731281        503.9380567549903        11377.54723810164        56.65095787723447       -69.49979495602430    
    201.5000000000000       0.1715723712661607E-05    22.06653898986427        488.7614579257790        10866.26682652848        56.66346655924818       -68.49980499815570    
    202.5000000000000       0.1624221371117976E-05    21.73620229478536        474.2010845228822        10383.16157042556        56.67491372612611       -67.49981418808667    
    203.5000000000000       0.1538560602951599E-05    21.41446571944967        460.2303457655686        9926.537042187949        56.68543514956234       -66.49982263481746    
    204.5000000000000       0.1458103109031681E-05    21.10121998371856        446.8289597858619        9495.017449642270        56.69514444819001       -65.49983042956319    
    205.5000000000000       0.1383023674796355E-05    20.79646881620197        433.9800987019062        9087.320737697386        56.70413743142987       -64.49983764924136    
    206.5000000000000       0.1312330565181470E-05    20.49981786876699        421.6525926097647        8701.822621378375        56.71249545987075       -63.49984435916965    
    207.5000000000000       0.1246464204511974E-05    20.21147383088940        409.8400470381932        8337.690705312179        56.72028807251100       -62.49985061517505    
    208.5000000000000       0.1184297593819532E-05    19.93089895983758        398.5066768111115        7993.248621795745        56.72757506092479       -61.49985646525917    
    209.5000000000000       0.1126397477034424E-05    19.65837397817403        387.6502587865794        7667.878152514178        56.73440812158803       -60.49986195092477    
    210.5000000000000       0.1071755851231252E-05    19.39332580837232        377.2353885070429        7360.015091075925        56.74083218317747       -59.49986710824121    
    211.5000000000000       0.1020815187822634E-05    19.13610073466113        367.2633941041960        7069.218092379476        56.74688648106981       -58.49987196870718    
    212.5000000000000       0.9727730981696604E-06    18.88599656701181        357.6953226148649        6793.902838409481        56.75260543348928       -57.49987655995417    
    213.5000000000000       0.9278442865097338E-06    18.64343176495187        348.5365210897048        6533.817637803961        56.75801936074974       -56.49988090632371    
    214.5000000000000       0.8855739508643891E-06    18.40775287702374        339.7511977366128        6287.539957193649        56.76315507942720       -55.49988502934445    
    215.5000000000000       0.8459298840559420E-06    18.17918753334607        331.3383567559918        6054.693952033351        56.76803639612428       -54.49988894812870    
    216.5000000000000       0.8086753134451209E-06    17.95738838804725        323.2753649168131        5834.304660647429        56.77268452008325       -53.49989267970347    
    217.5000000000000       0.7736832572590013E-06    17.74228760858481        315.5507917622873        5625.745461383999        56.77711840979623       -52.49989623928888    
    218.5000000000000       0.7407983885728004E-06    17.53374251072446        308.1509517872158        5428.352655474375        56.78135506561345       -51.49989964053304    
    219.5000000000000       0.7098847185584809E-06    17.33156919244101        301.0610367255965        5241.452256117892        56.78540977791998       -50.49990289571123    
    220.5000000000000       0.6808168842653410E-06    17.13567789034156        294.2702766667956        5064.507019258588        56.78929633856104       -49.49990601589567    
    221.5000000000000       0.6534643132429174E-06    16.94586404668451        287.7641402543175        4896.896270032853        56.79302722171556       -48.49990901110085    
    222.5000000000000       0.6277381073697476E-06    16.76205908322022        281.5334495126883        4738.164146399250        56.79661373925052       -47.49991189040804    
    223.5000000000000       0.6035174387596935E-06    16.58406556234227        275.5648399047433        4587.760352759447        56.80006617466341       -46.49991466207290    
    224.5000000000000       0.5807265269389444E-06    16.41181302197906        269.8498315509614        4445.281066052070        56.80339389898171       -45.49991733361868    
    225.5000000000000       0.5592642606609328E-06    16.24512548467635        264.3765901628306        4310.248767749913        56.80660547139581       -44.49991991191673    
    226.5000000000000       0.5390536616037198E-06    16.08389539058692        259.1360387662103        4182.272961777509        56.80970872692459       -43.49992240325710    
    227.5000000000000       0.5200165024956890E-06    15.92799962648137        254.1188963231020        4060.971051060381        56.81271085302523       -42.49992481341000    
    228.5000000000000       0.5020799561431158E-06    15.77730911256867        249.3159927302544        3945.975545499963        56.81561845674398       -41.49992714767960    
    229.5000000000000       0.4851767524103845E-06    15.63171367998563        244.7191273766567        3836.955747367718        56.81843762374631       -40.49992941095155    
    230.5000000000000       0.4692446962248163E-06    15.49109183540826        240.3199873669425        3733.588289400544        56.82117397035304       -39.49993160773467    
    231.5000000000000       0.4542233552941099E-06    15.35534038068773        236.1111714778635        3635.583248957539        56.82383268953427       -38.49993374219797    
    232.5000000000000       0.4400627806979845E-06    15.22437017318322        232.0859829741416        3542.676906865589        56.82641859166732       -37.49993581820330    
    233.5000000000000       0.4267119343475557E-06    15.09806535501063        228.2370922379828        3454.598417861569        56.82893614074539       -36.49993783933432    
    234.5000000000000       0.4141265446016826E-06    14.97633002982307        224.5580463442670        3371.106158897107        56.83138948662203       -35.49993980892262    
    235.5000000000000       0.4022589887476921E-06    14.85905177609628        221.0420936993484        3291.958951668539        56.83378249379263       -34.49994173007072    
    236.5000000000000       0.3910695751716750E-06    14.74613585765780        217.6832448454188        3216.940474844079        56.83611876714339       -33.49994360567256    
    237.5000000000000       0.3805177361494005E-06    14.63748658827429        214.4756918675569        3145.845396777833        56.83840167503801       -32.49994543843235    
    238.5000000000000       0.3705693702125943E-06    14.53301340803005        211.4139599963506        3078.481800513384        56.84063437006222       -31.49994723088106    
    239.5000000000000       0.3611901779383934E-06    14.43263098913538        208.4929286988413        3014.671856803434        56.84281980770305       -30.49994898539130    
    240.5000000000000       0.3523514151641119E-06    14.33625975413264        205.7078070721643        2954.250122620448        56.84496076320330       -29.49995070419113    
    241.5000000000000       0.3440213367883864E-06    14.24381169183274        203.0537206042493        2897.054325711512        56.84705984680043       -28.49995238937611    
    242.5000000000000       0.3361813508302225E-06    14.15523809815815        200.5271152849483        2842.956194285117        56.84911951753264       -27.49995404292029    
    243.5000000000000       0.3288048022143722E-06    14.07046132221622        198.1237108447884        2791.815199840354        56.85114209577171       -26.49995566668655    
    244.5000000000000       0.3218681023664765E-06    13.98941288454051        195.8396292976304        2743.503504901349        56.85312977462258       -25.49995726243559    
    245.5000000000000       0.3153480040595125E-06    13.91202189801767        193.6710503489267        2697.898139081122        56.85508463031291       -24.49995883183413    
    246.5000000000000       0.3092227064625752E-06    13.83821687091830        191.6142590215102        2654.881811022704        56.85700863168076       -23.49996037646284    
    247.5000000000000       0.3034727779237580E-06    13.76793399720637        189.6658800854665        2614.347771766790        56.85890364885624       -22.49996189782311    
    248.5000000000000       0.2980817269749537E-06    13.70111519752902        187.8228080924813        2576.197907373985        56.86077146122176       -21.49996339734338    
    249.5000000000000       0.2930328813656768E-06    13.63770349295319        186.0820736371884        2540.339748617473        56.86261376472579       -20.49996487638522    
    250.5000000000000       0.2883142985537560E-06    13.57765207920784        184.4410896377469        2506.691392758140        56.86443217861716       -19.49996633624863    
    251.5000000000000       0.2839115936424816E-06    13.52090850941975        182.8972021550968        2475.171854938983        56.86622825165910       -18.49996777817690    
    252.5000000000000       0.2798144751183813E-06    13.46743690744772        181.4483128969727        2445.714094091554        56.86800346787613       -17.49996920336147    
    253.5000000000000       0.2760096312133260E-06    13.41719219510451        180.0921475074301        2418.249357099903        56.86975925188153       -16.49997061294608    
    254.5000000000000       0.2724847485489998E-06    13.37012626370808        178.8264225659959        2392.710510947096        56.87149697382776       -15.49997200803062    
    255.5000000000000       0.2692292767695077E-06    13.32619709586720        177.6491008645400        2369.037358172827        56.87321795401844       -14.49997338967511    
    256.5000000000000       0.2662348404658683E-06    13.28536999410933        176.5584197164940        2347.177060319773        56.87492346721628       -13.49997475890299    
    257.5000000000000       0.2634955005217328E-06    13.24761637412050        175.5528501285858        2327.083095454008        56.87661474667858       -12.49997611670425    
    258.5000000000000       0.2610041483084046E-06    13.21290727502394        174.6309201323238        2308.711613881400        56.87829298794841       -11.49997746403874    
    259.5000000000000       0.2587527585975357E-06    13.18121148432931        173.7911603535314        2292.020222205393        56.87995935242765       -10.49997880183891    
    260.5000000000000       0.2567350557958070E-06    13.15250440246993        173.0323436490158        2276.972815005018        56.88161497075541       -9.499980131012361    
    261.5000000000000       0.2549457549517670E-06    13.12676433528438        172.3533794808180        2263.537293796331        56.88326094601359       -8.499981452444718    
    262.5000000000000       0.2533805412698287E-06    13.10397030164926        171.7532502205520        2251.684160595969        56.88489835677966       -7.499982767001940    
    263.5000000000000       0.2520352489890831E-06    13.08410356218329        171.2310551994509        2241.387449112533        56.88652826004509       -6.499984075532499    
    264.5000000000000       0.2509061928826811E-06    13.06714799585811        170.7860181617579        2232.624802721005        56.88815169401691       -5.499985378869945    
    265.5000000000000       0.2499893335842495E-06    13.05308692087336        170.4174001297574        2225.375667751773        56.88976968081834       -4.499986677834917    
    266.5000000000000       0.2492811707534240E-06    13.04190539278789        170.1245599467589        2219.622477102718        56.89138322910384       -3.499987973237085    
    267.5000000000000       0.2487820246840276E-06    13.03360104194057        169.9072446417588        2215.356477272284        56.89299333660302       -2.499989265877502    
    268.5000000000000       0.2484903038207543E-06    13.02816718560163        169.7651350907905        2212.568549172585        56.89460099260715       -1.499990556550452    
    269.5000000000000       0.2484042064469027E-06    13.02559600392212        169.6979294118441        2211.250843630927        56.89620718041165      -0.4999918460452501    
    270.5000000000000       0.2485231605317186E-06    13.02588356389684        169.7054784569458        2211.399519648172        56.89781287972728       0.5000068648515136    
    271.5000000000000       0.2488485389201245E-06    13.02903377259937        169.7878924115162        2213.016899833387        56.89941906907278        1.500005575354202    
    272.5000000000000       0.2493814579096256E-06    13.03505006267509        169.9453163332150        2216.106923437869        56.90102672816126        2.500004284676375    
    273.5000000000000       0.2501213969998596E-06    13.04393034228568        170.1777947925929        2220.672426168196        56.90263684029289        3.500002992028553    
    274.5000000000000       0.2510706272012753E-06    13.05568240465604        170.4856869660290        2226.723534663733        56.90425039476604        4.500001696616447    
    275.5000000000000       0.2522338806438885E-06    13.07032402556266        170.8696709432261        2234.277794354994        56.90586838931990        5.500000397639140    
    276.5000000000000       0.2535773467236299E-06    13.08788340608391        171.3307413204237        2243.359844154961        56.90749183262088        6.499999094286784    
    277.5000000000000       0.2552133397418271E-06    13.10831769413076        171.8680851502694        2253.959896519385        56.90912174680670        7.499997785738722    
    278.5000000000000       0.2570368079077734E-06    13.13169824683072        172.4839357356283        2266.129153774833        56.91075917010143        8.499996471161534    
    279.5000000000000       0.2590892378788089E-06    13.15802755357944        173.1787809766267        2279.885742686534        56.91240515951619        9.499995149706557    
    280.5000000000000       0.2613775749606512E-06    13.18733094095921        173.9537656168905        2295.261941598351        56.91406079365082        10.49999382050780    
    281.5000000000000       0.2639082708756561E-06    13.21963329304479        174.8100810121665        2312.292203536256        56.91572717561233        11.49999248267974    
    282.5000000000000       0.2666874955796368E-06    13.25495873640680        175.7489561253271        2331.012985922890        56.91740543606787        12.49999113531460    
    283.5000000000000       0.2697231645755447E-06    13.29333792354306        176.7718601363085        2351.467006775664        56.91909673645028        13.49998977747986    
    284.5000000000000       0.2730245364498630E-06    13.33480317824773        177.8803701856032        2373.700568752287        56.92080227233680        14.49998840821578    
    285.5000000000000       0.2766004719486508E-06    13.37938586281056        179.0761037871222        2397.762298121069        56.92252327702208        15.49998702653216    
    286.5000000000000       0.2804626262823719E-06    13.42712739955235        180.3610263787455        2423.709621838302        56.92426102530966        16.49998563140547    
    287.5000000000000       0.2846200619845946E-06    13.47806014386830        181.7369239246015        2451.597894449761        56.92601683754749        17.49998422177581    
    288.5000000000000       0.2890839046220303E-06    13.53222483926104        183.2058916897593        2481.490717693810        56.92779208393620        18.49998279654304    
    289.5000000000000       0.2938682003305269E-06    13.58966694219010        184.7702336913667        2513.457926057995        56.92958818914121        19.49998135456334    
    290.5000000000000       0.2989868594285236E-06    13.65043343848780        186.4323830431079        2547.574169202594        56.93140663724341        20.49997989464532    
    291.5000000000000       0.3044538519295868E-06    13.71457344123498        188.1949215565344        2583.919447613098        56.93324897706681        21.49997841554546    
    292.5000000000000       0.3102857016187901E-06    13.78214146445149        190.0606747032724        2622.581248355255        56.93511682792583        22.49997691596365    
    293.5000000000000       0.3165007840664211E-06    13.85319472840196        192.0326431930679        2663.653333912762        56.93701188583958        23.49997539453836    
    294.5000000000000       0.3231173546743346E-06    13.92778926254896        194.1138981235928        2707.233718860792        56.93893593026648        24.49997384984087    
    295.5000000000000       0.3301577106267049E-06    14.00599292558070        196.3079593664008        2753.433015992328        56.94089083141845        25.49997228036967    
    296.5000000000000       0.3376431026006003E-06    14.08786762724423        198.6182907379614        2802.363775669329        56.94287855822154        26.49997068454409    
    297.5000000000000       0.3455983732109571E-06    14.17348078279996        201.0486372274949        2854.148054311926        56.94490118699801        27.49996906069713    
    298.5000000000000       0.3540511015958403E-06    14.26290792183566        203.6031109128154        2908.919632228947        56.94696091095460        28.49996740706789    
    299.5000000000000       0.3630258413915954E-06    14.35621542882122        206.2856946416613        2966.813442644037        56.94906005057250        29.49996572179350    
    300.5000000000000       0.3725553304393821E-06    14.45348362659561        209.1009211994215        3027.980720765336        56.95120106500769        30.49996400289958    
    301.5000000000000       0.3826718504930697E-06    14.55479360173899        212.0535028299213        3092.581369354298        56.95338656462440        31.49996224829031    
    302.5000000000000       0.3934065286604318E-06    14.66022228725762        215.1481912223551        3160.781157274123        56.95561932480184        32.49996045573761    
    303.5000000000000       0.4047999579491787E-06    14.76985733045098        218.3902207810091        3232.761829334077        56.95790230117406        33.49995862286852    
    304.5000000000000       0.4168912239893044E-06    14.88379159577866        221.7851767787522        3308.719121703763        56.96023864648532        34.49995674715174    
    305.5000000000000       0.4297206574243955E-06    15.00211113881638        225.3386229776853        3388.854350370482        56.96263172927033        35.49995482588299    
    306.5000000000000       0.4433340487635729E-06    15.12490750004603        229.0564847463191        3473.383600709694        56.96508515459991        36.49995285616787    
    307.5000000000000       0.4577850549183710E-06    15.25230098174254        232.9458226081244        3562.557289791544        56.96760278716906        37.49995083490354    
    308.5000000000000       0.4731133614137748E-06    15.38434122907346        237.0116479718761        3656.583833546387        56.97018877704725        38.49994875875820    
    309.5000000000000       0.4893991094834620E-06    15.52121051662892        241.2634717665992        3755.788446146308        56.97284758846155        39.49994662414773    
    310.5000000000000       0.5066737098638379E-06    15.66293323668845        245.7059819168788        3860.388785591386        56.97558403204292        40.49994442720982    
    311.5000000000000       0.5250276323223881E-06    15.80968650430865        250.3490495310619        3970.737477836916        56.97840330103683        41.49994216377515    
    312.5000000000000       0.5445179059795478E-06    15.96154724454059        255.1995711778474        4087.124890130943        56.98131101206354        42.49993982933438    
    313.5000000000000       0.5652172250835953E-06    16.11864516104105        260.2665025357904        4209.904122232447        56.98431325111459        43.49993741900128    
    314.5000000000000       0.5872242256244330E-06    16.28111824972845        265.5593192055028        4339.451473924802        56.98741662559178        44.49993492747117    
    315.5000000000000       0.6106004064375648E-06    16.44906437764060        271.0865828013391        4476.135748971197        56.99062832334076        45.49993234897326    
    316.5000000000000       0.6354782146561790E-06    16.62265449963584        276.8595546113953        4620.405152190551        56.99395617980542        46.49992967721672    
    317.5000000000000       0.6619199463313276E-06    16.80196635817445        282.8868135010229        4772.657517477551        56.99740875464219        47.49992690532954    
    318.5000000000000       0.6900627174519127E-06    16.98716337407644        289.1801334602293        4933.385797132775        57.00099541939036        48.49992402578769    
    319.5000000000000       0.7200106119696727E-06    17.17838058411439        295.7508154149459        5103.090758494937        57.00472645811092        49.49992103033451    
    320.5000000000000       0.7518965754625262E-06    17.37574135134543        302.6101030879497        5282.288357544488        57.00861318329231        50.49991790988781    
    321.5000000000000       0.7858587327204956E-06    17.57940885792071        309.7711560379393        5471.567109744115        57.01266806980070        51.49991465443205    
    322.5000000000000       0.8220555298313016E-06    17.78949325931328        317.2456197281060        5671.494008658269        57.01690491024300        52.49991125289370    
    323.5000000000000       0.8606165113917911E-06    18.00617249354299        325.0481615383828        5882.743356542483        57.02133899585071        53.49990769299624    
    324.5000000000000       0.9017513866018781E-06    18.22955138907165        333.1911971387447        6105.949818682713        57.02598732791722        54.49990396109001    
    325.5000000000000       0.9456084994284403E-06    18.45980164572879        341.6902012089967        6341.860803122997        57.03086886598867        55.49990004195323    
    326.5000000000000       0.9923987278223931E-06    18.69704109594636        350.5591255429295        6591.207361241822        57.03600482048886        56.49989591855702    
    327.5000000000000       0.1042343756696307E-05    18.94147685844923        359.8159661922372        6854.868181083962        57.04141899934921        57.49989157178705    
    328.5000000000000       0.1095645536684951E-05    19.19317409898731        369.4737666604319        7133.608104247946        57.04713822064532        58.49988698011217    
    329.5000000000000       0.1152584913496234E-05    19.45235884838642        379.5524787220208        7428.428977412833        57.05319280638968        59.49988211918822    
    330.5000000000000       0.1213413418747113E-05    19.71914563845019        390.0683224521089        7740.258967913461        57.05961717673827        60.49987696138073    
    331.5000000000000       0.1278425810379072E-05    19.99369148022577        401.0398512547176        8070.134150308594        57.06645056927379        61.49987147518741    
    332.5000000000000       0.1347913486407550E-05    20.27614967266614        412.4861605242382        8419.148263459128        57.07373791520366        62.49986562453500    
    333.5000000000000       0.1422241659868546E-05    20.56664623209831        424.4259276706982        8788.425674250737        57.08153091392091        63.49985936791614    
    334.5000000000000       0.1501742605140968E-05    20.86535273352312        436.8804048276580        9179.215910568499        57.08988936037992        64.49985265732386    
    335.5000000000000       0.1586826410282161E-05    21.17238988212127        449.8694977073015        9592.776417448718        57.09888279751769        65.49984543692500    
    336.5000000000000       0.1677930448246995E-05    21.48789108477719        463.4143382857277        10030.45329917398        57.10859259054038        66.49983764139463    
    337.5000000000000       0.1775477153582621E-05    21.81201966528783        477.5381547546800        10493.71603807914        57.11911455431726        67.49982919380663    
    338.5000000000000       0.1879962290833988E-05    22.14486406501607        492.2617087531212        10984.01135672491        57.13056231395674        68.49982000293579    
    339.5000000000000       0.1991912268086683E-05    22.48655592347258        507.6082975722688        11502.92507470283        57.14307164890855        69.49980995976975    
    340.5000000000000       0.2111953671865803E-05    22.83721881245003        523.6017979604640        12052.13035728995        57.15680617363549        70.49979893294824    
    341.5000000000000       0.2240639673376967E-05    23.19695457040087        540.2657766158679        12633.35192267773        57.17196486055612        71.49978676272318    
    342.5000000000000       0.2378696297927459E-05    23.56587949540117        557.6253640379282        13248.44118079308        57.18879214212225        72.49977325284776    
    343.5000000000000       0.2526792833436265E-05    23.94407171684604        575.7046023787058        13899.27969539852        57.20759168613468        73.49975815951640    
    344.5000000000000       0.2685819731822161E-05    24.33165007750196        594.5302929786768        14587.92399087251        57.22874550305204        74.49974117602406    
    345.5000000000000       0.2856527447603478E-05    24.72868715745839        614.1279084146098        15316.46478828459        57.25274095913366        75.49972191107699    
    346.5000000000000       0.3039910784200072E-05    25.13525460302672        634.5234164768476        16087.08309384311        57.28020979433150        76.49969985746571    
    347.5000000000000       0.3237018427415425E-05    25.55148612232433        655.7471536114540        16902.22834893028        57.31198586682128        77.49967434570165    
    348.5000000000000       0.3448930208918223E-05    25.97733630553166        677.8204667302514        17764.06740504791        57.34919302147939        78.49964447346592    
    349.5000000000000       0.3676827613203002E-05    26.41292542887065        700.7744653095665        18675.25514828428        57.39338316178594        79.49960899474833    
    350.5000000000000       0.3922038283150745E-05    26.85820420559911        724.6315284297915        19638.17180819578        57.44676151020866        80.49956613897719    
    351.5000000000000       0.4186095413437823E-05    27.31329798049514        749.4245856825704        20655.73873579496        57.51257084292428        81.49951330249597    
    352.5000000000000       0.4470455138834765E-05    27.77809735347794        775.1737363296760        21730.41804120964        57.59578303262411        82.49944649326953    
    353.5000000000000       0.4776887278808425E-05    28.25264907015622        801.9087763764079        22865.19385842462        57.70442872551517        83.49935926313918    
    354.5000000000000       0.5107273672016000E-05    28.73688975595426        829.6534116339175        24062.87141160935        57.85237692734908        84.49924047565476    
    355.5000000000000       0.5463813024105950E-05    29.23087352413127        858.4388882192630        25326.69620090161        58.06581836763124        85.49906909908850    
    356.5000000000000       0.5848884030259526E-05    29.73450498071018        888.2880168589211        26659.63594476659        58.40085248966521        86.49880007963303    
    357.5000000000000       0.6265047882491772E-05    30.24769830628977        919.2243483105216        28064.78455477206        59.00321226180461        87.49831635298673    
    358.5000000000000       0.6715242522329832E-05    30.77042731931480        951.2755726723101        29545.53549355520        60.40597404145483        88.49718945297408    
    359.5000000000000       0.7202415531202872E-05    31.30250790905455        984.4601554116024        31104.97303570143        67.32275684150959        89.49161401097915    
