 # author: MA Kubiak / Space Research Center PAS Warsaw Poland, contact: mkubiak@cbk.waw.pl                          
 # code version Program.keplerV_ellipt_V2      , Dates: calkV:21/04/2026  ; part_pr:21/04/2026                       
 # czas no T v_mas, kier.naplywu(dl, szer) macierz obrotu (ecl to helio), r, theta, phi(ecl,spher), V_detector(ecl,cart), IBEX_energy_channel
 #     2026.240938000000        0.1419110000000000E-01     7443.000000000000        -25.78400000689422         255.7450000000000         5.169000000000000        0.2459841265748581        0.9692738567985851         0.000000000000000       -0.9615244635393438        0.2440174711049008        0.1261989691358298        0.1223213615382913       -0.3104294319752456E-01    0.9920049496797150        0.9881170000000001         188.8536770000000        0.4167900000000000E-01     4.085000000000000        -29.32799999999999       -0.1600000000000000E-01 00
 # routs_end= 150.00;    Maxwellian,    elliptOrb=Off                                                                                        
 # Numerical parameters: GridKl=10  GridKf=09  GridKV=05  epsV= 0.0000100  epssJon=.0010000                                                  
 # Numerical parameters: GridKl=10  GridKf=09  GridKV=05  epsV= 0.0000100  epssJon=.0010000; tessel128                                                                                                                                                                                                                                                                                                                                                                                                                                                                 
# Axis to the Sun: alpha_ecl= 4.9020000000000000 delta_Ecl= 0.0740000000000000 delta_Ax= 90.0000000000000000  repoint= 00200
 #  flag_atom: He                                                   
 #  flag_general:                                                   
 #                                                                  
 #                                                                  
  # Ly_a_Profil: zero                                               
  # flag_Itot: zero                                                 
 #  v_SW_Eqtr: speed3D.hybrid2026c_patched.dat                      
 #  n_SW_Eqtr: density3D.hybrid2026c_patched.dat                    
 #  phot_Eqtr: 0.8500000  phion_Helium_T12F107_pat_2026c.dat        
 #  sigma_SW: p+He->H +He+, He + alpha (2 chnls);src:simuLosses.nb  
 #  flag_el:slow  swEqtrElectrons5.2026c.patched.dat                
 #  SW_lati: interpolation                                          
 #  phot_lati: analit pole-flattened after Pryor & Auchere          
 #
 #
 #
 #Spin  flux speed	speed^2 speed^3    long_ecl lat_ecl
   0.5000000000000000       0.4369563790046559E-07    31.28059192149907        982.9887803862920        31031.05944062210        266.4835427837848        89.49455129560923    
    1.500000000000000       0.4627788868801866E-07    31.81230847370052        1016.680534504566        32639.48158509505        272.0783355167095        88.49817368794470    
    2.500000000000000       0.4901785725932450E-07    32.35230693648433        1051.473029839664        34328.39008614973        273.2076084067977        87.49890323005842    
    3.500000000000000       0.5192732755084853E-07    32.90041332355350        1087.381075223314        36100.69700616899        273.6922832601309        86.49921627018824    
    4.500000000000000       0.5501981786269178E-07    33.45640595711159        1124.415951003456        37959.20221353355        273.9618179182406        85.49939034348843    
    5.500000000000000       0.5830728263312355E-07    34.02011282662228        1162.591836001705        39906.91336473511        274.1335193015927        84.49950122959211    
    6.500000000000000       0.6180342525432172E-07    34.59130534875244        1201.918427476355        41946.66126871681        274.2525306961467        83.49957808674482    
    7.500000000000000       0.6552510199918887E-07    35.16976669950576        1242.405780816220        44081.35563573621        274.3399247210138        82.49963452491876    
    8.500000000000000       0.6949260976998128E-07    35.75527593742933        1284.062701508197        46313.87294769726        274.4068592161903        81.49967775024378    
    9.500000000000000       0.7372580663369051E-07    36.34754227758513        1326.892437696503        48646.84293322091        274.4597946309498        80.49971193500699    
    10.50000000000000       0.7824549172619028E-07    36.94631275164372        1370.899819125164        51083.00075851616        274.5027305706265        79.49973966219154    
    11.50000000000000       0.8307851446588730E-07    37.55127852895195        1416.084374578772        53624.80214319563        274.5382756113429        78.49976261642148    
    12.50000000000000       0.8825425082858351E-07    38.16219652125513        1462.449764578782        56274.97014426324        274.5682036615972        77.49978194328114    
    13.50000000000000       0.9380489268000114E-07    38.77872346549687        1509.990915810734        59035.74088490073        274.5937630752017        76.49979844894828    
    14.50000000000000       0.9976905448754774E-07    39.40064569310066        1558.711149035365        61909.81976642915        274.6158578655479        75.49981271722541    
    15.50000000000000       0.1061886401303874E-06    40.02757777252877        1608.599338939770        64899.07299377257        274.6351587771780        74.49982518127059    
    16.50000000000000       0.1131125863159243E-06    40.65918691861888        1659.646694997555        68005.46341360686        274.6521739700758        73.49983616924604    
    17.50000000000000       0.1205946323049688E-06    41.29513449050074        1711.842579581013        71230.82304980789        274.6672954706008        72.49984593431587    
    18.50000000000000       0.1287028474215082E-06    41.93521630722965        1765.186773040059        74577.65608141077        274.6808305579500        71.49985467491548    
    19.50000000000000       0.1375213171440508E-06    42.57951446737673        1819.703789734693        78050.14314528950        274.6930234936464        70.49986254878436    
    20.50000000000000       0.1471485338084314E-06    43.22802915069031        1875.410467928822        81651.99451306989        274.7040708914190        69.49986968289168    
    21.50000000000000       0.1576979544645693E-06    43.88042175136251        1932.292358563680        85384.81201171297        274.7141327979650        68.49987618059231    
    22.50000000000000       0.1692985273741021E-06    44.53640401214526        1990.337798773370        89250.32690050661        274.7233408189389        67.49988212687437    
    23.50000000000000       0.1821046792021961E-06    45.19544508647916        2049.510987023098        93248.53113865513        274.7318041702884        66.49988759226707    
    24.50000000000000       0.1963010851000077E-06    45.85718089328314        2109.789781101828        97380.29579983154        274.7396142476769        65.49989263579171    
    25.50000000000000       0.2120950974312674E-06    46.52103441345074        2171.129955835125        101644.8321974999        274.7468481207829        64.49989730721809    
    26.50000000000000       0.2297491413956357E-06    47.18669319132447        2233.510864363450        106042.9684473978        274.7535712364640        63.49990164881022    
    27.50000000000000       0.2495709793827445E-06    47.85376952927415        2296.902900309477        110574.7991675533        274.7598395321615        62.49990569669122    
    28.50000000000000       0.2719299803726710E-06    48.52186400903476        2361.273574977302        115240.1128915978        274.7657011043960        61.49990948192064    
    29.50000000000000       0.2972868044354375E-06    49.19081909288213        2426.612557893183        120040.2462878845        274.7711975379249        60.49991303135290    
    30.50000000000000       0.3261880259160066E-06    49.86055009378614        2492.916953590876        124977.1324086230        274.7763649734393        59.49991636832677    
    31.50000000000000       0.3593338939095390E-06    50.53119183435176        2560.205453116830        130054.3282127386        274.7812349719057        58.49991951322352    
    32.50000000000000       0.3976062455755942E-06    51.20315770938456        2628.526769708114        135277.8451608688        274.7858352193479        57.49992248392208    
    33.50000000000000       0.4421506102160633E-06    51.87708164626780        2697.955117303860        140655.9241029964        274.7901901054128        56.49992529617270    
    34.50000000000000       0.4944798756584436E-06    52.55405448744244        2768.617393563547        146201.3840161634        274.7943212013282        55.49992796390550    
    35.50000000000000       0.5566228295002750E-06    53.23566005190899        2840.700656630313        151932.5412232375        274.7982476570905        54.49993049948706    
    36.50000000000000       0.6313742229027154E-06    53.92430729724569        2914.493171189622        157877.0076519974        274.8019865333733        53.49993291393472    
    37.50000000000000       0.7226876340529373E-06    54.62348604379444        2990.419002789242        164075.1584553424        274.8055530803431        52.49993521709665    
    38.50000000000000       0.8363037838975751E-06    55.33841924625308        3069.121362422527        170588.1105922695        274.8089609730349        51.49993741780381    
    39.50000000000000       0.9809075096145932E-06    56.07658672006075        3151.535241526024        177505.1934650863        274.8122225109859        50.49993952399894    
    40.50000000000000       0.1170080409272104E-05    56.84852572520610        3238.999818845759        184955.6391894122        274.8153487883080        49.49994154284629    
    41.50000000000000       0.1425927906808260E-05    57.66820352523663        3333.325907755916        193116.9064899709        274.8183498391824        48.49994348082569    
    42.50000000000000       0.1785788379934220E-05    58.55243366219025        3436.752440542045        202213.4906304750        274.8212347628265        47.49994534381317    
    43.50000000000000       0.2315195199962600E-05    59.51831098031365        3551.657250203063        212493.0378299248        274.8240118312390        46.49994713715056    
    44.50000000000000       0.3133069048557331E-05    60.57709450030510        3679.802080105636        224156.8886140886        274.8266885824281        45.49994886570570    
    45.50000000000000       0.4461872783309611E-05    61.72561248694579        3821.211288928289        237250.9374146759        274.8292719013613        44.49995053392472    
    46.50000000000000       0.6728344645938213E-05    62.93938036353074        3973.189619018229        251562.1558287930        274.8317680904842        43.49995214587756    
    47.50000000000000       0.1076770106917467E-04    64.17425527180839        4130.366489733114        266606.7820418939        274.8341829313445        42.49995370529779    
    48.50000000000000       0.1824126231751693E-04    65.37949353517457        4286.237601455264        281765.0852841602        274.8365217386088        41.49995521561748    
    49.50000000000000       0.3249221155822602E-04    66.51478614593384        4435.363590308328        296493.1574864659        274.8387894075458        40.49995667999783    
    50.50000000000000       0.6028261280878180E-04    67.55736610592614        4574.376450418808        310427.5992618520        274.8409904558848        39.49995810135630    
    51.50000000000000       0.1153558390142689E-03    68.50449285367553        4702.486378656227        323452.7443798471        274.8431290608125        38.49995948239039    
    52.50000000000000       0.2255729002077074E-03    69.36284325213268        4820.156214477360        335576.0605946790        274.8452090917592        37.49996082559887    
    53.50000000000000       0.4471579557069408E-03    70.14344604556986        4928.499309218092        346875.5739983974        274.8472341395245        36.49996213330056    
    54.50000000000000       0.8928317096783673E-03    70.85832973069770        5028.851325914676        357459.3796299472        274.8492075422149        35.49996340765113    
    55.50000000000000       0.1786049081836269E-02    71.51734832069046        5122.319725684752        367418.0660459727        274.8511324083956        34.49996465065799    
    56.50000000000000       0.3564541706284449E-02    72.12937953644010        5209.949380717735        376842.4805775816        274.8530116378029        33.49996586419373    
    57.50000000000000       0.7073135569239519E-02    72.70030670635771        5292.404301989180        385786.6669526884        274.8548479399147        32.49996705000802    
    58.50000000000000       0.1391322813676654E-01    73.23418304219084        5370.121224626017        394283.2998244790        274.8566438506380        31.49996820973850    
    59.50000000000000       0.2705893874578820E-01    73.73428170156102        5443.452549039082        402358.4729129237        274.8584017473339        30.49996934492038    
    60.50000000000000       0.5192579234017256E-01    74.20348083408102        5512.719199116623        410037.3384117215        274.8601238623750        29.49997045699527    
    61.50000000000000       0.9814310172896867E-01    74.64445372786828        5578.230072052730        417345.4058125839        274.8618122954047        28.49997154731907    
    62.50000000000000       0.1823852902058213        75.05843601700263        5640.089623648546        424286.0904297848        274.8634690244412        27.49997261716910    
    63.50000000000000       0.3328216304825409        75.44668570117480        5698.417172792200        430865.5677917374        274.8650959159600        26.49997366775067    
    64.50000000000000       0.5956064154446724        75.81044315396291        5753.337984994258        437091.4745984939        274.8666947340632        25.49997470020301    
    65.50000000000000        1.044093187551367        76.15084625698495        5804.970162538884        442971.4376556100        274.8682671488368        24.49997571560458    
    66.50000000000000        1.791469891642420        76.46880377737253        5853.404169754813        448510.6307867134        274.8698147439824        23.49997671497810    
    67.50000000000000        3.005719366372756        76.76577408128294        5898.821461701124        453725.3823507314        274.8713390238011        22.49997769929501    
    68.50000000000000        4.928506071520793        77.04267717528299        5941.327052286446        458623.8430549401        274.8728414195963        21.49997866947957    
    69.50000000000000        7.892173420267047        77.30048025089697        5981.035128968836        463215.3561529875        274.8743232955568        20.49997962641275    
    70.50000000000000        12.33762982526447        77.53975639531153        6018.004656307294        467503.4641318957        274.8757859541740        19.49998057093565    
    71.50000000000000        18.81722851231590        77.76156173715957        6052.372834286463        471501.1596150919        274.8772306412404        18.49998150385276    
    72.50000000000000        27.99677045819094        77.96652678977441        6084.214973920341        475214.6754975744        274.8786585504722        17.49998242593493    
    73.50000000000000        40.60842123043631        78.15575946833214        6113.683827145159        478659.6289637794        274.8800708277946        16.49998333792219    
    74.50000000000000        57.42939582940068        78.32964799792509        6140.822160195535        481838.9977753555        274.8814685753241        15.49998424052621    
    75.50000000000000        79.13316403934441        78.48920773347932        6165.773808655079        484767.9546955360        274.8828528550782        14.49998513443282    
    76.50000000000000        106.2743645902450        78.63479677112953        6188.581380782278        487449.9619645055        274.8842246924406        13.49998602030419    
    77.50000000000000        139.0168722946071        78.76740073717460        6209.388631579023        489900.6974533282        274.8855850794072        12.49998689878088    
    78.50000000000000        177.1514543261366        78.88746884982314        6228.256289825955        492126.1866551702        274.8869349776359        11.49998777048391    
    79.50000000000000        219.8726473334646        78.99558782386192        6245.268478323231        494135.4165238794        274.8882753213205        10.49998863601655    
    80.50000000000000        265.7006945794065        79.09236614640369        6260.514087836947        495938.0898914018        274.8896070199080        9.499989495966082    
    81.50000000000000        312.7035251077473        79.17801222080284        6274.019752293555        497536.6346920270        274.8909309606778        8.499990350905465    
    82.50000000000000        358.2160497420175        79.25316966709623        6285.882146332227        498941.9326021083        274.8922480111966        7.499991201394960    
    83.50000000000000        399.4810592596979        79.31793999340248        6296.112877959486        500154.8440311183        274.8935590216659        6.499992047983561    
    84.50000000000000        433.6113515637647        79.37262295840669        6304.755859732769        501180.1737959674        274.8948648271760        5.499992891210552    
    85.50000000000000        457.9724292397140        79.41744771850952        6311.844243568681        502021.4959509283        274.8961662498779        4.499993731606851    
    86.50000000000000        470.6986559110917        79.45224814821350        6317.349432532182        502675.1439204980        274.8974641010869        3.499994569696344    
    87.50000000000000        470.6192187045422        79.47729413543703        6321.312114710962        503145.7131813695        274.8987591833286        2.499995405997278    
    88.50000000000000        457.7063062970250        79.49227862682491        6323.682203469351        503427.0792343495        274.9000522923393        1.499996241023515    
    89.50000000000000        432.9470633296850        79.49703845667970        6324.433011983873        503515.9705681567        274.9013442190304       0.4999970752857631    
    90.50000000000000        398.2353060135396        79.49150564183543        6323.553097541235        503410.9470870127        274.9026357514278      -0.5000020907070976    
    91.50000000000000        356.1911868075651        79.47509913318173        6320.950561637495        503101.0995114454        274.9039276765965       -1.500001256446806    
    92.50000000000000        309.7218686035859        79.44764407215415        6316.598479563867        502583.3170206201        274.9052207825602       -2.500000421424522    
    93.50000000000000        261.8349425640074        79.40871394369394        6310.430509884571        501849.8546174309        274.9065158602256       -3.499999585129506    
    94.50000000000000        215.2024895621046        79.35763292596373        6302.342112966051        500888.5789244929        274.9078137053219       -4.499998747047904    
    95.50000000000000        171.9424763719539        79.29415239182717        6292.297218921470        499695.5903338100        274.9091151203656       -5.499997906661523    
    96.50000000000000        133.5732218132291        79.21769493678659        6280.208640632879        498261.0238409340        274.9104209166600       -6.499997063446449    
    97.50000000000000        100.9043212092015        79.12760350233363        6265.978317739819        496573.9256687609        274.9117319163421       -7.499996216871795    
    98.50000000000000        74.13332825171162        79.02348961077013        6249.551884137934        494628.6701973815        274.9130489544852       -8.499995366398304    
    99.50000000000000        52.98315975530099        78.90495728018458        6230.875434299144        492419.8787381349        274.9143728812718       -9.499994511477006    
    100.5000000000000        36.85305048373340        78.77132206002157        6209.851434436352        489937.2207166778        274.9157045642467       -10.49999365154767    
    101.5000000000000        24.95453746501982        78.62212659098901        6186.419918827714        487175.0084933995        274.9170448906644       -11.49999278603735    
    102.5000000000000        16.45827148974058        78.45697786922095        6160.533593477131        484129.3458960284        274.9183947699447       -12.49999191435882    
    103.5000000000000        10.57855163553958        78.27547813220893        6132.146798214326        480796.7929552648        274.9197551362508       -13.49999103590885    
    104.5000000000000        6.631101400382992        78.07685131447282        6101.156220259010        477167.2894606480        274.9211269512074       -14.49999015006646    
    105.5000000000000        4.056220965861163        77.86027341390903        6067.453372165686        473230.4131758506        274.9225112067735       -15.49998925619113    
    106.5000000000000        2.423304159136439        77.62493621934995        6030.935522941716        468976.7718371256        274.9239089282931       -16.49998835362075    
    107.5000000000000        1.415307154022585        77.36982341444026        5991.470850118920        464393.9214107145        274.9253211777401       -17.49998744166954    
    108.5000000000000       0.8089087068193972        77.09424978817880        5948.984882359394        459476.7588923689        274.9267490571838       -18.49998651962589    
    109.5000000000000       0.4529688565720599        76.79755410576479        5903.411329770674        454221.5987741459        274.9281937124985       -19.49998558674985    
    110.5000000000000       0.2487991567850457        76.47897722272111        5854.673900741169        448624.1190870166        274.9296563373451       -20.49998464227061    
    111.5000000000000       0.1342520173622769        76.13774541102441        5802.698757930970        442680.7320941128        274.9311381774565       -21.49998368538380    
    112.5000000000000       0.7127147403483787E-01    75.77236417581203        5747.308303675361        436376.5658116027        274.9326405352601       -22.49998271524838    
    113.5000000000000       0.3728897088074810E-01    75.38108334071742        5688.292222169810        429693.5676553954        274.9341647748756       -23.49998173098346    
    114.5000000000000       0.1926315466452003E-01    74.96129540903392        5625.319627119256        422600.8766252496        274.9357123275319       -24.49998073166490    
    115.5000000000000       0.9848509856096850E-02    74.51106277161300        5558.177966270241        415082.8213554455        274.9372846974501       -25.49997971632132    
    116.5000000000000       0.4994391559749858E-02    74.02794143567554        5486.598187921714        407119.3219427974        274.9388834682459       -26.49997868393020    
    117.5000000000000       0.2520083181191657E-02    73.50878574202480        5410.223530189228        398682.0037065592        274.9405103099127       -27.49997763341309    
    118.5000000000000       0.1269374776901745E-02    72.94816453563573        5328.380850477731        389709.3060189871        274.9421669864533       -28.49997656363095    
    119.5000000000000       0.6408932153351794E-03    72.33971157236628        5240.294216425322        380131.5929591587        274.9438553642360       -29.49997547337864    
    120.5000000000000       0.3258338001444945E-03    71.67508492226212        5144.948068391946        369857.6259227233        274.9455774211643       -30.49997436137890    
    121.5000000000000       0.1678333832384954E-03    70.94663739068028        5041.488067652121        358819.4259780996        274.9473352567576       -31.49997322627605    
    122.5000000000000       0.8819882058841889E-04    70.14628995996844        4929.046524544501        346951.6952798573        274.9491311032556       -32.49997206662866    
    123.5000000000000       0.4767254824325598E-04    69.26811193103158        4807.090267797328        334226.6548458077        274.9509673378759       -33.49997088090166    
    124.5000000000000       0.2673895074877596E-04    68.31434343264993        4676.243289682357        320738.4362886316        274.9528464963707       -34.49996966745764    
    125.5000000000000       0.1569461933679183E-04    67.29920248238972        4538.738245882688        306742.2089131599        274.9547712880515       -35.49996842454717    
    126.5000000000000       0.9704007506324341E-05    66.25013258106286        4398.493467566662        292652.8167595913        274.9567446124744       -36.49996715029783    
    127.5000000000000       0.6342127048022867E-05    65.20446444885900        4260.589789078332        278985.1119751486        274.9587695780104       -37.49996584270251    
    128.5000000000000       0.4378285626494034E-05    64.19771055528736        4129.662847357342        266189.0153294973        274.9608495225557       -38.49996449960581    
    129.5000000000000       0.3178721238627805E-05    63.25324384369352        4008.581415606670        254523.4625748025        274.9629880366822       -39.49996311868919    
    130.5000000000000       0.2410989482528394E-05    62.37901888630946        3898.112649681509        244033.4525485103        274.9651889895737       -40.49996169745419    
    131.5000000000000       0.1896231479964908E-05    61.57005059688757        3797.343305494033        234601.0959692558        274.9674565581490       -41.49996023320367    
    132.5000000000000       0.1535738148759242E-05    60.81474624595873        3704.560403797649        226037.0149242807        274.9697952598466       -42.49995872302056    
    133.5000000000000       0.1273256864338916E-05    60.10001192776388        3617.928022293213        218147.3485881820        274.9722099896184       -43.49995716374406    
    134.5000000000000       0.1075604538817829E-05    59.41416446444308        3535.854253331187        210768.1640480833        274.9747060617860       -44.49995555194254    
    135.5000000000000       0.9224644538249670E-06    58.74774164053984        3457.078828340033        203772.1005792062        274.9772892575205       -45.49995388388292    
    136.5000000000000       0.8009611083545821E-06    58.09374448499937        3380.687067754870        197067.9431193345        274.9799658788550       -46.49995215549580    
    137.5000000000000       0.7026473693849678E-06    57.44714017299090        3306.034036785090        190592.0928934131        274.9827428103059       -47.49995036233564    
    138.5000000000000       0.6217770392752012E-06    56.80444137367154        3232.682137434977        184301.7281313359        274.9856275893861       -48.49994849953522    
    139.5000000000000       0.5543400245668685E-06    56.16323915184782        3160.336938391159        178168.2071266937        274.9886284875489       -49.49994656175343    
    140.5000000000000       0.4974390279790530E-06    55.52196778410197        3088.812652463990        172173.3467617253        274.9917546034112       -50.49994454311504    
    141.5000000000000       0.4489520043810787E-06    54.87956015254893        3017.987869413028        166305.1511447483        274.9950159704907       -51.49994243714104    
    142.5000000000000       0.4072813487415300E-06    54.23534150900318        2947.790299944986        160556.2040605442        274.9984236821638       -52.49994023666815    
    143.5000000000000       0.3711995173796430E-06    53.58900039364897        2878.190763773280        154922.9110297171        275.0019900371524       -53.49993793375473    
    144.5000000000000       0.3397635093476344E-06    52.94049312415864        2809.190602256086        149404.2745313724        275.0057287095826       -54.49993551957093    
    145.5000000000000       0.3121954944349999E-06    52.28989369237309        2740.804207642695        144000.3678841075        275.0096549486070       -55.49993298426990    
    146.5000000000000       0.2878928585090945E-06    51.63749160614253        2673.068545613114        138713.0206931039        275.0137858137637       -56.49993031683584    
    147.5000000000000       0.2663407076276894E-06    50.98360533862869        2606.022588667319        133544.1231840683        275.0181404537735       -57.49992750490375    
    148.5000000000000       0.2471382893456577E-06    50.32867970843973        2539.716879309911        128496.3284687595        275.0227404384261       -58.49992453454539    
    149.5000000000000       0.2299392453027467E-06    49.67307560162849        2474.191151688417        123571.2752696622        275.0276101557420       -59.49992139001269    
    150.5000000000000       0.2144672920349178E-06    49.01736069075339        2409.504781218451        118771.9917141556        275.0327772898978       -60.49991805342903    
    151.5000000000000       0.2004851787296693E-06    48.36195587000799        2345.699885743561        114100.0111898121        275.0382733997531       -61.49991450441592    
    152.5000000000000       0.1877900703624803E-06    47.70724887231079        2282.813304859461        109556.3273940251        275.0441346235868       -62.49991071963773    
    153.5000000000000       0.1762136874351122E-06    47.05348178566966        2220.865374226860        105140.5637045827        275.0504025433794       -63.49990667224360    
    154.5000000000000       0.1656043447382892E-06    46.40074853093166        2159.860939575015        100851.1459374148        275.0571252524401       -64.49990233117813    
    155.5000000000000       0.1558441417963484E-06    45.74916150291494        2099.805134392328        96686.43444903062        275.0643586844755       -65.49989766032321    
    156.5000000000000       0.1468298727293691E-06    45.09891097707030        2040.709950989374        92645.26668805492        275.0721682819738       -66.49989261742034    
    157.5000000000000       0.1384808261816493E-06    44.45036575271563        1982.602989578799        88727.53085543655        275.0806311094694       -67.49988715270645    
    158.5000000000000       0.1307264353694408E-06    43.80388926375079        1925.509752184729        84932.88940264277        275.0898385565274       -68.49988120716822    
    159.5000000000000       0.1235042045626328E-06    43.15984619632979        1869.453987416272        81260.79197312437        275.0998998318105       -69.49987471028581    
    160.5000000000000       0.1167618510200767E-06    42.51860870033775        1814.458201822720        77710.51564364061        275.1109465321994       -70.49986757708261    
    161.5000000000000       0.1104519549493213E-06    41.88050975382910        1760.539780559450        74280.93176072565        275.1231386937270       -71.49985970421761    
    162.5000000000000       0.1045366197380247E-06    41.24589925175565        1707.715897130827        70970.83635274698        275.1366729170308       -72.49985096473863    
    163.5000000000000       0.9897825382326502E-07    40.61510825636272        1656.000508806936        67778.76777398933        275.1517934473821       -73.49984120092742    
    164.5000000000000       0.9374765979392864E-07    39.98849340822601        1605.407986021155        64703.23654436335        275.1688075435519       -74.49983021437518    
    165.5000000000000       0.8881725961191020E-07    39.36635519376495        1555.946535494632        61742.33639744032        275.1881072058685       -75.49981775195165    
    166.5000000000000       0.8416371159576677E-07    38.74903071275035        1507.626064371543        58894.24817800602        275.2102005606143       -76.49980348553871    
    167.5000000000000       0.7976594941169485E-07    38.13681150780379        1460.451340580997        56156.81980081041        275.2357583079109       -77.49978698203621    
    168.5000000000000       0.7560590067461299E-07    37.53000767982449        1414.427199162287        53527.88978726751        275.2656844013827       -78.49976765771980    
    169.5000000000000       0.7166585451659831E-07    36.92892009519532        1369.556688420193        51005.20043460461        275.3012271124737       -79.49974470651946    
    170.5000000000000       0.6793228901589535E-07    36.33382261216389        1325.839384579855        48586.28782728489        275.3441602329170       -80.49971698300382    
    171.5000000000000       0.6439266388944720E-07    35.74498716200289        1283.273707546943        46268.64192507936        275.3970921676299       -81.49968280277344    
    172.5000000000000       0.6103549177637484E-07    35.16267369758048        1241.856288369289        44049.67954193740        275.4640222603952       -82.49963958318884    
    173.5000000000000       0.5784980662267718E-07    34.58711336731171        1201.580836580788        41926.69086628762        275.5514105399580       -83.49958315251702    
    174.5000000000000       0.5482556110613778E-07    34.01862871025798        1162.446287479660        39897.25702697252        275.6704141244372       -84.49950630558216    
    175.5000000000000       0.5195459933620750E-07    33.45737706337191        1124.439459847945        37958.37281261264        275.8421042810749       -85.49939543420653    
    176.5000000000000       0.4922959467520861E-07    32.90359001900912        1087.551607783910        36107.30790743594        276.1116214358267       -86.49922138396640    
    177.5000000000000       0.4664252975050172E-07    32.35752655916588        1051.775197750587        34341.44243418822        276.5962652305153       -87.49890838506299    
    178.5000000000000       0.4418663468360300E-07    31.81932339872283        1017.093967630900        32657.77040457145        277.7254679885145       -88.49817893764438    
    179.5000000000000       0.4185620202041880E-07    31.28923877226511        983.4989815232368        31053.69435445117        283.3199636266307       -89.49455698392073    
    180.5000000000000       0.3964432920894940E-07    30.76719574906453        950.9601316392522        29525.71417383526        86.48419260662546       -89.49454707394239    
    181.5000000000000       0.3754699167564449E-07    30.25372966301846        919.4857843133707        28072.17355195478        92.07854082848922       -88.49816893190160    
    182.5000000000000       0.3555738930377093E-07    29.74875288145870        889.0438116076831        26689.56798130269        93.20773154545223       -87.49889837153853    
    183.5000000000000       0.3367162118562317E-07    29.25241786723247        859.6179322741922        25375.23578579180        93.69237201612661       -86.49921136829482    
    184.5000000000000       0.3188451131748783E-07    28.76483004095044        831.1887944958614        24126.44211500323        93.96188780214456       -85.49938541765094    
    185.5000000000000       0.3019201514583934E-07    28.28611520917905        803.7383584528759        22940.58950678734        94.13357726574878       -84.49949628857902    
    186.5000000000000       0.2858932818719493E-07    27.81632824605757        777.2443859654439        21814.96588532201        94.25258045157669       -83.49957313525653    
    187.5000000000000       0.2707238490262635E-07    27.35555381582089        751.6866850044430        20747.03280232105        94.33996848100357       -82.49962956576677    
    188.5000000000000       0.2563729327420877E-07    26.90385415834926        727.0438899884642        19734.27418055473        94.40689840659209       -81.49967278524338    
    189.5000000000000       0.2428004898484084E-07    26.46127036511982        703.2938346855835        18774.22281242273        94.45983022408204       -80.49970696539812    
    190.5000000000000       0.2299695783502135E-07    26.02782524025366        680.4136850946398        17864.46147577143        94.50276325916987       -79.49973468885862    
    191.5000000000000       0.2178455208255881E-07    25.60354003255363        658.3810030630424        17002.67037474550        94.53830590618836       -78.49975764001756    
    192.5000000000000       0.2063940821978745E-07    25.18843336306139        637.1735795989659        16186.61276124424        94.56823195034180       -77.49977696430211    
    193.5000000000000       0.1955808020549707E-07    24.78247438292632        616.7672264314734        15414.05449720295        94.59378965886974       -76.49979346777960    
    194.5000000000000       0.1853699217262400E-07    24.38569006146535        597.1410751874514        14682.95817086630        94.61588298258935       -75.49980773417249    
    195.5000000000000       0.1757372114147298E-07    23.99795942817574        578.2676663915234        13991.12066103601        94.63518261969062       -74.49982019657975    
    196.5000000000000       0.1666443944223431E-07    23.61933220997308        560.1282478859113        13336.72308186577        94.65219669509111       -73.49983118311859    
    197.5000000000000       0.1580714982079186E-07    23.24964529332755        542.6946774753887        12717.68510352061        94.66731720813270       -72.49984094691861    
    198.5000000000000       0.1499848031808774E-07    22.88891629843815        525.9479132724683        12132.31555149038        94.68085141685908       -71.49984968638819    
    199.5000000000000       0.1423622995593581E-07    22.53700179196267        509.8622032430163        11578.75874147129        94.69304356599596       -70.49985755924519    
    200.5000000000000       0.1351770876998296E-07    22.19387724152056        494.4177919717401        11055.42555388078        94.70409025576481       -69.49986469244153    
    201.5000000000000       0.1284056209286981E-07    21.85938418441535        479.5896970487576        10560.61562973060        94.71415152187708       -68.49987118931801    
    202.5000000000000       0.1220245631100406E-07    21.53349421353099        465.3593240824354        10092.89870403559        94.72335896096160       -67.49987713485109    
    203.5000000000000       0.1160122914457170E-07    21.21602212150140        451.7019716581188        9650.702756104780        94.73182178148201       -66.49988259956049    
    204.5000000000000       0.1103499974586932E-07    20.90693761070843        438.6003204624249        9232.749832534142        94.73963137284377       -65.49988764245940    
    205.5000000000000       0.1050133449639099E-07    20.60605229452424        426.0309969092343        8837.619991113315        94.74686479945244       -64.49989231331084    
    206.5000000000000       0.9998936842214434E-08    20.31329245181251        413.9761344462781        8464.116897489836        94.75358750369134       -63.49989665437316    
    207.5000000000000       0.9525486797103028E-08    20.02847810118794        402.4141806430575        8110.978233197721        94.75985541918064       -62.49990070176450    
    208.5000000000000       0.9079730586161377E-08    19.75153339467885        391.3284902387233        7777.136574805299        94.76571663915826       -61.49990448654021    
    209.5000000000000       0.8659658802690744E-08    19.48225697965075        380.6979952204816        7461.432779791340        94.77121274554527       -60.49990803555109    
    210.5000000000000       0.8264148376054990E-08    19.22058975395966        370.5080168900501        7162.941740414113        94.77637987657046       -59.49991137213272    
    211.5000000000000       0.7891337503481024E-08    18.96632404255924        360.7385786480970        6880.617424938882        94.78124959105148       -58.49991451666360    
    212.5000000000000       0.7540250882948274E-08    18.71938172366726        351.3754264819705        6613.619205816417        94.78584957312918       -57.49991748702030    
    213.5000000000000       0.7209300889961505E-08    18.47956884640454        342.4003884768780        6361.025421775177        94.79020421079350       -56.49992029895087    
    214.5000000000000       0.6897520554128946E-08    18.24679086369351        333.7997165309604        6122.074653648870        94.79433507380811       -55.49992296638354    
    215.5000000000000       0.6603569405812909E-08    18.02087471260378        325.5572229566926        5895.965221840787        94.79826131087125       -54.49992550168330    
    216.5000000000000       0.6326474104657935E-08    17.80169691115280        317.6591409237828        5681.992276504388        94.80199998150168       -53.49992791586593    
    217.5000000000000       0.6065149812631305E-08    17.58909583383384        310.0908087119795        5479.452292835516        94.80556633483488       -52.49993021877830    
    218.5000000000000       0.5818665363163216E-08    17.38293727501491        302.8390768198619        5287.708154374904        94.80897404498253       -51.49993241925021    
    219.5000000000000       0.5586179979580851E-08    17.18307056447598        295.8906950795763        5106.143471177961        94.81223541065334       -50.49993452522329    
    220.5000000000000       0.5366810769139519E-08    16.98936112275041        289.2334707503470        4934.192355438897        94.81536152521272       -49.49993654386084    
    221.5000000000000       0.5159879339500502E-08    16.80167299721540        282.8555715238907        4771.317766248528        94.81836242216809       -48.49993848164185    
    222.5000000000000       0.4964558278612381E-08    16.61986369812373        276.7453926728609        4617.008329170106        94.82124720012774       -47.49994034444154    
    223.5000000000000       0.4780250349735806E-08    16.44380422565685        270.8921797217404        4470.791806155798        94.82402413053718       -46.49994213760102    
    224.5000000000000       0.4606240541294922E-08    16.27335921573176        265.2853627589647        4332.217497691245        94.82670075090232       -45.49994386598753    
    225.5000000000000       0.4442000806562199E-08    16.10841218011695        259.9153638264834        4200.874838801671        94.82928394573329       -44.49994553404656    
    226.5000000000000       0.4286910042268452E-08    15.94883587150995        254.7726077855942        4076.367882590211        94.83178001705788       -43.49994714584754    
    227.5000000000000       0.4140494111600754E-08    15.79451933790661        249.8483706471586        3958.334569256438        94.83419474604223       -42.49994870512353    
    228.5000000000000       0.4002203830933103E-08    15.64534145861857        245.1339264039679        3846.425496578409        94.83653344700326       -41.49995021530617    
    229.5000000000000       0.3871616137159897E-08    15.50119440262026        240.6212631264722        3740.319702044475        94.83880101488924       -40.49995167955625    
    230.5000000000000       0.3748255751512913E-08    15.36196271304807        236.3024205014796        3639.708425535355        94.84100196713480       -39.49995310079082    
    231.5000000000000       0.3631719802546256E-08    15.22753956510973        232.1699766327652        3544.305532192776        94.84314048065576       -38.49995448170704    
    232.5000000000000       0.3521615712180995E-08    15.09781322509938        228.2166142102010        3453.836653713204        94.84522042463269       -37.49995582480340    
    233.5000000000000       0.3417580002710566E-08    14.97268248454871        224.4355943036753        3368.049720195878        94.84724538963499       -36.49995713239836    
    234.5000000000000       0.3319275189436024E-08    14.85204287399651        220.8202983070146        3286.703205412587        94.84921871355655       -35.49995840664734    
    235.5000000000000       0.3226394319302118E-08    14.73579803989292        217.3645883177373        3209.574388458668        94.85114350476599       -34.49995964955757    
    236.5000000000000       0.3138632795356564E-08    14.62385405687653        214.0625975317283        3136.453389523993        94.85302266281755       -33.49996086300127    
    237.5000000000000       0.3055730184076509E-08    14.51612141596859        210.9087913919413        3067.144335517142        94.85485889702079       -32.49996204872799    
    238.5000000000000       0.2977436258319661E-08    14.41251350405593        207.8979067935135        3001.463379334577        94.85665474312633       -31.49996320837516    
    239.5000000000000       0.2903505606617283E-08    14.31294736086341        205.0249607224274        2939.238353106748        94.85841257835024       -30.49996434347776    
    240.5000000000000       0.2833724217519049E-08    14.21734410229458        202.2852570775424        2880.308590152668        94.86013463493093       -29.49996545547725    
    241.5000000000000       0.2767882108401889E-08    14.12562652978652        199.6743035425734        2824.522605484976        94.86182301238632       -28.49996654572939    
    242.5000000000000       0.2705783920610012E-08    14.03772031955426        197.1878388209383        2771.738358856647        94.86347968861884       -27.49996761551130    
    243.5000000000000       0.2647245240348071E-08    13.95355515407376        194.8218579057666        2721.823479449187        94.86510652999578       -26.49996866602820    
    244.5000000000000       0.2592094595673957E-08    13.87306261142728        192.5725409162490        2674.653355102815        94.86670530051886       -25.49996969841921    
    245.5000000000000       0.2540172481911299E-08    13.79617631752552        190.4362524543135        2630.110878745234        94.86827767018063       -24.49997071376259    
    246.5000000000000       0.2491323677589711E-08    13.72283414273008        188.4095955900990        2588.087298198439        94.86982522259599       -23.49997171308098    
    247.5000000000000       0.2445413981376399E-08    13.65297587861080        186.4893401882197        2548.480455525071        94.87134946198519       -22.49997269734578    
    248.5000000000000       0.2402307899235290E-08    13.58654512197399        184.6724684147028        2511.195489648641        94.87285181957650       -21.49997366748105    
    249.5000000000000       0.2361890599232225E-08    13.52348748533250        182.9561198918614        2476.143492628815        94.87433365948907       -20.49997462436772    
    250.5000000000000       0.2324044888245350E-08    13.46375190384848        181.3376215792362        2443.241914446307        94.87579628414953       -19.49997556884686    
    251.5000000000000       0.2288671006460103E-08    13.40729032211865        179.8144742246102        2412.414104346277        94.87724093929022       -18.49997650172278    
    252.5000000000000       0.2255668717934430E-08    13.35405668093893        178.3843195359710        2383.588461457784        94.87866881857164       -17.49997742376632    
    253.5000000000000       0.2224949920373903E-08    13.30400807036674        177.0449673782480        2356.698841132993        94.88008106786764       -16.49997833571745    
    254.5000000000000       0.2196437428871064E-08    13.25710387352233        175.7943681847813        2331.683846531923        94.88147878924710       -15.49997923828773    
    255.5000000000000       0.2170049706957830E-08    13.21330625414719        174.6306219131043        2308.486872641735        94.88286304468359       -14.49998013216296    
    256.5000000000000       0.2145718942362255E-08    13.17257990306509        173.5519683557175        2287.055805407213        94.88423485952050       -13.49998101800530    
    257.5000000000000       0.2123379659878442E-08    13.13489198661820        172.5567817104798        2267.342788464743        94.88559522571688       -12.49998189645519    
    258.5000000000000       0.2102975062430090E-08    13.10021179384129        171.6435584028309        2249.303885716609        94.88694510489678       -11.49998276813363    
    259.5000000000000       0.2084454681977629E-08    13.06851154231633        170.8109360390587        2232.899375331616        94.88828543122337       -10.49998363364392    
    260.5000000000000       0.2067766963719343E-08    13.03976604643390        170.0576813984449        2218.093416204081        94.88961711411613       -9.499984493573189    
    261.5000000000000       0.2052868883131238E-08    13.01395164259874        169.3826602095101        2204.853385347210        94.89094104082942       -8.499985348494432    
    262.5000000000000       0.2039725126352916E-08    12.99104785061544        168.7848787486585        2193.150632626827        94.89225807890780       -7.499986198967906    
    263.5000000000000       0.2028303547850885E-08    12.97103636421203        168.2634554219750        2182.959861981935        94.89356907853356       -6.499987045542511    
    264.5000000000000       0.2018573483405790E-08    12.95390109138958        167.8176201221252        2174.259066721630        94.89487487478002       -5.499987888757539    
    265.5000000000000       0.2010510719303870E-08    12.93962817974753        167.4467136868321        2167.029479373422        94.89617628978387       -4.499988729143934    
    266.5000000000000       0.2004090699208785E-08    12.92820645455896        167.1501979328119        2161.255727186312        94.89747413484848       -3.499989567225490    
    267.5000000000000       0.1999302161628894E-08    12.91962666953746        166.9276352591837        2156.925405372220        94.89876921249015       -2.499990403520478    
    268.5000000000000       0.1996131784834185E-08    12.91388188756744        166.7786977215877        2154.029229185808        94.90006231843806       -1.499991238542790    
    269.5000000000000       0.1994300780746219E-08    12.91097070258070        166.7032501386699        2152.562635076573        94.90135424359892      -0.4999920728030513    
    270.5000000000000       0.1994617881496773E-08    12.91088110440656        166.7009305332920        2152.517593839340        94.90264577599631       0.5000070931898221    
    271.5000000000000       0.1996272231011811E-08    12.91362277414193        166.7719889539592        2153.898949277961        94.90393770269526        1.500006258927531    
    272.5000000000000       0.1999534358006041E-08    12.91919468404800        166.9164456699583        2156.708013986893        94.90523081172178        2.500005423901309    
    273.5000000000000       0.2004414621573025E-08    12.92760124363700        167.1345109451655        2160.950756871102        94.90652589398725        3.500004587600372    
    274.5000000000000       0.2010924903538899E-08    12.93884919028130        167.4265044898285        2166.636242330005        94.90782374522796        4.500003749510820    
    275.5000000000000       0.2019081449981838E-08    12.95294747541023        167.7928531689208        2173.776604968392        94.90912516796972        5.500002909114522    
    276.5000000000000       0.2028908733153989E-08    12.96990703165175        168.2340858046721        2182.386973634487        94.91043097352785        6.500002065887512    
    277.5000000000000       0.2040428980801730E-08    12.98974122844610        168.7508457765318        2192.485742818712        94.91174198405348        7.500001219298834    
    278.5000000000000       0.2052511471083344E-08    13.01254924002278        169.3460570555543        2204.136797897936        94.91305903463693        8.500000368809326    
    279.5000000000000       0.2068652101551456E-08    13.03809927808645        170.0141040187957        2217.238825226221        94.91438297548008        9.499999513869907    
    280.5000000000000       0.2085423510528183E-08    13.06666175751931        170.7624665480659        2231.946724573160        94.91571467414978        10.49999865392029    
    281.5000000000000       0.2104020214659075E-08    13.09817654433723        171.5900992048304        2248.250584529984        94.91705501792543        11.49999778838761    
    282.5000000000000       0.2124493208570874E-08    13.13266893995103        172.4982343733236        2266.186146080843        94.91840491625447        12.49999691668453    
    283.5000000000000       0.2146894093835693E-08    13.17016661065546        173.4882276877348        2285.792915878524        94.91976530333093        13.49999603820773    
    284.5000000000000       0.2171279336985312E-08    13.21070022148014        174.5615771818937        2307.114624301283        94.92113714081293        14.49999515233631    
    285.5000000000000       0.2197715050608001E-08    13.25430284972151        175.7199107869820        2330.199072085513        94.92252142069678        15.49999425842963    
    286.5000000000000       0.2226271365893354E-08    13.30100965864012        176.9649805925733        2355.098113021551        94.92391916836648        16.49999335582548    
    287.5000000000000       0.2257022673490022E-08    13.35085893990883        178.2986938634703        2381.868381875714        94.92533144583989        17.49999244383816    
    288.5000000000000       0.2290055038381508E-08    13.40389121287021        179.7230928693154        2410.571016140167        94.92675935523390        18.49999152175588    
    289.5000000000000       0.2325459457339750E-08    13.46014949364866        181.2403658305558        2441.272004557284        94.92820404247426        19.49999058883863    
    290.5000000000000       0.2363334267849004E-08    13.51967920064898        182.8528485821039        2474.042364401220        94.92966670127768        20.49998964431562    
    291.5000000000000       0.2403786944752326E-08    13.58252891223229        184.5630493681500        2508.958796598476        94.93114857743713        21.49998868738233    
    292.5000000000000       0.2446931991374957E-08    13.64874954104686        186.3736316752729        2546.103514567346        94.93265097344461        22.49998771719759    
    293.5000000000000       0.2492890865687089E-08    13.71839475797633        188.2874305535983        2585.564754158066        94.93417525348961        23.49998673288057    
    294.5000000000000       0.2541796933101864E-08    13.79152130326153        190.3074668438325        2627.437270022945        94.93572284887624        24.49998573350691    
    295.5000000000000       0.2593794130418107E-08    13.86818840956036        192.4369374019351        2671.822355341881        94.93729526390621        25.49998471810513    
    296.5000000000000       0.2649029409576346E-08    13.94845818346110        194.6792313372441        2718.828401116728        94.93889408228213        26.49998368565264    
    297.5000000000000       0.2707662601412586E-08    14.03239593766806        197.0379464891975        2768.571506511012        94.94052097409087        27.49998263507089    
    298.5000000000000       0.2769866317640132E-08    14.12006834689866        199.5168442683462        2821.174791200573        94.94217770343548        28.49998156522063    
    299.5000000000000       0.2835819754412699E-08    14.21154539490362        202.1199116819339        2876.769995693569        94.94386613679242        29.49998047489664    
    300.5000000000000       0.2905714980560194E-08    14.30690138326892        204.8513992674025        2935.498638356148        94.94558825218135        30.49997936282155    
    301.5000000000000       0.2979755227332105E-08    14.40621207592038        207.7157473099198        2997.510765283327        94.94734614924656        31.49997822763939    
    302.5000000000000       0.3058159533872955E-08    14.50955677648636        210.7176537884307        3062.966772874647        94.94914206036233        32.49997706790867    
    303.5000000000000       0.3141162059559731E-08    14.61701795985162        213.8620733437001        3132.037791317992        94.95097836289126        33.49997588209413    
    304.5000000000000       0.3229013103277805E-08    14.72868368538210        217.1543013831221        3204.908045289459        94.95285759274184        34.49997466855808    
    305.5000000000000       0.3321991955540265E-08    14.84464542647153        220.5999199024505        3281.774106608246        94.95478245939394        35.49997342555093    
    306.5000000000000       0.3420390525507738E-08    14.96499787298931        224.2048022040968        3362.845490233809        94.95675586258579        36.49997215120004    
    307.5000000000000       0.3524527492309614E-08    15.08984115530697        227.9751959983327        3448.347178192613        94.95878091088477        37.49997084349797    
    308.5000000000000       0.3634747121813674E-08    15.21927796178500        231.9176472157946        3538.518444712955        94.96086094239980        38.49996950028915    
    309.5000000000000       0.3751430738151498E-08    15.35341423058508        236.0390351471501        3633.614318905921        94.96299954793321        39.49996811925468    
    310.5000000000000       0.3874975059235614E-08    15.49235944399246        240.3465961887123        3733.906836675045        94.96520059691812        40.49996669789576    
    311.5000000000000       0.4005796458449565E-08    15.63622124352359        244.8477645253072        3839.681903717159        94.96746826654459        41.49996523351496    
    312.5000000000000       0.4144360194053432E-08    15.78511242413167        249.5504102121895        3951.245774060230        94.96980707454533        42.49996372319482    
    313.5000000000000       0.4291129487862636E-08    15.93913852059887        254.4624491314078        4068.916312140283        94.97222191619325        43.49996216377406    
    314.5000000000000       0.4446627232186015E-08    16.09841353529305        259.5923663113466        4193.036546264508        94.97471810615922        44.49996055182069    
    315.5000000000000       0.4611404194379667E-08    16.26305527689993        264.9490880074230        4323.972673325433        94.97730142599603        45.49995888360111    
    316.5000000000000       0.4786011338276381E-08    16.43318124701718        270.5418550772254        4462.111736522781        94.97997817815450        46.49995715504530    
    317.5000000000000       0.4971090657906204E-08    16.60892053357176        276.3806443508020        4607.873427135880        94.98275524760851        47.49995536170725    
    318.5000000000000       0.5167263907594814E-08    16.79040252835713        282.4758173866130        4761.702631882833        94.98564017237337        48.49995349871908    
    319.5000000000000       0.5375238422258053E-08    16.97775841748807        288.8381704767335        4924.071439900574        94.98864122445511        49.49995156073886    
    320.5000000000000       0.5595730278483282E-08    17.17112591383175        295.4791356336753        5095.486121300970        94.99176750308035        50.49994954189068    
    321.5000000000000       0.5829508052770174E-08    17.37063915360117        302.4104323471001        5276.478985898052        94.99502904244017        51.49994743569466    
    322.5000000000000       0.6077413719554318E-08    17.57644188721763        309.6445706816511        5467.623680768103        94.99843693665747        52.49994523498648    
    323.5000000000000       0.6340343638852587E-08    17.78867239572969        317.1943270063163        5669.522518032520        95.00200348528277        53.49994293182351    
    324.5000000000000       0.6619309149358646E-08    18.00749814382611        325.0740460547491        5882.844302251377        95.00574236336554        54.49994051737470    
    325.5000000000000       0.6915430458822771E-08    18.23306674748708        333.2978582327138        6108.276850531191        95.00966882108915        55.49993798179185    
    326.5000000000000       0.7229767056339066E-08    18.46551826671236        341.8801644483449        6346.542571044522        95.01379991914681        56.49993531405768    
    327.5000000000000       0.7563614428636923E-08    18.70500013742244        350.8361325235966        6598.412020374447        95.01815480755737        57.49993250180556    
    328.5000000000000       0.7918144370411445E-08    18.95164186372119        360.1808842107808        6864.686377260039        95.02275505757463        58.49992953110529    
    329.5000000000000       0.8294824584522452E-08    19.20558827550185        369.9306563344444        7146.229267649168        95.02762505887607        59.49992638620672    
    330.5000000000000       0.8695006579756539E-08    19.46698152433222        380.1022322735633        7443.955555444591        95.03279249752131        60.49992304923086    
    331.5000000000000       0.9120256000009285E-08    19.73595061284245        390.7124542773462        7758.816595364227        95.03828893451872        61.49991949979633    
    332.5000000000000       0.9572138192498281E-08    20.01259608802806        401.7775862810061        8091.781905292317        95.04415051060960        62.49991571456443    
    333.5000000000000       0.1005238294731953E-07    20.29710708699202        413.3182917295784        8444.000261625089        95.05041881061061        63.49991166668066    
    334.5000000000000       0.1056281984076561E-07    20.58956044696381        425.3511454544616        8816.532304413464        95.05714193111389        64.49990732508537    
    335.5000000000000       0.1110541445293655E-07    20.89016229233433        437.8989230786237        9210.681961500482        95.06437580964702        65.49990265365552    
    336.5000000000000       0.1168191439407410E-07    21.19895852847122        450.9782253858236        9627.601333750163        95.07218589317252        66.49989761012695    
    337.5000000000000       0.1229494345094490E-07    21.51615646697685        464.6132364243821        10068.73537861392        95.08064925149772        67.49989214472970    
    338.5000000000000       0.1294603334009786E-07    21.84179575284644        478.8217170459914        10535.37634653899        95.08985728044556        68.49988619844254    
    339.5000000000000       0.1363826760545214E-07    22.17604600288191        493.6276869027477        11029.07273514792        95.09991919616304        69.49987970073599    
    340.5000000000000       0.1437371349807888E-07    22.51896518346976        509.0510274223256        11551.29568105068        95.11096660455648        70.49987256662175    
    341.5000000000000       0.1515542145512569E-07    22.87071185280645        525.1169559603748        12103.76025335759        95.12315955264440        71.49986469274491    
    342.5000000000000       0.1598589338956113E-07    23.23133405907161        541.8462085872974        12688.08504673570        95.13669465457197        72.49985595213587    
    343.5000000000000       0.1686842539438588E-07    23.60094335101071        559.2632995843387        13306.08953519274        95.15181617240799        73.49984618705486    
    344.5000000000000       0.1780599957815862E-07    23.97953324119939        577.3877357402187        13959.47882502782        95.16883138607643        74.49983519906601    
    345.5000000000000       0.1880168327421791E-07    24.36727400971039        596.2481226353704        14650.35248836981        95.18813232292355        75.49982273500453    
    346.5000000000000       0.1985998387347370E-07    24.76412444119190        615.8638619411749        15380.56171902152        95.21022714429810        76.49980846670736    
    347.5000000000000       0.2098271244844162E-07    25.17021014663407        636.2626279572335        16152.31611245918        95.23578659667405        77.49979196101515    
    348.5000000000000       0.2217617344155486E-07    25.58547351081962        657.4640560850683        16967.61724092817        95.26571469625004        78.49977263412367    
    349.5000000000000       0.2344277560064239E-07    26.00999824586215        679.4950215008255        17828.80239015768        95.30125980104336        79.49974967985234    
    350.5000000000000       0.2478700805498367E-07    26.44369410623267        702.3742828593241        18737.98322902053        95.34419582608140        80.49972195261269    
    351.5000000000000       0.2621525265988819E-07    26.88672408174527        726.1342393888066        19697.88576394036        95.39713135807207        81.49968776777374    
    352.5000000000000       0.2772993618190350E-07    27.33887825191576        750.7880446134416        20710.55105122401        95.46406602043686        82.49964454234075    
    353.5000000000000       0.2933772311332277E-07    27.80029048272083        776.3676608404913        21778.86021537137        95.55146029545745        83.49958810400528    
    354.5000000000000       0.3104360582581600E-07    28.27079605954890        802.8890511610003        22905.11695294009        95.67047208869060        84.49951124659512    
    355.5000000000000       0.3285293630285447E-07    28.75030632485057        830.3725991300067        24091.88810224816        95.84217416512521        85.49940036004378    
    356.5000000000000       0.3477327124616513E-07    29.23884805606214        858.8452994097308        25342.09614831287        96.11171019206652        86.49922628585956    
    357.5000000000000       0.3681017902853878E-07    29.73621826318510        888.3214305666282        26658.20936828055        96.59638836965568        87.49891324358232    
    358.5000000000000       0.3897060895837582E-07    30.24237729048448        918.8246248676797        28043.17515304121        97.72567330168810        88.49818369368566    
    359.5000000000000       0.4126339755346730E-07    30.75719375141868        950.3730866719288        29499.77775671312        103.3206134635022        89.49456120557082    
