 # author: MA Kubiak / Space Research Center PAS Warsaw Poland, contact: mkubiak@cbk.waw.pl                          
 # code version Program.keplerV_ellipt_V2      , Dates: calkV:20/04/2026  ; part_pr:20/04/2026                       
 # czas no T v_mas, kier.naplywu(dl, szer) macierz obrotu (ecl to helio), r, theta, phi(ecl,spher), V_detector(ecl,cart), IBEX_energy_channel
 #     2026.073763000000        0.1419110000000000E-01     7443.000000000000        -25.78400000689422         255.7450000000000         5.169000000000000        0.2459841265748581        0.9692738567985851         0.000000000000000       -0.9615244635393438        0.2440174711049008        0.1261989691358298        0.1223213615382913       -0.3104294319752456E-01    0.9920049496797150        0.9757239999999999         127.5776020000000       -0.8054000000000000E-02    -23.76400000000000        -18.08200000000000        0.4799999999999999E-01 00
 # routs_end= 150.00;    Maxwellian,    elliptOrb=Off                                                                                        
 # Numerical parameters: GridKl=10  GridKf=09  GridKV=05  epsV= 0.0000100  epssJon=.0010000                                                  
 # Numerical parameters: GridKl=10  GridKf=09  GridKV=05  epsV= 0.0000100  epssJon=.0010000; tessel128                                                                                                                                                                                                                                                                                                                                                                                                                                                                 
# Axis to the Sun: alpha_ecl= 303.7050000000000000 delta_Ecl= 0.0950000000000000 delta_Ax= 90.0000000000000000  repoint= 00139
 #  flag_atom: He                                                   
 #  flag_general:                                                   
 #                                                                  
 #                                                                  
  # Ly_a_Profil: zero                                               
  # flag_Itot: zero                                                 
 #  v_SW_Eqtr: speed3D.hybrid2026c_patched.dat                      
 #  n_SW_Eqtr: density3D.hybrid2026c_patched.dat                    
 #  phot_Eqtr: 0.8500000  phion_Helium_T12F107_2026c.dat            
 #  sigma_SW: p+He->H +He+, He + alpha (2 chnls);src:simuLosses.nb  
 #  flag_el:slow  swEqtrElectrons5.2026c.patched.dat                
 #  SW_lati: interpolation                                          
 #  phot_lati: analit pole-flattened after Pryor & Auchere          
 #
 #
 #
 #Spin  flux speed	speed^2 speed^3    long_ecl lat_ecl
   0.5000000000000000       0.6508711135290970E-03    32.86245341487565        1085.183456726666        36005.90114145992        202.9473072359771        89.49105273337328    
    1.500000000000000       0.7188906394468415E-03    33.44143868093596        1123.738017829304        37940.57917928205        210.0819373904997        88.49699285873957    
    2.500000000000000       0.7956475169405497E-03    34.03113620267404        1163.695210747004        39980.78984730408        211.5301908585926        87.49819429137447    
    3.500000000000000       0.8825068377480427E-03    34.63124293778938        1205.069485810162        42130.28827351421        212.1521472370380        86.49871005055184    
    4.500000000000000       0.9810750205957463E-03    35.24155045985164        1247.882471546870        44393.34700559504        212.4980920830237        85.49899689155438    
    5.500000000000000       0.1093265314013975E-02    35.86206684531849        1292.172349065408        46775.31984563737        212.7184876392974        84.49917962321204    
    6.500000000000000       0.1221397736455206E-02    36.49264600997505        1337.965607783140        49281.02660849462        212.8712573220393        83.49930628209805    
    7.500000000000000       0.1368214396890277E-02    37.13313710894362        1385.288399461601        51915.40430933701        212.9834441988747        82.49939929283754    
    8.500000000000000       0.1537088784878804E-02    37.78357274523226        1434.181621347045        54684.42351387113        213.0693688630044        81.49947052958322    
    9.500000000000000       0.1732086960305401E-02    38.44383785411522        1484.674702226978        57593.52921530966        213.1373235342481        80.49952686769008    
    10.50000000000000       0.1958203256284315E-02    39.11395658377273        1536.808848394429        60649.06320345245        213.1924420658292        79.49957256369275    
    11.50000000000000       0.2221615961259035E-02    39.79389850195484        1590.621037170364        63857.27439577999        213.2380728987513        78.49961039376872    
    12.50000000000000       0.2529795193298303E-02    40.48344699920462        1646.132783854758        67223.59796708298        213.2764931205869        77.49964224581520    
    13.50000000000000       0.2892231204770317E-02    41.18256074942688        1703.379969865484        70754.51532491189        213.3093052137988        76.49966944841125    
    14.50000000000000       0.3320660552312518E-02    41.89109644950118        1762.389880622409        74456.11871026004        213.3376696537568        75.49969296367090    
    15.50000000000000       0.3829899934683128E-02    42.60895367179010        1823.193740868196        78334.93937200907        213.3624474788775        74.49971350544982    
    16.50000000000000       0.4438807061791178E-02    43.33616631512649        1885.834845665981        82398.49364137012        213.3842910221074        73.49973161457082    
    17.50000000000000       0.5171403394315409E-02    44.07260440976727        1950.342147568099        86653.52190650006        213.4037035371165        72.49974770825942    
    18.50000000000000       0.6058564959454684E-02    44.81811190801573        2016.741288610007        91106.64640533435        213.4210794877275        71.49976211354706    
    19.50000000000000       0.7140153906037455E-02    45.57247032194925        2085.051922811761        95764.23055799866        213.4367324414357        70.49977509039718    
    20.50000000000000       0.8468494651557810E-02    46.33561492308612        2155.307741583696        100633.7778487515        213.4509147994726        69.49978684806268    
    21.50000000000000       0.1011215536741327E-01    47.10731444683421        2227.526686884061        105721.8524833101        213.4638320211143        68.49979755687897    
    22.50000000000000       0.1216206301674634E-01    47.88724570430281        2301.715571757637        111034.2169872481        213.4756530550388        67.49980735691224    
    23.50000000000000       0.1473997166894385E-01    48.67517644631042        2377.890244961327        116577.4932861926        213.4865181074906        66.49981636439968    
    24.50000000000000       0.1800949156724923E-01    49.47060176492842        2456.036820310562        122356.0525067349        213.4965445081266        65.49982467661263    
    25.50000000000000       0.2219344894214029E-01    50.27303209358992        2536.140410780371        128374.1683164222        213.5058311957290        64.49983237557555    
    26.50000000000000       0.2759697998469493E-01    51.08186148104816        2618.171679732398        134634.9675495813        213.5144621883328        63.49983953094283    
    27.50000000000000       0.3464141315800002E-01    51.89625574534873        2702.073271290981        141139.2049482881        213.5225092962716        62.49984620224817    
    28.50000000000000       0.4391479403547150E-01    52.71539894421661        2787.785208564317        147887.2090479544        213.5300342640867        61.49985244068027    
    29.50000000000000       0.5624304116080021E-01    53.53817399227689        2875.209424427423        154875.8991639931        213.5370904768185        60.49985829049740    
    30.50000000000000       0.7279684685446891E-01    54.36339816260241        2964.234144409814        162100.6441440253        213.5437243306568        59.49986379016386    
    31.50000000000000       0.9524925302131296E-01    55.18973703722067        3054.723295506352        169554.2601313393        213.5499763425335        58.49986897326968    
    32.50000000000000       0.1260149047649246        56.01593532745777        3146.542447575998        177229.1674766316        213.5558820548870        57.49987386928090    
    33.50000000000000       0.1685982624308812        56.84058469440330        3239.532198862265        185115.0506885089        213.5614727783959        56.49987850415526    
    34.50000000000000       0.2281318273400531        57.66210598100179        3333.502970122043        193198.0855091226        213.5667762055581        55.49988290085084    
    35.50000000000000       0.3121782193934493        58.47881771818486        3428.243305631835        201461.6345106493        213.5718169205829        54.49988707974886    
    36.50000000000000       0.4319572373787630        59.28920506096022        3523.553172285544        209889.2965714954        213.5766168254807        53.49989105900689    
    37.50000000000000       0.6042279911942043        60.09169401759233        3619.214426830317        218461.9616627875        213.5811954979947        52.49989485485557    
    38.50000000000000       0.8541462947248613        60.88466094492560        3714.992629793574        227157.9702910910        213.5855704937661        51.49989848184917    
    39.50000000000000        1.219649240963373        61.66665635152217        3810.666581022172        235955.9845047182        213.5897576026171        50.49990195307800    
    40.50000000000000        1.758236650947539        62.43646277819420        3906.036217486559        244835.7441014817        213.5937710668824        49.49990528034946    
    41.50000000000000        2.557267814784059        63.19280417925752        4000.886280862036        253774.6051953268        213.5976237681898        48.49990847434287    
    42.50000000000000        3.749791529984225        63.93448945388220        4095.005335388656        262749.3886654478        213.6013273878897        47.49991154474248    
    43.50000000000000        5.538813854109156        64.66046841656315        4188.193782767128        271737.1931190809        213.6048925453722        46.49991450035213    
    44.50000000000000        8.234012930242182        65.36975707230054        4280.255538208758        280714.6887651847        213.6083289177521        45.49991734919448    
    45.50000000000000        12.30778175979886        66.06160953195467        4371.022307311275        289660.6631897985        213.6116453437891        44.49992009859715    
    46.50000000000000        18.47964961414637        66.73543560153395        4460.344219723745        298555.2335241189        213.6148499144168        43.49992275526782    
    47.50000000000000        27.84217085256352        67.39068819990797        4548.075456373722        307378.4627258520        213.6179500518545        42.49992532535973    
    48.50000000000000        42.04868257283435        68.02697829693329        4634.090703174603        316112.1222818547        213.6209525789519        41.49992781452927    
    49.50000000000000        63.58910723336808        68.64406659666145        4718.285378488444        324739.8604022836        213.6238637801470        40.49993022798645    
    50.50000000000000        96.19068307269465        69.24180307482939        4800.568077795805        333246.5086487242        213.6266894552022        39.49993257053946    
    51.50000000000000        145.3928788164777        69.82009208155182        4880.856275758289        341617.7037267996        213.6294349666999        38.49993484663405    
    52.50000000000000        219.3605174517822        70.37888429292454        4959.075597877032        349839.8674590779        213.6321052821329        37.49993706038845    
    53.50000000000000        330.0120276981764        70.91809069863102        5035.147204308760        357898.8289762117        213.6347050112946        36.49993921562432    
    54.50000000000000        494.5607917763804        71.43772575626024        5109.009446406204        365782.2983521688        213.6372384395772        35.49994131589438    
    55.50000000000000        737.5786487176766        71.93786153210846        5180.611176665607        373479.1480996920        213.6397095576936        34.49994336450707    
    56.50000000000000        1093.678209937418        72.41864360590245        5249.914792408759        380979.8456656587        213.6421220882668        33.49994536454856    
    57.50000000000000        1610.913059055422        72.88018685651122        5316.880731830355        388274.7387795303        213.6444795096710        32.49994731890252    
    58.50000000000000        2354.975515647001        73.32265257677585        5381.479067983420        395355.3828419769        213.6467850774538        31.49994923026792    
    59.50000000000000        3414.128426051654        73.74623947903372        5443.688127187068        402214.3979050007        213.6490418436254        30.49995110117495    
    60.50000000000000        4904.785445861278        74.15114616509101        5503.488896531233        408844.8584225602        213.6512526740636        29.49995293399951    
    61.50000000000000        6977.500631186850        74.53761473618263        5560.871702834035        415241.0771782225        213.6534202642506        28.49995473097627    
    62.50000000000000        9822.713340689583        74.90588270553178        5615.828911625194        421397.7878806965        213.6555471535299        27.49995649421039    
    63.50000000000000        13675.62018526154        75.25624142601339        5668.363969165190        427311.2112334027        213.6576357380486        26.49995822568835    
    64.50000000000000        18819.06713520038        75.58894751334303        5718.477568516029        432977.4456329714        213.6596882825289        25.49995992728770    
    65.50000000000000        25583.55474278385        75.90430121160458        5766.179739032016        438393.8804987588        213.6617069309978        24.49996160078586    
    66.50000000000000        34342.46972325274        76.20263922863461        5811.488780483314        443559.0889986701        213.6636937165838        23.49996324786837    
    67.50000000000000        45501.38778035671        76.48431543578808        5854.428239073397        448472.4832793731        213.6656505704827        22.49996487013625    
    68.50000000000000        59480.75612913673        76.74970595156383        5895.027621166714        453134.3993553874        213.6675793301776        21.49996646911282    
    69.50000000000000        76690.40341401470        76.99920731665972        5933.322042011545        457546.0572408624        213.6694817469914        20.49996804624996    
    70.50000000000000        97497.27125757038        77.23321704892908        5969.349005614622        461709.1696533668        213.6713594930414        19.49996960293394    
    71.50000000000000        122185.9419677408        77.45214846723484        6003.150760986001        465626.2311611226        213.6732141676559        18.49997114049061    
    72.50000000000000        150915.7097853103        77.65643412937183        6034.774746576990        469300.5664650831        213.6750473033092        17.49997266019043    
    73.50000000000000        183676.5787606659        77.84650325645897        6064.269909974233        472735.8866243503        213.6768603711223        16.49997416325302    
    74.50000000000000        220249.3105879296        78.02278681521412        6091.687443942285        475936.3739764094        213.6786547859761        15.49997565085132    
    75.50000000000000        260174.3241140757        78.18571777698362        6117.080684418430        478906.6580819100        213.6804319112727        14.49997712411564    
    76.50000000000000        302734.7897807817        78.33573011403625        6140.504807592491        481651.7668363212        213.6821930633851        13.49997858413731    
    77.50000000000000        346956.9501214144        78.47323146493548        6162.012397303353        484176.5907376072        213.6839395158239        12.49998003197205    
    78.50000000000000        391632.7285340154        78.59860227784857        6181.653170727136        486485.8370850465        213.6856725031523        11.49998146864336    
    79.50000000000000        435366.5733969727        78.71220787781084        6199.475757200136        488584.2282800194        213.6873932246760        10.49998289514550    
    80.50000000000000        476639.9395737484        78.81438533321102        6215.525536530387        490476.2376276791        213.6891028479315        9.499984312446372    
    81.50000000000000        513896.1902671791        78.90543779228457        6229.843618327534        492165.9549600329        213.6908025119969        8.499985721490289    
    82.50000000000000        545638.0052746406        78.98562987860973        6242.465968866676        493656.9669158531        213.6924933306438        7.499987123200607    
    83.50000000000000        570524.1675757766        79.05518011825359        6253.422106539903        494952.1908269533        213.6941763953512        6.499988518482157    
    84.50000000000000        587465.7929196368        79.11427720245665        6262.737678698490        496054.1822674760        213.6958527781986        5.499989908223723    
    85.50000000000000        595698.1551096925        79.16304271619302        6270.428353522432        496964.3850616718        213.6975235346547        4.499991293300318    
    86.50000000000000        594847.7559715393        79.20157326357322        6276.506537387570        497683.9358257764        213.6991897062775        3.499992674575382    
    87.50000000000000        584953.7227976217        79.22990168615409        6280.975123514880        498212.9085015699        213.7008523233415        2.499994052903044    
    88.50000000000000        566462.3425620311        79.24801391868429        6283.830226638525        498550.6476347437        213.7025124074053        1.499995429130199    
    89.50000000000000        540201.8852990237        79.25586100996937        6285.063013151535        498695.9770087369        213.7041709738338       0.4999968040985721    
    90.50000000000000        507316.7769592467        79.25334294761076        6284.657121037344        498646.8912308336        213.7058290342879      -0.5000018213531452    
    91.50000000000000        469183.0004058043        79.24029381122855        6282.586333391528        498400.2822154751        213.7074875991952       -1.500000446387286    
    92.50000000000000        427315.2228947919        79.21651889860937        6278.820572242613        497952.6650637561        213.7091476802142       -2.499999070165201    
    93.50000000000000        383271.8764562326        79.18179031262804        6273.325148613711        497300.0826738985        213.7108102927053       -3.499997691845134    
    94.50000000000000        338555.2283504531        79.13581926295564        6266.056446562492        496437.6010949032        213.7124764582199       -4.499996310580200    
    95.50000000000000        294529.9986703562        79.07828087895658        6256.966042270028        495359.8212327392        213.7141472070234       -5.499994925516329    
    96.50000000000000        252366.2364995966        79.00883757458823        6246.004400882076        494061.3169279814        213.7158235806620       -6.499993535790056    
    97.50000000000000        212993.2025099250        78.92710334314535        6233.115310941865        492535.9834979822        213.7175066345902       -7.499992140526406    
    98.50000000000000        177080.0070494383        78.83267028507449        6218.240282319188        490777.5828809117        213.7191974408706       -8.499990738836628    
    99.50000000000000        145041.4724942576        78.72512859859818        6201.321799804640        488780.1390875027        213.7208970909633       -9.499989329815918    
    100.5000000000000        117056.9695522898        78.60404178227768        6182.299441183467        486537.4805941305        213.7226066986178       -10.49998791254096    
    101.5000000000000        93101.93673457166        78.46895733434836        6161.111849397143        484043.5055835246        213.7243274028876       -11.49998648606747    
    102.5000000000000        72990.58069152493        78.31944394092666        6137.702677010835        481292.8922220628        213.7260603712818       -12.49998504942760    
    103.5000000000000        56419.79638995318        78.15505243538301        6112.014456683036        478280.3732325069        213.7278068030759       -13.49998360162715    
    104.5000000000000        43010.68280765579        77.97533958563788        6083.992632772926        475001.2426575855        213.7295679327995       -14.49998214164268    
    105.5000000000000        32348.00682345197        77.77990823932417        6053.591997742470        471452.1260186460        213.7313450339267       -15.49998066841850    
    106.5000000000000        24011.05938454054        77.56832567604701        6020.763707520346        467629.4243537315        213.7331394227904       -16.49997918086336    
    107.5000000000000        17597.58582581557        77.34020543021893        5985.468626273741        463530.9417268615        213.7349524627497       -17.49997767784704    
    108.5000000000000        12740.32657857188        77.09516192320950        5947.669950027735        459154.9774650261        213.7367855686380       -18.49997615819665    
    109.5000000000000        9116.410893532326        76.83284919776811        5907.339646860554        454501.1216840221        213.7386402115255       -19.49997462069269    
    110.5000000000000        6451.181661260253        76.55293321184317        5864.453910253809        449569.6864170218        213.7405179238314       -20.49997306406475    
    111.5000000000000        4517.554016161534        76.25508550662822        5818.992380669346        444361.6311473589        213.7424203048246       -21.49997148698710    
    112.5000000000000        3132.664985371584        75.93902128740864        5770.944226828087        438879.2813752021        213.7443490265581       -22.49996988807360    
    113.5000000000000        2152.740533259319        75.60447235689537        5720.303880571141        433125.8128048280        213.7463058402860       -23.49996826587243    
    114.5000000000000        1467.177039704666        75.25118007240025        5667.069828573592        427105.0849261184        213.7482925834170       -24.49996661886044    
    115.5000000000000        992.5443525689020        74.87889288791528        5611.244410242953        420821.6263060196        213.7503111870671       -25.49996494543672    
    116.5000000000000        667.0839434301303        74.48741624556264        5552.841567988947        414281.5252917538        213.7523636842789       -26.49996324391591    
    117.5000000000000        445.8375205345710        74.07659360362884        5491.883905537695        407492.0732732805        213.7544522189868       -27.49996151252068    
    118.5000000000000        296.5910476940247        73.64625724616069        5428.394814722481        400460.8044771568        213.7565790558141       -28.49995974937368    
    119.5000000000000        196.5901853335810        73.19631982016706        5362.412669661760        393197.1344186679        213.7587465908009       -29.49995795248865    
    120.5000000000000        129.9684628103711        72.72669296881591        5293.978174448801        385710.8661399702        213.7609573631758       -30.49995611976051    
    121.5000000000000        85.79175179407419        72.23727586926508        5223.132368144823        378011.9180081500        213.7632140682975       -31.49995424895489    
    122.5000000000000        56.60448312077180        71.72802071862509        5149.926663531533        370111.4647313115        213.7655195719109       -32.49995233769612    
    123.5000000000000        37.36991814887698        71.19892566134438        5074.421719718286        362021.7874290404        213.7678769258830       -33.49995038345418    
    124.5000000000000        24.71338362982933        70.65001088201002        4996.683150944618        353755.6950198881        213.7702893856069       -34.49994838353038    
    125.5000000000000        16.38905048448958        70.08140029642796        4916.793391273288        345327.8068538118        213.7727604292906       -35.49994633504138    
    126.5000000000000        10.91091263178332        69.49342074603749        4834.865430126416        336755.9656780770        213.7752937793773       -36.49994423490122    
    127.5000000000000        7.299818009024292        68.88643241471463        4751.016967472081        328058.2769620903        213.7778934263857       -37.49994207980185    
    128.5000000000000        4.912996656570076        68.26091506675625        4665.382435738616        319254.3632548766        213.7805636554983       -38.49993986619089    
    129.5000000000000        3.329547344200389        67.61748103368089        4578.113850278295        310365.3476870627        213.7833090762813       -39.49993759024701    
    130.5000000000000        2.274152922834511        66.95676504486927        4489.364061286340        301411.9540255915        213.7861346559811       -40.49993524785244    
    131.5000000000000        1.566800754153193        66.27961193841142        4399.312515615072        292417.1729597089        213.7890457569129       -41.49993283456188    
    132.5000000000000        1.089670885392865        65.58695338922477        4308.146522700750        283404.1541741331        213.7920481785486       -42.49993034556759    
    133.5000000000000       0.7654988485567107        64.87974003577206        4216.051285490966        274395.1316375689        213.7951482050102       -43.49992777566009    
    134.5000000000000       0.5435030331662714        64.15910026790625        4123.231045794976        265413.5660139041        213.7983526588028       -44.49992511918359    
    135.5000000000000       0.3901788413504303        63.42626737909773        4029.897914032733        256482.9039801569        213.8016689617699       -45.49992236998545    
    136.5000000000000       0.2833217205197230        62.68261535870334        3936.275555297380        247626.8731136658        213.8051052044337       -46.49991952135868    
    137.5000000000000       0.2081356708860580        61.92955602295281        3842.585079859029        238868.0690697665        213.8086702251033       -47.49991656597646    
    138.5000000000000       0.1547091460893149        61.16849893557450        3749.039140068140        230227.3522999845        213.8123737003992       -48.49991349581686    
    139.5000000000000       0.1163580347628127        60.40093648912621        3655.852977213284        221724.9709066357        213.8162262491676       -49.49991030207700    
    140.5000000000000       0.8854106106222124E-01    59.62824765505336        3563.219627485018        213378.2461542245        213.8202395521591       -50.49990697507364    
    141.5000000000000       0.6815324239362250E-01    58.85180819775042        3471.323923477939        205202.9501734666        213.8244264903397       -51.49990350412853    
    142.5000000000000       0.5305349219875818E-01    58.07293092668345        3380.335346235752        197212.7065756693        213.8288013053105       -52.49989987743550    
    143.5000000000000       0.4175300579292014E-01    57.29283637482658        3290.405243359054        189418.8434267594        213.8333797860796       -53.49989608190564    
    144.5000000000000       0.3320798633596183E-01    56.51260954597934        3201.662168678688        181830.0576055746        213.8381794873821       -54.49989210298614    
    145.5000000000000       0.2668076236855135E-01    55.73323999368777        3114.217666078621        174453.0537575206        213.8432199859494       -55.49988792444803    
    146.5000000000000       0.2164496813300270E-01    54.95559394084819        3028.163766230084        167292.4199039183        213.8485231826591       -56.49988352813571    
    147.5000000000000       0.1772209556088222E-01    54.18042849250835        2943.575569686085        160350.9569785533        213.8541136604482       -57.49987889367002    
    148.5000000000000       0.1463725562593267E-01    53.40838354734682        2860.510800962710        153629.7023135621        213.8600191103805       -58.49987399809527    
    149.5000000000000       0.1218932335388530E-01    52.63997965914843        2779.010686535516        147128.1176283357        213.8662708415122       -59.49986881545644    
    150.5000000000000       0.1022964462306873E-01    51.87564039750219        2699.103014889165        140844.4076094438        213.8729043944397       -60.49986331629059    
    151.5000000000000       0.8647572799451986E-02    51.11576036209821        2620.810476536550        134776.2929899757        213.8799602839946       -61.49985746701113    
    152.5000000000000       0.7360051351217728E-02    50.36064308440545        2544.143985809776        128920.4782959557        213.8874849039610       -62.49985122915785    
    153.5000000000000       0.6304072832037151E-02    49.61054443752722        2469.107877782323        123273.1224699867        213.8955316366112       -63.49984455847703    
    154.5000000000000       0.5431659784419988E-02    48.86567789914162        2395.700838507961        117829.9502315789        213.9041622232855       -64.49983740378535    
    155.5000000000000       0.4705790451213950E-02    48.12623435114706        2323.918462821253        112586.4933636361        213.9134484705951       -65.49982970555538    
    156.5000000000000       0.4097875159176909E-02    47.39239251263376        2253.753936746363        107538.1201017493        213.9234743922209       -66.49982139413993    
    157.5000000000000       0.3585509031026302E-02    46.66430311965416        2185.196988456952        102679.9979601659        213.9343389218194       -67.49981238752311    
    158.5000000000000       0.3151107552886365E-02    45.94215113425930        2118.239878507602        98007.53245930166        213.9461593829725       -68.49980258844380    
    159.5000000000000       0.2780730413007596E-02    45.22606850151292        2052.869155171210        93515.78388858460        213.9590759746683       -69.49979188067687    
    160.5000000000000       0.2463258670111671E-02    44.51625365749637        1989.076933818897        89200.26994907368        213.9732576368474       -70.49978012417078    
    161.5000000000000       0.2189745761145354E-02    43.81279696531219        1926.844293085519        85055.78013607627        213.9889098181686       -71.49976714860797    
    162.5000000000000       0.1952986258500519E-02    43.11584869447015        1866.157577540699        81077.56750347023        214.0062849068317       -72.49975274475727    
    163.5000000000000       0.1747151389214321E-02    42.42555770995897        1807.002279563499        77260.89326005576        214.0256964541597       -73.49973665268240    
    164.5000000000000       0.1567445803769132E-02    41.74207748847640        1749.363726511941        73601.08406006655        214.0475389036553       -74.49971854538597    
    165.5000000000000       0.1409939637840552E-02    41.06561105530248        1693.231156028189        70093.81505218460        214.0723154831007       -75.49969800568594    
    166.5000000000000       0.1271386668995514E-02    40.39635658667031        1638.592232104307        66734.69898949772        214.1006784919398       -76.49967449281579    
    167.5000000000000       0.1149099458663534E-02    39.73448292474721        1585.431851948665        63519.27287481794        214.1334889244518       -77.49964729299410    
    168.5000000000000       0.1040808713556555E-02    39.08017515197552        1533.735448687268        60443.17174734936        214.1719071966498       -78.49961544420671    
    169.5000000000000       0.9446088020866716E-03    38.43359638842229        1483.486104409110        57501.96967119174        214.2175357092461       -79.49957761801238    
    170.5000000000000       0.8589190859671374E-03    37.79490976375258        1434.666239793177        54691.27796550473        214.2726514340101       -80.49953192670958    
    171.5000000000000       0.7823865751173437E-03    37.16424712824775        1387.255409256423        52006.63120043679        214.3406026423051       -81.49947559440771    
    172.5000000000000       0.7138493603217135E-03    36.54175354829417        1341.234167654637        49443.73646891202        214.4265229284896       -82.49940436501127    
    173.5000000000000       0.6523328840901956E-03    35.92763456166954        1296.586959391635        46998.59685839084        214.5387040967857       -83.49931136387244    
    174.5000000000000       0.5970158783091982E-03    35.32209843719644        1253.297993540179        44667.29218432803        214.6914660283820       -84.49918471805522    
    175.5000000000000       0.5471595757731817E-03    34.72530453019019        1211.347594158888        42445.78367885612        214.9118504612041       -85.49900200521967    
    176.5000000000000       0.5021368996074523E-03    34.13739556529163        1170.714588497228        40330.04623335783        215.2577780102078       -86.49871519365020    
    177.5000000000000       0.4614123026236245E-03    33.55855970747877        1131.380496004319        38316.27875531062        215.8797038411719       -87.49819948697467    
    178.5000000000000       0.4245153081302764E-03    32.98902193940803        1093.329175001708        36400.89920768711        217.3278891041186       -88.49699817430641    
    179.5000000000000       0.3910431829881814E-03    32.42898235387523        1056.539094342011        34579.95488576882        224.4622490353366       -89.49105858926347    
    180.5000000000000       0.3605772607987276E-03    31.87652495403238        1020.859329245313        32843.86371565773        22.94797149225888       -89.49104874740725    
    181.5000000000000       0.3328706770323647E-03    31.33575081368405        986.5305860215082        31201.92619977241        30.08214505614266       -88.49698817642792    
    182.5000000000000       0.3076210183158186E-03    30.80415610881969        953.3483435290102        29641.32908294807        31.53031489380324       -87.49818947629133    
    183.5000000000000       0.2845909886943257E-03    30.28223326718563        921.3174046551835        28160.19834488649        32.15223646104137       -86.49870517943023    
    184.5000000000000       0.2635429665353544E-03    29.77013600955570        890.4173887788734        26755.36630513376        32.49816225367647       -85.49899198954331    
    185.5000000000000       0.2442945788477327E-03    29.26784958801943        860.6174648795097        25423.27055341098        32.71854579704013       -84.49917470164134    
    186.5000000000000       0.2266689075669532E-03    28.77544215127265        831.8922176135510        24160.70178634029        32.87130721694965       -83.49930134703430    
    187.5000000000000       0.2105116337755620E-03    28.29292666602944        804.2134573172012        22964.43599503878        32.98348806416761       -82.49939434790696    
    188.5000000000000       0.1956901618882520E-03    27.82032356738461        777.5538295494724        21831.38600731025        33.06940813575427       -81.49946557712551    
    189.5000000000000       0.1820755008721115E-03    27.35764174140471        751.8861049848765        20758.58442867124        33.13735919357130       -80.49952190930260    
    190.5000000000000       0.1695659085344384E-03    26.90487085945916        727.1822154577790        19743.11395165526        33.19247480876343       -79.49956760051461    
    191.5000000000000       0.1580570844040554E-03    26.46202334353601        703.4162029263447        18782.25508696960        33.23810323910818       -78.49960542664070    
    192.5000000000000       0.1474642863576095E-03    26.02904474732729        680.5587948996429        17873.23547914739        33.27652144799433       -77.49963727537562    
    193.5000000000000       0.1377054629965690E-03    25.60595355886237        658.5857612422647        17013.59983033230        33.30933183073686       -76.49966447515602    
    194.5000000000000       0.1287080121092094E-03    25.19265901851725        637.4673883310633        16200.74893267717        33.33769479974605       -75.49968798799318    
    195.5000000000000       0.1204064017505958E-03    24.78914656464178        617.1789515889675        15432.38043294243        33.36247134682097       -74.49970852766637    
    196.5000000000000       0.1127424667093337E-03    24.39532560324450        597.6924043906110        14706.14320100156        33.38431376965359       -73.49972663494067    
    197.5000000000000       0.1056595267612803E-03    24.01108945795659        578.9798141104567        14019.78002300498        33.40372529475987       -72.49974272699711    
    198.5000000000000       0.9911145785252328E-04    23.63638734187662        561.0168257929731        13371.24900779544        33.42110036470886       -71.49975713083232    
    199.5000000000000       0.9305152688461590E-04    23.27104690942159        543.7738589730940        12758.39031103249        33.43675253012301       -70.49977010638196    
    200.5000000000000       0.8744180410043391E-04    22.91501921567692        527.2282954825170        12179.37985710117        33.45093417866840       -69.49978186287672    
    201.5000000000000       0.8224438252768479E-04    22.56814183265332        511.3527640277985        11632.28842534632        33.46385075859079       -68.49979257063390    
    202.5000000000000       0.7742664768552865E-04    22.23030878630562        496.1234909195835        11115.38810439468        33.47567120950769       -67.49980236970474    
    203.5000000000000       0.7295823257371426E-04    21.90139722791715        481.5167759060957        10627.02050518251        33.48653573015155       -66.49981137631411    
    204.5000000000000       0.6881146925993193E-04    21.58129138132739        467.5099598111627        10165.62234326875        33.49656164389925       -65.49981968772305    
    205.5000000000000       0.6496101006926094E-04    21.26985949475627        454.0804990469757        9729.695368668372        33.50584788424212       -64.49982738594726    
    206.5000000000000       0.6138348596718339E-04    20.96695762683691        441.2061049103526        9317.806820793101        33.51447846472617       -63.49983454063378    
    207.5000000000000       0.5805745822079052E-04    20.67244600633212        428.8654376950474        8928.608554010945        33.52252519185196       -62.49984121131003    
    208.5000000000000       0.5496321121707749E-04    20.38619034472122        417.0381695913518        8560.836748920759        33.53004980686790       -61.49984744915920    
    209.5000000000000       0.5208270199448137E-04    20.10800955930194        405.7026998313805        8213.234473353992        33.53710569197016       -60.49985329843498    
    210.5000000000000       0.4939942151004364E-04    19.83778465525154        394.8408024965952        7884.697874576806        33.54373924087867       -59.49985879759751    
    211.5000000000000       0.4689823228044416E-04    19.57532690608630        384.4320160040815        7574.095066005968        33.54999096837103       -58.49986398023329    
    212.5000000000000       0.4456547062386578E-04    19.32049758365153        374.4587081549422        7280.424537099989        33.55589641499763       -57.49986887580531    
    213.5000000000000       0.4238850466663991E-04    19.07313911004317        364.9031010141637        7002.716869878793        33.56148688977565       -56.49987351026851    
    214.5000000000000       0.4035580663050920E-04    18.83309724545994        355.7482098994669        6740.062709299977        33.56679008373539       -55.49987790657855    
    215.5000000000000       0.3845662479734020E-04    18.60021083118457        346.9773991981236        6491.596596533370        33.57183057978482       -54.49988208511456    
    216.5000000000000       0.3668121302826136E-04    18.37432177066876        338.5747567257526        6256.505838669698        33.57663027877672       -53.49988606403215    
    217.5000000000000       0.3502049401593195E-04    18.15526919078659        330.5248389347333        6034.020728248522        33.58120875742077       -52.49988985956026    
    218.5000000000000       0.3346618254483396E-04    17.94289199390603        322.8127548595044        5823.415153421091        33.58558357043308       -51.49989348625167    
    219.5000000000000       0.3201078082036453E-04    17.73704038769018        315.4245938325197        5624.017176922943        33.58977050680529       -50.49989695719528    
    220.5000000000000       0.3064732378699241E-04    17.53756352151591        308.3468990088479        5435.191155158122        33.59378380812404       -49.49990028419724    
    221.5000000000000       0.2936947996996580E-04    17.34432035606167        301.5670584579144        5256.347172836685        33.59763635534232       -48.49990347793582    
    222.5000000000000       0.2817137629671232E-04    17.15717145904212        295.0729775882517        5086.930253828034        33.60133982919966       -47.49990654809422    
    223.5000000000000       0.2704747175137777E-04    16.97596963081427        288.8527017329560        4926.408052725926        33.60490484853223       -46.49990950347534    
    224.5000000000000       0.2599284035931173E-04    16.80059056559902        282.8955323386659        4774.300568026644        33.60834108995150       -45.49991235210108    
    225.5000000000000       0.2500279662145180E-04    16.63089606176733        277.1906407535372        4630.140117142566        33.61165739175875       -44.49991510129826    
    226.5000000000000       0.2407307034738444E-04    16.46675971637033        271.7280041633908        4493.496260889522        33.61486184446912       -43.49991775777386    
    227.5000000000000       0.2319971064960242E-04    16.30805915222031        266.4980871986364        4363.965468643847        33.61796186991971       -42.49992032768052    
    228.5000000000000       0.2237898645089286E-04    16.15466737958872        261.4915245127488        4241.161763026172        33.62096429060998       -41.49992281667403    
    229.5000000000000       0.2160747988653121E-04    16.00646565112315        256.6995646814838        4124.727680290538        33.62387539065675       -40.49992522996387    
    230.5000000000000       0.2088203298817384E-04    15.86333784981943        252.1138380446030        4014.326712804518        33.62670096952727       -39.49992757235774    
    231.5000000000000       0.2019969334200683E-04    15.72516876005885        247.7262952716771        3909.641215666293        33.62944638953280       -38.49992984830095    
    232.5000000000000       0.1955775327149074E-04    15.59185001497610        243.5293894978916        3810.376102233129        33.63211661791576       -37.49993206191135    
    233.5000000000000       0.1895371816012785E-04    15.46327605629473        239.5159192341818        3716.253940397311        33.63471626423910       -36.49993421701013    
    234.5000000000000       0.1838526263716500E-04    15.33934234789516        235.6789603650507        3627.012680022618        33.63724961368213       -35.49993631714973    
    235.5000000000000       0.1785024006798294E-04    15.21994979028416        232.0119955121610        3542.408120860686        33.63972065676065       -34.49993836563828    
    236.5000000000000       0.1734666798028155E-04    15.10500152237030        228.5087943418526        3462.210296692451        33.64213311591552       -33.49994036556157    
    237.5000000000000       0.1687270678796447E-04    14.99440291529669        225.1634039712514        3386.202730974318        33.64449046935221       -32.49994231980305    
    238.5000000000000       0.1642666753032021E-04    14.88806337182264        221.9701919918460        3314.182870033780        33.64679597246180       -31.49994423106145    
    239.5000000000000       0.1600696940735762E-04    14.78589590883756        218.9238231860971        3245.961048391938        33.64905267710933       -30.49994610186667    
    240.5000000000000       0.1561216500103722E-04    14.68781734190759        216.0192529939452        3181.359830364372        33.65126344903788       -29.49994793459440    
    241.5000000000000       0.1524089517644258E-04    14.59374808381700        213.2517125797085        3120.213262101236        33.65343098360445       -28.49994973147913    
    242.5000000000000       0.1489190682001764E-04    14.50361217090139        210.6166990411741        3062.366215776185        33.65555782003621       -27.49995149462578    
    243.5000000000000       0.1456403682967495E-04    14.41733661026995        208.1099460939347        3007.673335271330        33.65764635437201       -26.49995322602068    
    244.5000000000000       0.1425621573861372E-04    14.33485274874129        205.7274556092664        2955.999375852986        33.65969885123374       -25.49995492754124    
    245.5000000000000       0.1396742356826822E-04    14.25609313554800        203.4653973686466        2907.216668388141        33.66171745455461       -24.49995660096467    
    246.5000000000000       0.1369671250643267E-04    14.18099327474864        201.3201529312458        2861.205786193515        33.66370419737631       -23.49995824797639    
    247.5000000000000       0.1344321815426211E-04    14.10949177597725        199.2883134776457        2817.855232314301        33.66566101081371       -22.49995987017734    
    248.5000000000000       0.1320614072397118E-04    14.04152997102095        197.3666622117218        2777.060805336489        33.66758973227471       -21.49996146909061    
    249.5000000000000       0.1298473057036028E-04    13.97704967478769        195.5521021443791        2738.723769323600        33.66949211301248       -20.49996304616803    
    250.5000000000000       0.1277831149290120E-04    13.91599795976192        193.8417902564022        2702.753593083253        33.67136982507940       -19.49996460279579    
    251.5000000000000       0.1258625350316926E-04    13.85832371626402        192.2330311049097        2669.065409417886        33.67322446774364       -18.49996614029956    
    252.5000000000000       0.1240799578507254E-04    13.80398097180171        190.7233674746491        2637.581796305925        33.67505757342362       -17.49996765994976    
    253.5000000000000       0.1224300851514582E-04    13.75292438994694        189.3104459154763        2608.229700435431        33.67687061318904       -16.49996916296595    
    254.5000000000000       0.1209080093160484E-04    13.70511211134175        187.9920944727368        2580.941972234278        33.67866500187287       -15.49997065052093    
    255.5000000000000       0.1195092958117616E-04    13.66050525284223        186.7663035852693        2555.656800062100        33.68044210283355       -14.49997212374495    
    256.5000000000000       0.1182303859235599E-04    13.61907197407115        185.6313370137981        2532.319930580398        33.68220323240363       -13.49997358372933    
    257.5000000000000       0.1170675700166160E-04    13.58077882843148        184.5854845075220        2510.879316392500        33.68394966405666       -12.49997503152965    
    258.5000000000000       0.1160174401437816E-04    13.54559444807476        183.6271625837842        2491.287144642213        33.68568263232212       -11.49997646816939    
    259.5000000000000       0.1150770461688342E-04    13.51349139329364        182.7549635757727        2473.500774723296        33.68740333647492       -10.49997789464281    
    260.5000000000000       0.1142436280493747E-04    13.48444361766924        181.9675820530322        2457.481106394675        33.68911294402402       -9.499979311917668    
    261.5000000000000       0.1135146668327473E-04    13.45842664961808        181.2638167485678        2443.192525980287        33.69081259402250       -8.499980720938291    
    262.5000000000000       0.1128882272592559E-04    13.43541971275551        180.6426286325159        2430.604076568208        33.69250340021988       -7.499982122628028    
    263.5000000000000       0.1123626494840395E-04    13.41540553453287        180.1031328883452        2419.689213007822        33.69418645407580       -6.499983517891602    
    264.5000000000000       0.1119364836620175E-04    13.39836778611407        179.6445262981861        2410.424238776794        33.69586282765281       -5.499984907617810    
    265.5000000000000       0.1116082663121043E-04    13.38428976367774        179.2660490384797        2402.787460618343        33.69753357640515       -4.499986292681680    
    266.5000000000000       0.1113772895659659E-04    13.37316215199730        178.9671996461801        2396.763643919332        33.69919974187906       -3.499987673946554    
    267.5000000000000       0.1112430801827881E-04    13.36497656311191        178.7475541704676        2392.340202708495        33.70086235433963       -2.499989052266582    
    268.5000000000000       0.1112050791718295E-04    13.35972470697528        178.6067423201770        2389.506677112531        33.70252243533843       -1.499990428488688    
    269.5000000000000       0.1112631188215704E-04    13.35740254116218        178.5445622096971        2388.257109177730        33.70418100023561      -0.4999918034545143    
    270.5000000000000       0.1114174995831959E-04    13.35801095928255        178.5609989530460        2388.590416189134        33.70583906068970       0.5000068219972159    
    271.5000000000000       0.1116686768804631E-04    13.36155044053025        178.6560762808435        2390.507299579950        33.70749762712835        1.500005447028796    
    272.5000000000000       0.1120172001408621E-04    13.36802384706399        178.8299336856571        2394.011842274470        33.70915771121247        2.500004070801650    
    273.5000000000000       0.1124637891446493E-04    13.37743485796291        179.0827838739998        2399.110643931579        33.71082032830693        3.500002692473976    
    274.5000000000000       0.1130096151228423E-04    13.38979216959836        179.4150297657548        2405.815272293019        33.71248649997042        4.500001311198838    
    275.5000000000000       0.1136561306437239E-04    13.40510513149718        179.8271435942928        2414.139755305434        33.71415725647760        5.499999926122227    
    276.5000000000000       0.1144053312751143E-04    13.42338815010567        180.3197902989521        2424.103185744380        33.71583363938669        6.499998536380622    
    277.5000000000000       0.1152593629683126E-04    13.44465477590487        180.8936648118850        2435.726372017949        33.71751670416641        7.499997141098975    
    278.5000000000000       0.1162206964927916E-04    13.46892240580496        181.5496230482714        2449.034590317039        33.71920752289639        8.499995739388615    
    279.5000000000000       0.1172921857182761E-04    13.49621065288938        182.2886386732460        2464.056742974651        33.72090718705590        9.499994330344633    
    280.5000000000000       0.1184770929088784E-04    13.52654321993183        183.1118578311115        2480.826576337542        33.72261681041685        10.49999291304364    
    281.5000000000000       0.1197790827099681E-04    13.55994427765840        184.0204990662704        2499.380625081455        33.72433753205747        11.49999148654142    
    282.5000000000000       0.1212018516117397E-04    13.59643870189092        185.0158623674008        2519.758479559294        33.72607051951471        12.49999004987001    
    283.5000000000000       0.1227499165390043E-04    13.63605760446767        186.0994872719326        2542.006206438247        33.72781697209454        13.49998860203512    
    284.5000000000000       0.1244280468862470E-04    13.67883337889042        187.2730146993426        2566.173486901147        33.72957812436056        14.49998714201336    
    285.5000000000000       0.1262414835753427E-04    13.72480086214088        188.5382264873219        2592.314634936244        33.73135524982373        15.49998566874891    
    286.5000000000000       0.1281958415184121E-04    13.77399667478519        189.8970256710033        2620.488195203140        33.73314966485739        16.49998418115042    
    287.5000000000000       0.1302972403370573E-04    13.82646186745145        191.3515179128979        2650.758858484474        33.73496273286442        17.49998267808769    
    288.5000000000000       0.1325523087621443E-04    13.88223891741464        192.9039283472472        2683.195784270117        33.73679586872595        18.49998115838771    
    289.5000000000000       0.1349685225672656E-04    13.94137472600192        194.5566929205833        2717.874737246638        33.73865054356383        19.49997962083082    
    290.5000000000000       0.1375537487254988E-04    14.00391687559173        196.3123559894617        2754.876051505504        33.74052828985286        20.49997806414667    
    291.5000000000000       0.1403163427330600E-04    14.06991419720156        198.1735900318842        2794.285196487375        33.74243070692209        21.49997648700932    
    292.5000000000000       0.1432652662579073E-04    14.13942010822404        200.1432975239387        2836.195182800936        33.74435946688948        22.49997488803250    
    293.5000000000000       0.1464103450092300E-04    14.21249221039208        202.2246048884050        2880.706633697517        33.74631632107889        23.49997326576440    
    294.5000000000000       0.1497619428917497E-04    14.28918811662744        204.4207479073949        2927.925524025316        33.74830310697428        24.49997161868164    
    295.5000000000000       0.1533314867052698E-04    14.36957126636488        206.7352480137833        2977.967289791657        33.75032175577235        25.49996994518317    
    296.5000000000000       0.1571311305520015E-04    14.45370619201619        209.1717801157847        3030.954175757589        33.75237430060284        26.49996824358356    
    297.5000000000000       0.1611741504554276E-04    14.54166162580004        211.7342704615407        3087.017664727109        33.75446288549364        27.49996651210531    
    298.5000000000000       0.1654750547496436E-04    14.63351014034181        214.4268961103406        3146.298826254948        33.75658977516849        28.49996474887082    
    299.5000000000000       0.1700492864742574E-04    14.72932684242090        217.2540525317643        3208.947889923200        33.75875736577572        29.49996295189374    
    300.5000000000000       0.1749134584836274E-04    14.82919176154410        220.2204330332520        3275.126373770493        33.76096819666033        30.49996111906881    
    301.5000000000000       0.1800857041598775E-04    14.93318758700794        223.3309748428437        3345.006366098277        33.76322496330614        31.49995924816136    
    302.5000000000000       0.1855857319644896E-04    15.04139962493044        226.5908652223081        3418.771032812071        33.76553053159278        32.49995733679555    
    303.5000000000000       0.1914350130234219E-04    15.15391747676134        230.0056040482714        3496.616531200171        33.76788795353241        33.49995538244116    
    304.5000000000000       0.1976567111748549E-04    15.27083433560078        233.5809947213913        3578.752330034392        33.77030048467469        34.49995338239918    
    305.5000000000000       0.2042758074604589E-04    15.39224583629157        237.3231172380934        3665.401046510038        33.77277160339623        35.49995133378602    
    306.5000000000000       0.2113195562034749E-04    15.51825282387451        241.2384318224394        3756.801568465939        33.77530503232264        36.49994923351542    
    307.5000000000000       0.2188174800535742E-04    15.64896001464881        245.3337479850420        3853.208896305538        33.77790476216944        37.49994707827895    
    308.5000000000000       0.2268019123522788E-04    15.78447479370992        249.6162019499116        3954.894326300435        33.78057507833206        38.49994486452396    
    309.5000000000000       0.2353078215365358E-04    15.92490921425738        254.0933326904238        4062.147938412887        33.78332059060741        39.49994258842874    
    310.5000000000000       0.2443733149642196E-04    16.07038012961492        258.7731094364673        4175.280249236098        33.78614626649177        40.49994024587502    
    311.5000000000000       0.2540398617966383E-04    16.22100464817015        263.6637939650049        4294.619539868888        33.78905746857196        41.49993783241712    
    312.5000000000000       0.2643530845932177E-04    16.37690458120731        268.7741004176908        4420.516619882635        33.79205999661490        42.49993534324681    
    313.5000000000000       0.2753615149788992E-04    16.53820287397953        274.1131095690635        4553.344053791110        33.79516013506370        43.49993277315402    
    314.5000000000000       0.2871180836430400E-04    16.70502461898223        279.6903025891157        4693.497586319329        33.79836470677364        44.49993011648248    
    315.5000000000000       0.2996812514701838E-04    16.87750619545894        285.5159082622122        4841.406588742494        33.80168113397057        45.49992736707886    
    316.5000000000000       0.3131143356532796E-04    17.05578736913826        291.6006451849908        4997.528415039802        33.80511750759504        46.49992451823545    
    317.5000000000000       0.3274862116072261E-04    17.23999553479978        297.9552018274526        5162.336346309568        33.80868266641468        47.49992156262471    
    318.5000000000000       0.3428712822963310E-04    17.43028308941343        304.5915476556432        5336.354900770856        33.81238628755325        48.49991849222392    
    319.5000000000000       0.3593517337565490E-04    17.62679348415025        311.5217848132642        5520.131661411719        33.81623899041080        49.49991529822920    
    320.5000000000000       0.3770160328300528E-04    17.82967779575067        318.7587541164984        5714.254860413475        33.82025245634893        50.49991197095636    
    321.5000000000000       0.3959651831670092E-04    18.03910689052017        326.3165050935834        5919.368089407135        33.82443956700846        51.49990849972605    
    322.5000000000000       0.4163006386271728E-04    18.25519372499401        334.2074011888482        6136.089991114392        33.82881456473839        52.49990487273078    
    323.5000000000000       0.4381480710639945E-04    18.47814884855641        342.4480798679438        6365.187792224139        33.83339323937759        53.49990107688036    
    324.5000000000000       0.4616286931950323E-04    18.70808376160526        351.0518900221352        6607.359144641964        33.83819314658619        54.49989709762044    
    325.5000000000000       0.4868901951094337E-04    18.94518749853285        360.0358098406469        6863.437983158524        33.84323386412894        55.49989291872030    
    326.5000000000000       0.5140860436487353E-04    19.18961088735999        369.4158993360126        7134.261168032329        33.84853729404131        56.49988852202245    
    327.5000000000000       0.5433806509008099E-04    19.44147955544126        379.2077853689591        7420.683732077748        33.85412802056145        57.49988388714561    
    328.5000000000000       0.5749742709758674E-04    19.70102749124425        389.4322387840326        7723.755807197396        33.86003373622081        58.49987899113162    
    329.5000000000000       0.6090591340242901E-04    19.96834468260837        400.1047537556394        8044.400699776113        33.86628575173708        59.49987380802281    
    330.5000000000000       0.6458598611749653E-04    20.24358032774339        411.2438487587207        8383.671580444630        33.87291960959451        60.49986830835305    
    331.5000000000000       0.6856434393302113E-04    20.52698754826267        422.8733863981831        8742.841345578996        33.87997582677929        61.49986245853216    
    332.5000000000000       0.7286619958613851E-04    20.81861776197328        435.0091713699727        9122.962837029700        33.88750079954501        62.49985622009599    
    333.5000000000000       0.7752310732666802E-04    21.11867952135111        447.6746360956882        9525.386965303140        33.89554791300858        63.49984954878607    
    334.5000000000000       0.8256914096825557E-04    21.42734415203723        460.8924308589231        9951.491905062609        33.90417891180292        64.49984239341363    
    335.5000000000000       0.8804118014744368E-04    21.74473367908810        474.6836645511069        10402.65200047122        33.91346560637247        65.49983469444497    
    336.5000000000000       0.9397907762519031E-04    22.07100172388753        489.0720806775314        10880.40222150580        33.92349201488690        66.49982638222549    
    337.5000000000000       0.1004300465017157E-03    22.40628031672054        504.0806408491058        11386.28707429775        33.93435707629384        67.49981737473060    
    338.5000000000000       0.1074462813157383E-03    22.75080090754897        519.7385821508709        11922.16313481307        33.94617812045509        68.49980757468887    
    339.5000000000000       0.1150789467956916E-03    23.10454009219762        536.0633443475479        12489.51110095957        33.95909535387079        69.49979686586281    
    340.5000000000000       0.1233973091896575E-03    23.46780595118263        553.0894967356791        13090.51275149192        33.97327772554227        70.49978510818599    
    341.5000000000000       0.1324642964191081E-03    23.84057893423276        570.8365366446679        13726.87119370451        33.98893069515831        71.49977213132270    
    342.5000000000000       0.1423650864431389E-03    24.22306268663647        589.3357267722794        14400.79782251679        34.00630666448437        72.49975772601954    
    343.5000000000000       0.1531815664321241E-03    24.61535542205855        608.6141896579402        15114.43826988245        34.02571920171641        73.49974163231251    
    344.5000000000000       0.1650128667140080E-03    25.01753970453868        628.6990503123137        15870.01906111690        34.04756277161071        74.49972352316939    
    345.5000000000000       0.1779732272394004E-03    25.42979523494613        649.6235058429850        16670.09734417090        34.07234062910365        75.49970298136365    
    346.5000000000000       0.1921842368870275E-03    25.85221668625445        671.4172591247726        17517.18762661810        34.10070510889373        76.49967946607093    
    347.5000000000000       0.2077865827999887E-03    26.28485678487973        694.1087933085362        18413.85658877839        34.13351725187769        77.49965226343367    
    348.5000000000000       0.2249344758133477E-03    26.72780002915188        717.7290657593393        19362.86679418847        34.17193753702857        78.49962041133472    
    349.5000000000000       0.2438153734655963E-03    27.18117061901984        742.3122796524176        20367.22823740246        34.21756845220676        79.49958258119050    
    350.5000000000000       0.2646204437359346E-03    27.64493186280852        767.8841664062344        21429.68532774424        34.27268709336561        80.49953688509703    
    351.5000000000000       0.2875945895075075E-03    28.11928839920618        794.4857348378811        22553.78192582602        34.34064191509544        81.49948054686541    
    352.5000000000000       0.3129856786260949E-03    28.60409247615286        822.1376282372125        23742.25248587606        34.42656679383476        82.49940930994174    
    353.5000000000000       0.3411028648300205E-03    29.09946149179600        850.8773332233739        24998.71703393288        34.53875399176595        83.49931629893601    
    354.5000000000000       0.3722868960479527E-03    29.60536658148970        880.7340425130017        26326.52957770400        34.69152418622284        84.49918963962584    
    355.5000000000000       0.4069374094907130E-03    30.12185618939792        911.7425138227917        27729.42937126701        34.91192063200451        85.49900690723058    
    356.5000000000000       0.4455006150458806E-03    30.64886814199634        943.9314141701674        29211.00265754481        35.25786723445789        86.49872006477135    
    357.5000000000000       0.4885167476198445E-03    31.18640174800377        977.3337475142301        30775.16317456614        35.87982787687522        87.49820430205710    
    358.5000000000000       0.5365772092564882E-03    31.73435803608529        1011.976881782811        32425.69013809725        37.32809677118455        88.49700285661599    
    359.5000000000000       0.5903903681476318E-03    32.29272762010567        1047.897157590483        34167.08361518429        44.46291330601512        89.49106257520705    
