 # author: MA Kubiak / Space Research Center PAS Warsaw Poland, contact: mkubiak@cbk.waw.pl                          
 # code version Program.keplerV_ellipt_V2      , Dates: calkV:20/04/2026  ; part_pr:20/04/2026                       
 # czas no T v_mas, kier.naplywu(dl, szer) macierz obrotu (ecl to helio), r, theta, phi(ecl,spher), V_detector(ecl,cart), IBEX_energy_channel
 #     2026.120393000000        0.1419110000000000E-01     7443.000000000000        -25.78400000689422         255.7450000000000         5.169000000000000        0.2459841265748581        0.9692738567985851         0.000000000000000       -0.9615244635393438        0.2440174711049008        0.1261989691358298        0.1223213615382913       -0.3104294319752456E-01    0.9920049496797150        0.9779669999999999         144.7911690000000        0.1928300000000000E-01    -17.43300000000000        -24.20600000000000        0.4299999999999999E-01 00
 # routs_end= 150.00;    Maxwellian,    elliptOrb=Off                                                                                        
 # Numerical parameters: GridKl=10  GridKf=09  GridKV=05  epsV= 0.0000100  epssJon=.0010000                                                  
 # Numerical parameters: GridKl=10  GridKf=09  GridKV=05  epsV= 0.0000100  epssJon=.0010000; tessel128                                                                                                                                                                                                                                                                                                                                                                                                                                                                 
# Axis to the Sun: alpha_ecl= 320.8950000000000000 delta_Ecl= 0.0890000000000000 delta_Ax= 90.0000000000000000  repoint= 00156
 #  flag_atom: He                                                   
 #  flag_general:                                                   
 #                                                                  
 #                                                                  
  # Ly_a_Profil: zero                                               
  # flag_Itot: zero                                                 
 #  v_SW_Eqtr: speed3D.hybrid2026c_patched.dat                      
 #  n_SW_Eqtr: density3D.hybrid2026c_patched.dat                    
 #  phot_Eqtr: 0.8500000  phion_Helium_T12F107_2026c.dat            
 #  sigma_SW: p+He->H +He+, He + alpha (2 chnls);src:simuLosses.nb  
 #  flag_el:slow  swEqtrElectrons5.2026c.patched.dat                
 #  SW_lati: interpolation                                          
 #  phot_lati: analit pole-flattened after Pryor & Auchere          
 #
 #
 #
 #Spin  flux speed	speed^2 speed^3    long_ecl lat_ecl
   0.5000000000000000       0.2179718473468447E-04    32.04216339337007        1031.564773476935        33365.24072281106        220.8023178592647        89.49213846100271    
    1.500000000000000       0.2354781969309809E-04    32.59906986526860        1067.724906483110        35134.37518806199        227.5002092298829        88.49736008403039    
    2.500000000000000       0.2546622791465758E-04    33.16560611710631        1105.145415209664        36996.75743600383        228.8574275899244        87.49841480191309    
    3.500000000000000       0.2757331430829849E-04    33.74161213547159        1143.847183022986        38956.07756179642        229.4401786515523        86.49886751424356    
    4.500000000000000       0.2989181547685588E-04    34.32694680802587        1183.852899772483        41016.24655563533        229.7642974787239        85.49911928035471    
    5.500000000000000       0.3244877729244807E-04    34.92156888246473        1225.192015334202        43181.62894751126        229.9707826102942        84.49927966443181    
    6.500000000000000       0.3527511065107837E-04    35.52535863950319        1267.889073199970        45456.47627084073        230.1139081158694        83.49939083211309    
    7.500000000000000       0.3840752855608042E-04    36.13827928301122        1311.974366114541        47845.45584785660        230.2190118826666        82.49947246652214    
    8.500000000000000       0.4188971902030232E-04    36.76016287764395        1357.468728516172        50352.84120301935        230.2995111121171        81.49953498990500    
    9.500000000000000       0.4577242913873310E-04    37.39116475709064        1404.418072603580        52984.49292852481        230.3631747711942        80.49958443684757    
    10.50000000000000       0.5011824037429435E-04    38.03125687771588        1452.854584423149        55745.62442307964        230.4148126956721        79.49962454332750    
    11.50000000000000       0.5499957914363220E-04    38.68039632553908        1502.809782245958        58641.56599833776        230.4575619645935        78.49965774599019    
    12.50000000000000       0.6050496976305500E-04    39.33860147628432        1554.320076602226        61678.07553022604        230.4935559157386        77.49968570183086    
    13.50000000000000       0.6674249621887834E-04    40.00585818208529        1607.419962898778        64860.97179370281        230.5242958611776        76.49970957693033    
    14.50000000000000       0.7384243062398516E-04    40.68222927871946        1662.150600769823        68196.64531106022        230.5508690071010        75.49973021572428    
    15.50000000000000       0.8196625417681469E-04    41.36781658867096        1718.557794985545        71692.01078452327        230.5740820258657        74.49974824475349    
    16.50000000000000       0.9131620710804102E-04    42.06287149772344        1776.701308197059        75355.10745912165        230.5945460605259        73.49976413868956    
    17.50000000000000       0.1021443883811947E-03    42.76766507409160        1836.644389800214        79194.47204292247        230.6127325871325        72.49977826372400    
    18.50000000000000       0.1147678320825667E-03    43.48240042493325        1898.445515131436        83218.56530313824        230.6290111607326        71.49979090688632    
    19.50000000000000       0.1295932079165159E-03    44.20746698879618        1962.182222602973        87437.46360901900        230.6436755479065        70.49980229634136    
    20.50000000000000       0.1471400734294059E-03    44.94323571419181        2027.933038664933        91861.67288499472        230.6569622111697        69.49981261574619    
    21.50000000000000       0.1680915401204566E-03    45.69032163900406        2095.802260855673        96503.90636007828        230.6690636351946        68.49982201460070    
    22.50000000000000       0.1933380553283554E-03    46.44925725303553        2165.889883757099        101377.0162456848        230.6801380995357        67.49983061583788    
    23.50000000000000       0.2240692770463573E-03    47.22072268141167        2238.314254738935        106495.6981121947        230.6903169563023        66.49983852147663    
    24.50000000000000       0.2618863090841539E-03    48.00546693627114        2313.205148300465        111876.0611847437        230.6997101256191        65.49984581688986    
    25.50000000000000       0.3089718476843468E-03    48.80420724708328        2390.694200263401        117534.9734578538        230.7084102980923        64.49985257406851    
    26.50000000000000       0.3683517580889118E-03    49.61780236250284        2470.932830148183        123491.4911282627        230.7164961858149        63.49985885414669    
    27.50000000000000       0.4442625736208466E-03    50.44697676551822        2554.064614849168        129764.8101612184        230.7240350640945        62.49986470937574    
    28.50000000000000       0.5427463110547100E-03    51.29238189939309        2640.231049344244        136374.7080495466        230.7310847781062        61.49987018468273    
    29.50000000000000       0.6725250635500748E-03    52.15435826217210        2729.545516519496        143339.4455240490        230.7376953414359        60.49987531891212    
    30.50000000000000       0.8464252464274988E-03    53.03298613906122        2822.096849926536        150675.9346551478        230.7439102201754        59.49988014582308    
    31.50000000000000       0.1083580210066102E-02    53.92778287814507        2917.914114770272        158396.7029456056        230.7497673724455        58.49988469489679    
    32.50000000000000       0.1413031866359798E-02    54.83773090283512        3016.965519999047        166509.4763912929        230.7553000960245        57.49988899199486    
    33.50000000000000       0.1879581641695988E-02    55.76100685228845        3119.122634819626        175013.7058252080        230.7605377241779        56.49989305989975    
    34.50000000000000       0.2553471609574838E-02    56.69499537013635        3224.156304562155        183899.7145760199        230.7655062004895        55.49989691876123    
    35.50000000000000       0.3546562878478535E-02    57.63616654438890        3331.714320968555        193145.9967743766        230.7702285565535        54.49990058646738    
    36.50000000000000       0.5040036287747083E-02    58.58052977708243        3441.368770939978        202722.7923527566        230.7747253111555        53.49990407895462    
    37.50000000000000       0.7331536638079543E-02    59.52348556957415        3552.591738229933        212589.1857145059        230.7790148056000        52.49990741046821    
    38.50000000000000       0.1091704629355464E-01    60.46006479317272        3664.777978720329        222694.4267861861        230.7831134867940        51.49991059378205    
    39.50000000000000       0.1663380777682308E-01    61.38524430324459        3777.280954449575        232980.8144997295        230.7870361473440        50.49991364038517    
    40.50000000000000       0.2591226253584141E-01    62.29445592227157        3889.477683894227        243389.6949941460        230.7907961300999        49.49991656064062    
    41.50000000000000       0.4122343621608166E-01    63.18391719119461        4000.814229604023        253865.9128517555        230.7944055031398        48.49991936392139    
    42.50000000000000       0.6687439109410614E-01    64.05057874316151        4110.805341551043        264358.1914754403        230.7978752100672        47.49992205872707    
    43.50000000000000       0.1104325886989860        64.89232636769452        4219.068613456871        274823.0787804690        230.8012151995936        46.49992465278460    
    44.50000000000000       0.1852757845337827        65.70778501058267        4325.305465883175        285223.5991771814        230.8044345376646        45.49992715313522    
    45.50000000000000       0.3151546367982891        66.49617160715165        4429.288602541327        295528.6178518560        230.8075415048174        44.49992956621024    
    46.50000000000000       0.5423528324030849        67.25714165293013        4530.845927945045        305711.6170917575        230.8105436809917        43.49993189789679    
    47.50000000000000       0.9421987384543739        67.99059731751483        4629.839281404899        315749.0049508305        230.8134480196466        42.49993415359541    
    48.50000000000000        1.648747687153779        68.69664562569457        4726.161467095115        325620.1080107926        230.8162609127245        41.49993633827058    
    49.50000000000000        2.899838736042200        69.37541013189488        4819.711057137815        335304.6669236732        230.8189882477601        40.49993845649497    
    50.50000000000000        5.115419099217095        70.02713121497474        4910.408418398007        344784.7755330131        230.8216354582225        39.49994051248860    
    51.50000000000000        9.032429735187687        70.65250832083552        4998.246488395011        354050.5815700256        230.8242075680113        38.49994251015344    
    52.50000000000000        15.93320823637526        71.25217126722917        5083.215548447728        363092.2957832764        230.8267092308884        37.49994445310389    
    53.50000000000000        28.02635206546890        71.82659213018874        5165.289000036604        371898.5350037262        230.8291447655076        36.49994634469413    
    54.50000000000000        49.07057550433911        72.37621746284977        5244.442852832108        380458.5318588059        230.8315181866092        35.49994818804233    
    55.50000000000000        85.37606683966243        72.90144926515460        5320.652170674529        388761.7038081403        230.8338332328649        34.49994998605219    
    56.50000000000000        147.3775883735584        73.40274239930820        5393.904992953268        396799.1803501676        230.8360933917881        33.49995174143235    
    57.50000000000000        252.0359756236835        73.88054421943366        5464.194522947745        404563.1098944127        230.8383019220692        32.49995345671378    
    58.50000000000000        426.4116855473733        74.33531883869006        5531.521900596414        412046.9085486415        230.8404618736450        31.49995513426524    
    59.50000000000000        712.8070162756434        74.76744721476406        5595.880251782613        419243.3834719425        230.8425761057693        30.49995677630744    
    60.50000000000000        1175.919550300724        75.17732936403659        5657.270206772034        426146.5318494473        230.8446473033192        29.49995838492563    
    61.50000000000000        1912.441166044789        75.56545522068390        5715.710594138328        432752.7789829994        230.8466779915378        28.49995996208112    
    62.50000000000000        3063.193593248216        75.93223245299345        5771.211850940187        439057.9188486400        230.8486705493904        27.49996150962157    
    63.50000000000000        4827.812673774535        76.27804346708800        5823.784545443489        445058.0931215211        230.8506272216896        26.49996302929044    
    64.50000000000000        7481.223863931523        76.60340914792600        5873.465009048198        450752.8258495710        230.8525501301241        25.49996452273562    
    65.50000000000000        11390.51705148119        76.90881365234920        5920.287453340545        456141.7075813817        230.8544412833092        24.49996599151709    
    66.50000000000000        17029.64833315551        77.19475863925092        5964.292358010643        461225.3861466804        230.8563025859662        23.49996743711422    
    67.50000000000000        24988.27047961466        77.46181348257018        6005.534416269063        466006.5269121613        230.8581358473213        22.49996886093217    
    68.50000000000000        35970.75840278526        77.71056986728921        6044.075180754316        470488.9314342750        230.8599427888066        21.49997026430792    
    69.50000000000000        50780.60062733493        77.94163670890947        6079.981975811676        474677.3853693848        230.8617250511353        20.49997164851575    
    70.50000000000000        70286.19690222725        78.15565119996040        6113.329751753123        478577.9033215205        230.8634842008178        19.49997301477234    
    71.50000000000000        95364.86366673127        78.35331992582108        6144.207444579297        482198.4758091539        230.8652217361723        18.49997436424135    
    72.50000000000000        126824.3998935898        78.53537123785387        6172.710235863075        485548.1340251100        230.8669390928851        17.49997569803785    
    73.50000000000000        165306.4379228580        78.70254661937670        6198.937982338467        488636.7459457617        230.8686376491646        16.49997701723225    
    74.50000000000000        211176.5432001873        78.85561349102814        6222.997142823036        491475.2388629440        230.8703187305304        15.49997832285401    
    75.50000000000000        264417.2976644390        78.99534273873546        6244.996904505258        494075.1067785415        230.8719836142749        14.49997961589517    
    76.50000000000000        324528.6517191428        79.12248200815800        6265.044800345961        496447.8749910574        230.8736335336317        13.49998089731356    
    77.50000000000000        390458.4693455191        79.23775145349362        6283.245741619080        498604.9530971000        230.8752696816784        12.49998216803575    
    78.50000000000000        460581.1602088779        79.34184362269168        6299.701774709138        500557.5823816836        230.8768932150057        11.49998342896006    
    79.50000000000000        532718.5606135535        79.43539582954219        6314.507623441032        502316.2981247889        230.8785052571729        10.49998468095911    
    80.50000000000000        604228.5959278709        79.51899600160218        6327.751254538535        503890.9547752009        230.8801069019771        9.499985924882390    
    81.50000000000000        672154.1631162333        79.59315970735909        6339.509989170299        505290.2352540822        230.8816992165538        8.499987161558712    
    82.50000000000000        733401.5050343402        79.65831605950100        6349.848277432483        506521.3883065162        230.8832832443303        7.499988391798470    
    83.50000000000000        784979.5151237483        79.71484530988627        6358.823412009917        507590.8791162674        230.8848600078497        6.499989616395812    
    84.50000000000000        824237.9811018682        79.76305117826600        6366.481020049272        508503.8391204934        230.8864305114801        5.499990836130798    
    85.50000000000000        849069.1190917969        79.80313759497542        6372.851371410067        509263.6267977357        230.8879957440280        4.499992051771401    
    86.50000000000000        858111.4092042933        79.83527156456056        6377.959255724001        509872.9921150390        230.8895566812681        3.499993264075437    
    87.50000000000000        850869.4846085166        79.85954787539725        6381.818292382486        510333.3886325471        230.8911142884039        2.499994473792550    
    88.50000000000000        827740.0424998230        79.87596847489141        6384.427724849785        510644.6002296192        230.8926695224733        1.499995681666036    
    89.50000000000000        789994.5651506594        79.88451623248450        6385.784147812124        510806.1404132512        230.8942233347118       0.4999968884346508    
    90.50000000000000        739662.9823799954        79.88508333361479        6385.869927781000        510815.8469568806        230.8957766728845      -0.5000019051655103    
    91.50000000000000        679346.5268113815        79.87746742589484        6384.652727265095        510669.8419282991        230.8973304836014       -1.500000698399250    
    92.50000000000000        612012.0947566357        79.86142957975966        6382.094770194586        510363.6430842669        230.8988857146254       -2.499999490530514    
    93.50000000000000        540751.3935475164        79.83664282971739        6378.144550374199        509891.1612629491        230.9004433171872       -3.499998280820518    
    94.50000000000000        468548.1068741777        79.80268360638109        6372.735624608027        509244.5750901792        230.9020042483179       -4.499997068525972    
    95.50000000000000        398089.3446250760        79.75908007774170        6365.794378885556        508415.2664445828        230.9035694732117       -5.499995852897291    
    96.50000000000000        331608.9164386970        79.70528534739965        6357.235858818209        507393.3344547827        230.9051399676313       -6.499994633176635    
    97.50000000000000        270796.6238724971        79.64068677696255        6346.965420931447        506167.8121794655        230.9067167203690       -7.499993408596066    
    98.50000000000000        216764.7135228661        79.56462734165319        6334.882327006253        504727.1186854217        230.9083007357766       -8.499992178375551    
    99.50000000000000        170071.0009498570        79.47640676534954        6320.880095058526        503059.1206325421        230.9098930363775       -9.499990941720974    
    100.5000000000000        130782.7614920233        79.37528921681167        6304.847875500440        501151.3129592441        230.9114946655773       -10.49998969782197    
    101.5000000000000        98570.98933655958        79.26053836438258        6286.676353139487        498991.5621012359        230.9131066904870       -11.49998844584977    
    102.5000000000000        72819.14471696748        79.13141087492571        6266.256951686450        496568.0370092215        230.9147302048760       -12.49998718495493    
    103.5000000000000        52733.16607083027        78.98716009519305        6243.482489501921        493869.2919925313        230.9163663322735       -13.49998591426485    
    104.5000000000000        37440.21322139988        78.82708624735879        6218.255558503218        490885.3122917137        230.9180162292365       -14.49998463288131    
    105.5000000000000        26068.35374178375        78.65048076569094        6190.479656550723        487606.4474095448        230.9196810888064       -15.49998333987776    
    106.5000000000000        17805.20407796286        78.45668918564782        6160.069581032334        484024.6954495966        230.9213621441766       -16.49998203429644    
    107.5000000000000        11934.62548803663        78.24505358317843        6126.942348831444        480132.6199108651        230.9230606725960       -17.49998071514538    
    108.5000000000000        7854.348830569742        78.01496580724235        6091.025796826348        475924.3851993860        230.9247779995373       -18.49997938139521    
    109.5000000000000        5078.140420410939        77.76586368530035        6052.258165215563        471395.7203805700        230.9265155031577       -19.49997803197557    
    110.5000000000000        3227.633902233016        77.49720703069760        6010.584352037250        466543.4708225264        230.9282746190885       -20.49997666577150    
    111.5000000000000        2018.284507017965        77.20849320144616        5965.958724008028        461365.9626168652        230.9300568455885       -21.49997528161941    
    112.5000000000000        1242.702927370085        76.89915244578903        5918.328505092372        455861.0077965575        230.9318637491037       -22.49997387830275    
    113.5000000000000        754.1533000123928        76.56875751508616        5867.667332220865        450029.9242958520        230.9336969702786       -23.49997245454730    
    114.5000000000000        451.5750350655701        76.21690299872486        5813.956052073879        443875.2243784360        230.9355582304708       -24.49997100901625    
    115.5000000000000        267.1083447675548        75.84309948004874        5757.166135133884        437398.6441017470        230.9374493388267       -25.49996954030452    
    116.5000000000000        156.2734630988211        75.44683532379069        5697.269865444574        430602.3820216275        230.9393721999815       -26.49996804693294    
    117.5000000000000        90.55378835355187        75.02754076720025        5634.235663872359        423488.6365106779        230.9413288224583       -27.49996652734157    
    118.5000000000000        52.04644276117920        74.58478125174175        5568.057685809172        416062.9803820324        230.9433213278462       -28.49996497988276    
    119.5000000000000        29.71922025074169        74.11827345461256        5498.758716323036        408334.7199598092        230.9453519608511       -29.49996340281321    
    120.5000000000000        16.88801471437067        73.62757914068055        5426.342668834031        400311.3269641441        230.9474231003236       -30.49996179428536    
    121.5000000000000        9.567332057441863        73.11212313800603        5350.797594129293        391998.7775479002        230.9495372713831       -31.49996015233818    
    122.5000000000000        5.413509840434171        72.57122744858030        5272.102428253763        383402.4648600556        230.9516971587735       -32.49995847488663    
    123.5000000000000        3.065444074374077        72.00430850203344        5190.257070392387        374530.5994746482        230.9539056216054       -33.49995675971017    
    124.5000000000000        1.740730512871298        71.41082179784574        5105.273170926743        365393.0264076038        230.9561657096613       -34.49995500444026    
    125.5000000000000       0.9933993302751720        70.79032368729288        5017.184173635718        356002.4001277572        230.9584806814650       -35.49995320654631    
    126.5000000000000       0.5709974293279640        70.14262637941009        4926.067942186130        346376.6207302036        230.9608540243503       -36.49995136331982    
    127.5000000000000       0.3313113005633869        69.46756770081180        4832.010168647077        336534.4416354737        230.9632894767945       -37.49994947185745    
    128.5000000000000       0.1944903841877263        68.76499696389945        4735.100951437505        326494.9126175415        230.9657910533281       -38.49994752904140    
    129.5000000000000       0.1157637728842474        68.03490218242912        4635.452108291113        316279.1336571632        230.9683630723775       -39.49994553151779    
    130.5000000000000       0.7001613870508000E-01    67.27785652174471        4533.257697016200        305916.4055191710        230.9710101874581       -40.49994347567261    
    131.5000000000000       0.4311706420682927E-01    66.49490565292317        4428.773745127785        295441.6424527602        230.9737374222023       -41.49994135760433    
    132.5000000000000       0.2708398117364551E-01    65.68770082013350        4322.330375877188        284896.0155362559        230.9765502097885       -42.49993917309337    
    133.5000000000000       0.1738055905365790E-01    64.85882086940015        4214.370409316092        274330.4374438992        230.9794544374351       -43.49993691756754    
    134.5000000000000       0.1140866243909369E-01    64.01162211581315        4105.422154003636        263802.2063959626        230.9824564967401       -44.49993458606293    
    135.5000000000000       0.7666555197687690E-02    63.15017314386478        3996.084340131269        253372.9922389841        230.9855633407860       -45.49993217317956    
    136.5000000000000       0.5276618241436383E-02    62.27915094646148        3887.008330374845        243106.8300205890        230.9887825491014       -46.49992967303092    
    137.5000000000000       0.3719600181074685E-02    61.40302986994595        3778.788732577010        233059.1985117034        230.9921224017724       -47.49992707918648    
    138.5000000000000       0.2684324081038096E-02    60.52605233723830        3671.962902569031        223277.4612044620        230.9955919642500       -48.49992438460568    
    139.5000000000000       0.1981655932850386E-02    59.65199950650018        3566.985987780712        213799.0285562710        230.9992011847015       -49.49992158156249    
    140.5000000000000       0.1494913694962965E-02    58.78419006637625        3464.236207269614        204652.4870817409        231.0029610061305       -50.49991866155825    
    141.5000000000000       0.1150906964303014E-02    57.92511979479970        3363.974487706582        195854.3142587011        231.0068834959526       -51.49991561522097    
    142.5000000000000       0.9029923557327280E-03    57.07658516125710        3266.366535056922        187411.6087946676        231.0109819962837       -52.49991243218876    
    143.5000000000000       0.7209565051045196E-03    56.23974450106497        3171.495073776692        179323.6725353553        231.0152712989158       -53.49990910097392    
    144.5000000000000       0.5848760501443633E-03    55.41505008406311        3079.356328037042        171582.1117309509        231.0197678498488       -54.49990560880386    
    145.5000000000000       0.4814162123133334E-03    54.60258433481334        2989.903849033313        164175.0924525469        231.0244899893752       -55.49990194143498    
    146.5000000000000       0.4014949986671573E-03    53.80202742061338        2903.046724670603        157087.3355940203        231.0294582351467       -56.49989808293263    
    147.5000000000000       0.3388282711192985E-03    53.01283078044943        2818.671409661909        150302.1443759619        231.0346956174845       -57.49989401541065    
    148.5000000000000       0.2890070744133898E-03    52.23447712623424        2736.672602032323        143804.1318840151        231.0402280785369       -58.49988971872156    
    149.5000000000000       0.2488808589594260E-03    51.46625282066496        2656.926761236522        137576.8762469042        231.0460849499462       -59.49988517008547    
    150.5000000000000       0.2161732081927446E-03    50.70744683030028        2579.315095740307        131604.8933065658        231.0522995276468       -60.49988034364358    
    151.5000000000000       0.1892159496451024E-03    49.95752125244935        2503.741621599213        125875.0524231393        231.0589097676576       -61.49987520991800    
    152.5000000000000       0.1667680347863261E-03    49.21591495481866        2430.111001895198        120374.6759157385        231.0659591336627       -62.49986973515340    
    153.5000000000000       0.1478951063198365E-03    48.48211404147909        2358.335811667731        115092.0861176288        231.0734976364774       -63.49986388050959    
    154.5000000000000       0.1318867540318125E-03    47.75571067200138        2288.342567518780        110017.0574817268        231.0815831180730       -64.49985760106449    
    155.5000000000000       0.1181972228937375E-03    47.03639608428839        2220.069991166928        105140.5883059188        231.0902828500310       -65.49985084457263    
    156.5000000000000       0.1064015413129034E-03    46.32389312929345        2153.461354428480        100454.2453098746        231.0996755400859       -66.49984354990674    
    157.5000000000000       0.9616657579444482E-04    45.61792754210121        2088.461695619677        95949.95443612350        231.1098538737132       -67.49983564508383    
    158.5000000000000       0.8722859660486325E-04    44.91837800649875        2025.032086533673        91621.01371547377        231.1209277649554       -68.49982704474060    
    159.5000000000000       0.7937663432109519E-04    44.22518934075326        1963.140669370523        87461.39446107631        231.1330285586577       -69.49981764686950    
    160.5000000000000       0.7244144329922436E-04    43.53835323259062        1902.760509906268        83465.56287948132        231.1463145256268       -70.49980732855120    
    161.5000000000000       0.6628443590624079E-04    42.85785365184897        1843.863875784145        79628.02885489582        231.1609781399039       -71.49979594030255    
    162.5000000000000       0.6079247811247145E-04    42.18369807933279        1786.425424891715        75943.58927457672        231.1772558509561       -72.49978329848688    
    163.5000000000000       0.5587217618002134E-04    41.51588837643627        1730.419256005564        72407.10414049114        231.1954414091686       -73.49976917496478    
    164.5000000000000       0.5144673670183431E-04    40.85448323124643        1675.824498951856        69013.87419376573        231.2159043492379       -74.49975328273875    
    165.5000000000000       0.4745202671571248E-04    40.19958797876619        1622.624158550575        65759.54530071330        231.2391161212863       -75.49973525565791    
    166.5000000000000       0.4383408913245972E-04    39.55133696088613        1570.803455118704        62639.99105177644        231.2656878348084       -76.49971461910353    
    167.5000000000000       0.4054826440041678E-04    38.90988172128672        1520.348446044243        59651.20416880338        231.2964261179425       -77.49969074660443    
    168.5000000000000       0.3755596766873399E-04    38.27542823758043        1471.249013980243        56789.47569615191        231.3324181174051       -78.49966279381862    
    169.5000000000000       0.3482421625063434E-04    37.64815098845764        1423.491826495897        54050.96352207490        231.3751650633385       -79.49962959479450    
    170.5000000000000       0.3232481170042313E-04    37.02822833591502        1377.063409078053        51431.89304363807        231.4268001774443       -80.49958949272033    
    171.5000000000000       0.3003311342539648E-04    36.41583077419536        1331.949027699464        48928.48026435285        231.4904603686760       -81.49954005121992    
    172.5000000000000       0.2792833264447001E-04    35.81116324844762        1288.135952237759        46537.12351280068        231.5709552131728       -82.49947753472753    
    173.5000000000000       0.2599198539648969E-04    35.21438032332016        1245.607255699470        44254.06263738067        231.6760532608951       -83.49939590932100    
    174.5000000000000       0.2420735839898662E-04    34.62567412069943        1204.348482921320        42075.75891394820        231.8191709984303       -84.49928475389619    
    175.5000000000000       0.2256054520271047E-04    34.04514655168595        1164.338095681551        39998.35907306166        232.0256449769265       -85.49912438747536    
    176.5000000000000       0.2103871866450485E-04    33.47296824698215        1125.559394569622        38018.36404931327        232.3497464478623       -86.49887264898430    
    177.5000000000000       0.1963131717881853E-04    32.90927644207159        1087.992800297280        36132.19389791212        232.9324668150467       -87.49841998595410    
    178.5000000000000       0.1832803044227637E-04    32.35421667399098        1051.619321925477        34336.39663641284        234.2896164146570       -88.49736538089392    
    179.5000000000000       0.1712070222400108E-04    31.80806136795546        1016.426868014014        32627.87755509446        240.9872298147901       -89.49214427023435    
    180.5000000000000       0.1600023203995518E-04    31.27013051744325        982.3453836223032        31001.07754018473        40.80297826083041       -89.49213440733789    
    181.5000000000000       0.1496061481737298E-04    30.74192786910358        949.4433943787662        29456.94644054712        47.50041623179825       -88.49735538057107    
    182.5000000000000       0.1399533912196416E-04    30.22274860464129        917.6438503251297        27989.49450278646        48.85755137078729       -87.49840997438720    
    183.5000000000000       0.1309830016639244E-04    29.71279434271485        886.9322558157419        26595.98255804423        49.44026774248367       -86.49886263431287    
    184.5000000000000       0.1226475162296665E-04    29.21222033595718        857.2900348310785        25273.51097808479        49.76436756774748       -85.49911437152555    
    185.5000000000000       0.1148940744897592E-04    28.72100111635247        828.6876180189971        24018.76058703690        49.97084071288877       -84.49927473729899    
    186.5000000000000       0.1076829728395540E-04    28.23930723683339        801.1077202602496        22829.07219312980        50.11395797102594       -83.49938589235150    
    187.5000000000000       0.1009720284681342E-04    27.76712538382432        774.5220296632892        21701.36597453335        50.21905571793612       -82.49946751752441    
    188.5000000000000       0.9472503798340270E-05    27.30449085380138        748.9058148068031        20632.82931430539        50.29955036138225       -81.49953003386061    
    189.5000000000000       0.8890838565723037E-05    26.85147002046187        724.2365010910358        19620.83120297084        50.36321041163652       -80.49957947525154    
    190.5000000000000       0.8348939324142782E-05    26.40798096246845        700.4835147392856        18662.48571794325        50.41484542308890       -79.49961957724598    
    191.5000000000000       0.7844249201454289E-05    25.97416974055692        677.6297459205691        17755.57226010478        50.45759229196444       -78.49965277621021    
    192.5000000000000       0.7373971022436063E-05    25.54989593933794        655.6425210831276        16897.29623949908        50.49358423211304       -77.49968072895000    
    193.5000000000000       0.6935624480188417E-05    25.13519809647557        634.4998773084076        16085.40378246184        50.52432246862068       -76.49970460141287    
    194.5000000000000       0.6526980764803339E-05    24.73004618671157        614.1766053390885        15317.58460501330        50.55089414482809       -75.49972523793826    
    195.5000000000000       0.6145888125785749E-05    24.33433930207340        594.6445998366024        14591.50201883377        50.57410588655024       -74.49974326499557    
    196.5000000000000       0.5790440675619363E-05    23.94807931844098        575.8817070567201        13905.12823044965        50.59456880164051       -73.49975915720219    
    197.5000000000000       0.5458789112120730E-05    23.57115515019372        557.8608244325760        13256.32558419940        50.61275433903459       -72.49977328070810    
    198.5000000000000       0.5149294812320340E-05    23.20351039921886        540.5582517227059        12643.15702528997        50.62903203255463       -71.49978592251017    
    199.5000000000000       0.4860371345475103E-05    22.84502451874282        523.9480517217271        12063.68054205308        50.64369563192940       -70.49979731074725    
    200.5000000000000       0.4590560395473346E-05    22.49562532716519        508.0073082140161        11516.13075238670        50.65698158612572       -69.49980762905562    
    201.5000000000000       0.4338610391691900E-05    22.15519089586322        492.7115405549732        10998.75427559684        50.66908236879816       -68.49981702691815    
    202.5000000000000       0.4103153164339377E-05    21.82360921900358        478.0375494913633        10509.90833863884        50.68015625045074       -67.49982562725395    
    203.5000000000000       0.3883167308753391E-05    21.50076720192438        463.9628187091756        10048.03405196196        50.69033457568885       -66.49983353207034    
    204.5000000000000       0.3677469829358309E-05    21.18651308320982        450.4639251279713        9611.602729252609        50.69972725836333       -65.49984082673052    
    205.5000000000000       0.3485161711414733E-05    20.88074054566369        437.5201931867155        9199.232293244129        50.70842698379453       -64.49984758321729    
    206.5000000000000       0.3305248431324821E-05    20.58328657799657        425.1092500917201        8809.539266123751        50.71651245959085       -63.49985386265788    
    207.5000000000000       0.3136897489036501E-05    20.29401279797620        413.2105413093610        8441.250073214853        50.72405095723005       -62.49985971729767    
    208.5000000000000       0.2979285172405539E-05    20.01276515712395        401.8036104434886        8093.143487408905        50.73110031859738       -61.49986519205868    
    209.5000000000000       0.2831698663423106E-05    19.73940807526971        390.8694956747521        7764.090849504813        50.73771055443678       -60.49987032578102    
    210.5000000000000       0.2693458283186740E-05    19.47379238762035        380.3893280532854        7453.008138144353        50.74392512837229       -59.49987515221999    
    211.5000000000000       0.2563922146693512E-05    19.21576723021512        370.3449189364041        7158.874664713525        50.74978199637198       -58.49987970085343    
    212.5000000000000       0.2442508681128906E-05    18.96518515428424        360.7187979916416        6880.727369027709        50.75531445432755       -57.49988399754011    
    213.5000000000000       0.2328671832439030E-05    18.72190191067183        351.4943063312797        6617.664543576604        50.76055183384432       -56.49988806505990    
    214.5000000000000       0.2221901406460309E-05    18.48576861831555        342.6551705880318        6368.828220367467        50.76552007703964       -55.49989192356026    
    215.5000000000000       0.2121730559715663E-05    18.25662109807201        334.1851597538277        6133.394357367919        50.77024221420712       -54.49989559092730    
    216.5000000000000       0.2027717850695172E-05    18.03432877531729        326.0698716466010        5910.620336952116        50.77473876297550       -53.49989908309568    
    217.5000000000000       0.1939454870303250E-05    17.81873135505868        318.2943391072305        5699.775451805189        50.77902806361675       -52.49990241430898    
    218.5000000000000       0.1856571894798692E-05    17.60969448494713        310.8450820424022        5500.196432053458        50.78312656211304       -51.49990559733976    
    219.5000000000000       0.1778709970812711E-05    17.40706934419505        303.7085937674652        5311.243561111307        50.78704905024100       -50.49990864367572    
    220.5000000000000       0.1705544116880381E-05    17.21071619934792        296.8721718820127        5132.321528003908        50.79080887010288       -49.49991156367874    
    221.5000000000000       0.1636761670332524E-05    17.02049414931581        290.3235373069233        4962.867711889095        50.79441808910217       -48.49991436672079    
    222.5000000000000       0.1572089312193027E-05    16.83626949031524        284.0511094015487        4802.357951959480        50.79788765023211       -47.49991706130056    
    223.5000000000000       0.1511254029185514E-05    16.65790391810967        278.0435601455067        4650.292980940941        50.80122750165052       -46.49991965514402    
    224.5000000000000       0.1454020780825159E-05    16.48527311463237        272.2904505833620        4506.213972166955        50.80444670880000       -45.49992215529175    
    225.5000000000000       0.1400147978781825E-05    16.31823602155546        266.7811418994278        4369.672760358269        50.80755355175932       -44.49992456817429    
    226.5000000000000       0.1349428926361142E-05    16.15667065249941        261.5060115092983        4240.262132919833        50.81055561005039       -43.49992689967809    
    227.5000000000000       0.1301663944127719E-05    16.00044789964311        256.4555429166488        4117.591433003837        50.81345983674988       -42.49992915520320    
    228.5000000000000       0.1256667797823232E-05    15.84944392304965        251.6207199223406        4001.295317593786        50.81627262345035       -41.49993133971347    
    229.5000000000000       0.1214271455290104E-05    15.70354550753759        246.9932030771463        3891.037581267384        50.81899985736543       -40.49993345778112    
    230.5000000000000       0.1174315772856146E-05    15.56263301682667        242.5647173279364        3786.494181778426        50.82164697166920       -39.49993551362569    
    231.5000000000000       0.1136654256515905E-05    15.42659810982471        238.3276490624175        3687.367918904198        50.82421898999014       -38.49993751114870    
    232.5000000000000       0.1101148804452423E-05    15.29532989998353        234.2745599262846        3593.375201928596        50.82672056584021       -37.49993945396427    
    233.5000000000000       0.1067670336962869E-05    15.16872248133008        230.3984212527014        3504.251151814839        50.82915601764260       -36.49994134542612    
    234.5000000000000       0.1036102443752905E-05    15.04667614673563        226.6926400170324        3419.749551324976        50.83152935992482       -35.49994318865210    
    235.5000000000000       0.1006335124587176E-05    14.92909132156256        223.1508470701403        3339.636995734090        50.83384433116162       -34.49994498654568    
    236.5000000000000       0.9782634577935557E-06    14.81587134840582        219.7669795048127        3263.694422218930        50.83610441868437       -33.49994674181514    
    237.5000000000000       0.9517914824544789E-06    14.70692540007033        216.5353540764308        3191.718139769516        50.83831288101480       -32.49994845699118    
    238.5000000000000       0.9268325114956294E-06    14.60216516534791        213.4505505857914        3123.516539315577        50.84047276793317       -31.49995013444243    
    239.5000000000000       0.9033044002242177E-06    14.50150503214207        210.5074115275816        3058.909719196723        50.84258693854836       -30.49995177638923    
    240.5000000000000       0.8811286636207299E-06    14.40486156982428        207.7010163339347        2997.728451295978        50.84465807760269       -29.49995338491673    
    241.5000000000000       0.8602380011169140E-06    14.31215631871439        205.0267507221086        2939.815224390833        50.84668871021400       -28.49995496198603    
    242.5000000000000       0.8405681567105859E-06    14.22331478062823        202.4802674927594        2885.022985933478        50.84868121523143       -27.49995650944453    
    243.5000000000000       0.8220580928818233E-06    14.13826579607208        200.0574607101026        2833.214240289116        50.85063783735958       -26.49995802903560    
    244.5000000000000       0.8046491462019112E-06    14.05694070683358        197.7544333168547        2784.260012531704        50.85256069818638       -25.49995952240698    
    245.5000000000000       0.7882879426433314E-06    13.97927485247663        195.5675305747548        2738.040220947867        50.85445180623382       -24.49996099111845    
    246.5000000000000       0.7729265640145231E-06    13.90520769415655        193.4933365242676        2694.443321800293        50.85631306613626       -23.49996243664927    
    247.5000000000000       0.7585177449546439E-06    13.83467985547262        191.5285834926114        2653.364125597181        50.85814628703901       -22.49996386040452    
    248.5000000000000       0.7450175121151598E-06    13.76763486519424        189.6701954720636        2614.704485179159        50.85995319029890       -21.49996526372097    
    249.5000000000000       0.7323912321375660E-06    13.70402042362208        187.9153158928769        2578.373619485622        50.86173541655968       -20.49996664787286    
    250.5000000000000       0.7206003286041338E-06    13.64378458655243        186.2611967373646        2544.285610436604        50.86349453226657       -19.49996801407678    
    251.5000000000000       0.7096065446416842E-06    13.58687717392882        184.7052334578315        2512.359961983323        50.86523203567776       -18.49996936349624    
    252.5000000000000       0.6993753466034107E-06    13.53324950053416        183.2449515047666        2482.521121801104        50.86694936242389       -17.49997069724626    
    253.5000000000000       0.6898770765464775E-06    13.48285735321327        181.8780849494638        2454.699969912157        50.86864789066175       -16.49997201639720    
    254.5000000000000       0.6810817319953737E-06    13.43565632260465        180.6024436208990        2428.830924624260        50.87032894586329       -15.49997332197837    
    255.5000000000000       0.6729664704533439E-06    13.39160886816244        179.4161029835323        2404.855715901783        50.87199380527719       -14.49997461498179    
    256.5000000000000       0.6655141135817479E-06    13.35068096446732        178.3173054484680        2382.721168176895        50.87364370209637       -13.49997589636525    
    257.5000000000000       0.6587027948151826E-06    13.31283913418671        177.3043808120245        2362.377557941385        50.87527982936183       -12.49997716705520    
    258.5000000000000       0.6525120422194883E-06    13.27805056415437        176.3757433276850        2343.778389149558        50.87690334363018       -11.49997842794994    
    259.5000000000000       0.6469269937514470E-06    13.24628995525047        175.5300765934774        2326.884103426911        50.87851536843025       -10.49997967992208    
    260.5000000000000       0.6419301700890147E-06    13.21752952634915        174.7660584267324        2311.656368006432        50.88011699753130       -9.499980923820994    
    261.5000000000000       0.6375063407255505E-06    13.19174400042586        174.0824944833222        2298.060734999743        50.88170929804399       -8.499982160475492    
    262.5000000000000       0.6336498768800404E-06    13.16891851807567        173.4785286301136        2286.070812009275        50.88329331337370       -7.499983390695972    
    263.5000000000000       0.6303499688871855E-06    13.14903540145475        172.9532851532376        2275.660984924355        50.88487006604378       -6.499984615276475    
    264.5000000000000       0.6275951895583154E-06    13.13207633312599        172.5059251484033        2266.807492152999        50.88644056040567       -5.499985834997071    
    265.5000000000000       0.6253843365621217E-06    13.11803239125103        172.1359139304882        2259.493755002860        50.88800578525156       -4.499987050625755    
    266.5000000000000       0.6237075192539900E-06    13.10688846827151        171.8426034778913        2253.701969969163        50.88956671634411       -3.499988262920247    
    267.5000000000000       0.6225550775880873E-06    13.09863053830493        171.6254263390106        2249.416979410781        50.89112431887738       -2.499989472630208    
    268.5000000000000       0.6219276833710299E-06    13.09325487758955        171.4841408091442        2246.631154022370        50.89267954988241       -1.499990680498967    
    269.5000000000000       0.6218227884367167E-06    13.09075681935894        171.4185303453161        2245.338358978054        50.89423336058982      -0.4999918872651949    
    270.5000000000000       0.6222416673467828E-06    13.09113558083973        171.4285312806510        2245.536484345929        50.89578669876258       0.5000069063349790    
    271.5000000000000       0.6231881814535599E-06    13.09439375551979        171.5142193579625        2247.227175462058        50.89734051101051        1.500005699566318    
    272.5000000000000       0.6246561806905559E-06    13.10052546649611        171.6754931354190        2250.409485603308        50.89889574509893        2.500004491692843    
    273.5000000000000       0.6266566928941021E-06    13.10954275193479        171.9127802324145        2255.094061136604        50.90045335226323        3.500003281975721    
    274.5000000000000       0.6291937643963276E-06    13.12145072260502        172.2263719123877        2261.289773100311        50.90201428954149        4.500002069671616    
    275.5000000000000       0.6322712239975306E-06    13.13625654277198        172.6166650691669        2269.008616197028        50.90357952213738        5.500000854031002    
    276.5000000000000       0.6359016629390004E-06    13.15397734659898        173.0843762456049        2278.270058983214        50.90515002582552        6.499999634295985    
    277.5000000000000       0.6400901274802805E-06    13.17462237085202        173.6300605636337        2289.091335843271        50.90672678941256        7.499998409698549    
    278.5000000000000       0.6448490774063755E-06    13.19820920857588        174.2545513979884        2301.496384478151        50.90831081726701        8.499997179458758    
    279.5000000000000       0.6501982569538447E-06    13.22476330178152        174.9589491148750        2315.515683592175        50.90990313193183        9.499995942782380    
    280.5000000000000       0.6561480440628140E-06    13.25430192770336        175.7441896874694        2331.177551405120        50.91150477683475        10.49999469885899    
    281.5000000000000       0.6627095959892181E-06    13.28684434682206        176.6113200825866        2348.513775301363        50.91311681911157        11.49999344685988    
    282.5000000000000       0.6699060109795819E-06    13.32242269806550        177.5617974667842        2367.565801280946        50.91474035255952        12.49999218593549    
    283.5000000000000       0.6777568722793217E-06    13.36106395548809        178.5969993865651        2388.374782675132        50.91637650073842        13.49999091521315    
    284.5000000000000       0.6862851850961588E-06    13.40280085851795        179.7185278161550        2410.987957943725        50.91802642023903        14.49998963379468    
    285.5000000000000       0.6955095246294683E-06    13.44766232486166        180.9279458301065        2435.453256040025        50.91969130413966        15.49998834075341    
    286.5000000000000       0.7054614880347556E-06    13.49568912521032        182.2272119666388        2461.828368879461        50.92137238567403        16.49998703513148    
    287.5000000000000       0.7161648647336129E-06    13.54691691692908        183.6182186797121        2490.171372760075        50.92307094213514        17.49998571593697    
    288.5000000000000       0.7276565059094844E-06    13.60139048473993        185.1031860193570        2520.548944487546        50.92478829904311        18.49998438214032    
    289.5000000000000       0.7399644658702441E-06    13.65915134009599        186.6843263009893        2553.029614661330        50.92652583460681        19.49998303267111    
    290.5000000000000       0.7531251488856126E-06    13.72024567129418        188.3640637329867        2587.688378862628        50.92828498451322        20.49998166641438    
    291.5000000000000       0.7671760039251843E-06    13.78472321860078        190.1450142448147        2624.606578219966        50.93006724708127        21.49998028220637    
    292.5000000000000       0.7821647147801160E-06    13.85263954166327        192.0300498753528        2663.873342732064        50.93187418882179        22.49997887883040    
    293.5000000000000       0.7981305680796638E-06    13.92404628175873        194.0220329223229        2705.580230593664        50.93370745044906        23.49997745501225    
    294.5000000000000       0.8151278757857121E-06    13.99900612131960        196.1242419439718        2749.830420468470        50.93556875339593        24.49997600941492    
    295.5000000000000       0.8332045138022199E-06    14.07757600250127        198.3399017292061        2796.728927654032        50.93745990688944        25.49997454063316    
    296.5000000000000       0.8524191280766326E-06    14.15982131309370        200.6725960326564        2846.391724652804        50.93938281565189        26.49997304718775    
    297.5000000000000       0.8728321692793600E-06    14.24580847059747        203.1260613229787        2898.941555099102        50.94133948829984        27.49997152751862    
    298.5000000000000       0.8945085851157337E-06    14.33560759231556        205.7042722455339        2954.510099402765        50.94333204652294        28.49996997997785    
    299.5000000000000       0.9175214779768343E-06    14.42929467361262        208.4115121100478        3013.239809974338        50.94536273513516        29.49996840282208    
    300.5000000000000       0.9419456566250563E-06    14.52694635536475        211.2522318810204        3075.281236470134        50.94743393310333        30.49996679420356    
    301.5000000000000       0.9678644897172251E-06    14.62864236367652        214.2311256932400        3140.794945141836        50.94954816567194        31.49996515216099    
    302.5000000000000       0.9953675069102356E-06    14.73446659072129        217.3531751364902        3209.952965052029        50.95170811771970        32.49996347460918    
    303.5000000000000       0.1024549777177339E-05    14.84450463161386        220.6235862588483        3282.937817940565        50.95391664850244        33.49996175932739    
    304.5000000000000       0.1055516549894442E-05    14.95884721771880        224.0479027536308        3359.945521612960        50.95617680795878        34.49996000394678    
    305.5000000000000       0.1088379427178231E-05    15.07758722246435        227.6319275336946        3441.184332504276        50.95849185478139        35.49995820593650    
    306.5000000000000       0.1123258355749118E-05    15.20081908677491        231.3817148128455        3526.875053474029        50.96086527648610        36.49995636258785    
    307.5000000000000       0.1160280394746059E-05    15.32864174906552        235.3036729861263        3617.253995143659        50.96330081174717        37.49995447099707    
    308.5000000000000       0.1199585054473553E-05    15.46115921060387        239.4045987026911        3712.574481631841        50.96580247530787        38.49995252804609    
    309.5000000000000       0.1241321358631656E-05    15.59847631262901        243.6915529872595        3813.104481042458        50.96837458582513        39.49995053038072    
    310.5000000000000       0.1285649718181285E-05    15.74070459237002        248.1720706650475        3919.132535798332        50.97102179706432        40.49994847438644    
    311.5000000000000       0.1332742857883138E-05    15.88795644272696        252.8539774857785        4030.963882195563        50.97374913292914        41.49994635616142    
    312.5000000000000       0.1382789716581856E-05    16.04034890454395        257.7455371976770        4148.925060139446        50.97656202689287        42.49994417148559    
    313.5000000000000       0.1435991874827838E-05    16.19800464362377        262.8555022124039        4273.366114307219        50.97946636649497        43.49994191578620    
    314.5000000000000       0.1492566352549023E-05    16.36104211277149        268.1927917222379        4404.653214379560        50.98246854368329        44.49993958409888    
    315.5000000000000       0.1552745441724248E-05    16.52959284707567        273.7671064245475        4543.185580217287        50.98557551192265        45.49993717102305    
    316.5000000000000       0.1616785126885173E-05    16.70379011664211        279.5885579796814        4689.387042953986        50.98879485115967        46.49993467067146    
    317.5000000000000       0.1684953637298371E-05    16.88375336744000        285.6671455382769        4843.693512005811        50.99213484193875        47.49993207661299    
    318.5000000000000       0.1757548915739529E-05    17.06963117714166        292.0142774637735        5006.594143738450        50.99560455021393        48.49992938180627    
    319.5000000000000       0.1834890427924482E-05    17.26155011833613        298.6409971768109        5178.585973756983        50.99921392470597        49.49992657852435    
    320.5000000000000       0.1917322496207008E-05    17.45966250318775        305.5596778302999        5360.219915097855        51.00297390902913        50.49992365826768    
    321.5000000000000       0.2005222752660268E-05    17.66410337415956        312.7825466932837        5552.063767279152        51.00689657127349        51.49992061166326    
    322.5000000000000       0.2098986858047349E-05    17.87501637564699        320.3226022118297        5754.727649485254        51.01099525430231        52.49991742834797    
    323.5000000000000       0.2199062314606226E-05    18.09255941482225        328.1938477070113        5968.872262443593        51.01528475073787        53.49991409683287    
    324.5000000000000       0.2305917868038612E-05    18.31687233872167        336.4101637150866        6195.180597579436        51.01978150750462        54.49991060434395    
    325.5000000000000       0.2420060398164937E-05    18.54811319204559        344.9866336708407        6434.395685797853        51.02450386592751        55.49990693663594    
    326.5000000000000       0.2542053771347034E-05    18.78643550926228        353.9387472708218        6687.301078514170        51.02947234481564        56.49990307777247    
    327.5000000000000       0.2672500407797655E-05    19.03199664903994        363.2827288533744        6954.732075588441        51.03470997579005        57.49989900986540    
    328.5000000000000       0.2812038549297160E-05    19.28495269330827        373.0353880468584        7237.574415105276        51.04024270246612        58.49989471276491    
    329.5000000000000       0.2961401765460563E-05    19.54546407725379        383.2143135487754        7536.770944129034        51.04609985814596        59.49989016368855    
    330.5000000000000       0.3121334495439648E-05    19.81368373889220        393.8374977660393        7853.315045076002        51.05231474065081        60.49988533677469    
    331.5000000000000       0.3292720789109294E-05    20.08979246139431        404.9247768499736        8188.296996325710        51.05892530815223        61.49988020254202    
    332.5000000000000       0.3476377507133206E-05    20.37389912102792        416.4936478671933        8542.773815821030        51.06597502680191        62.49987472723144    
    333.5000000000000       0.3673436874998223E-05    20.66621411436692        428.5666619841954        8918.008859850475        51.07351391025729        63.49986887199840    
    334.5000000000000       0.3884810895204375E-05    20.96686116540382        441.1634852020736        9315.222107388581        51.08159980377953        64.49986259191569    
    335.5000000000000       0.4111708580873363E-05    21.27592705454511        454.3027301566260        9735.641930797581        51.09029998277983        65.49985583473197    
    336.5000000000000       0.4355495027827502E-05    21.59366910312549        468.0114479293484        10180.83342752207        51.09969315947758        66.49984853931304    
    337.5000000000000       0.4617418457291517E-05    21.92015774819681        482.3093517056307        10652.17873683938        51.10987202463384        67.49984063366772    
    338.5000000000000       0.4898830250354060E-05    22.25538731834090        497.2127402478988        11150.97412536610        51.12094649856512        68.49983203242310    
    339.5000000000000       0.5201851526537537E-05    22.59985736486082        512.7630525713798        11679.48649275607        51.13304793362040        69.49982263356007    
    340.5000000000000       0.5527496591529761E-05    22.95316188852088        528.9591386134131        12238.50956248327        51.14633460965717        70.49981231414527    
    341.5000000000000       0.5878523940969462E-05    23.31596501808371        545.8524112134521        12830.81650490041        51.16099901173420        71.49980092467868    
    342.5000000000000       0.6256097748083955E-05    23.68782841167758        563.4412140188491        13457.29828665549        51.17727760286757        72.49978828150276    
    343.5000000000000       0.6663268820322044E-05    24.06930248862312        581.7734926749470        14120.75983907726        51.19546415029373        73.49977415645210    
    344.5000000000000       0.7101985984329396E-05    24.46016839650801        600.8596597154348        14822.67511230175        51.21592820993445        74.49975826249670    
    345.5000000000000       0.7575336381355292E-05    24.86068118006954        620.7347683319127        15565.52864491554        51.23914125902709        75.49974023344390    
    346.5000000000000       0.8086117390261741E-05    25.27082722409489        641.4211290678629        16351.40580152976        51.26571444226727        76.49971959462094    
    347.5000000000000       0.8637553321934664E-05    25.69066905313850        662.9454930772845        17182.63822717082        51.29645443433543        77.49969571948526    
    348.5000000000000       0.9233170614116165E-05    26.12028334927816        685.3363538625174        18061.72479359863        51.33244844479795        78.49966776359854    
    349.5000000000000       0.9876878442364113E-05    26.55965953042108        708.6181652094314        18991.08792355028        51.37519779078171        79.49963456087596    
    350.5000000000000       0.1057330678438901E-04    27.00888418544489        732.8210797795530        19973.46413142743        51.42683581791900        80.49959445431632    
    351.5000000000000       0.1132690364862536E-04    27.46793331030117        757.9702353469888        21011.49364654932        51.49049961798163        81.49954500726427    
    352.5000000000000       0.1214285515783474E-04    27.93684225475432        784.0945932230910        22108.07018338258        51.57099904849451        82.49948248372522    
    353.5000000000000       0.1302741750480769E-04    28.41562757627801        811.2224741742770        23266.15233001087        51.67610311612143        83.49940084908248    
    354.5000000000000       0.1398678229484680E-04    28.90421453195934        839.3777880576961        24488.62121412188        51.81922910112275        84.49928968102887    
    355.5000000000000       0.1502809662513207E-04    29.40266093633627        868.5924570795863        25778.80279140046        52.02571506609739        85.49912929630425    
    356.5000000000000       0.1616013977698678E-04    29.91095124889448        898.8948751592919        27139.98638906987        52.34983553903972        86.49887752891458    
    357.5000000000000       0.1739206016045300E-04    30.42906054618446        930.3135466281656        28575.58626461785        52.93259059640042        87.49842481347933    
    358.5000000000000       0.1873369687219757E-04    30.95693589175525        962.8756385791236        30089.06435495672        54.28982341798721        88.49737008435130    
    359.5000000000000       0.2019801157400516E-04    31.49459294850417        996.6134452500837        31684.26545571569        60.98789023066444        89.49214832387815    
