 # author: MA Kubiak / Space Research Center PAS Warsaw Poland, contact: mkubiak@cbk.waw.pl                          
 # code version Program.keplerV_ellipt_V2      , Dates: calkV:20/04/2026  ; part_pr:20/04/2026                       
 # czas no T v_mas, kier.naplywu(dl, szer) macierz obrotu (ecl to helio), r, theta, phi(ecl,spher), V_detector(ecl,cart), IBEX_energy_channel
 #     2026.156009000000        0.1419110000000000E-01     7443.000000000000        -25.78400000689422         255.7450000000000         5.169000000000000        0.2459841265748581        0.9692738567985851         0.000000000000000       -0.9615244635393438        0.2440174711049008        0.1261989691358298        0.1223213615382913       -0.3104294319752456E-01    0.9920049496797150        0.9804290000000000         157.8881340000000        0.3521400000000000E-01    -11.55000000000000        -27.45899999999999        0.2900000000000000E-01 00
 # routs_end= 150.00;    Maxwellian,    elliptOrb=Off                                                                                        
 # Numerical parameters: GridKl=10  GridKf=09  GridKV=05  epsV= 0.0000100  epssJon=.0010000                                                  
 # Numerical parameters: GridKl=10  GridKf=09  GridKV=05  epsV= 0.0000100  epssJon=.0010000; tessel128                                                                                                                                                                                                                                                                                                                                                                                                                                                                 
# Axis to the Sun: alpha_ecl= 333.9090000000000000 delta_Ecl= 0.0880000000000000 delta_Ax= 75.0000000000000000  repoint= 00169
 #  flag_atom: He                                                   
 #  flag_general:                                                   
 #                                                                  
 #                                                                  
  # Ly_a_Profil: zero                                               
  # flag_Itot: zero                                                 
 #  v_SW_Eqtr: speed3D.hybrid2026c_patched.dat                      
 #  n_SW_Eqtr: density3D.hybrid2026c_patched.dat                    
 #  phot_Eqtr: 0.8500000  phion_Helium_T12F107_2026c.dat            
 #  sigma_SW: p+He->H +He+, He + alpha (2 chnls);src:simuLosses.nb  
 #  flag_el:slow  swEqtrElectrons5.2026c.patched.dat                
 #  SW_lati: interpolation                                          
 #  phot_lati: analit pole-flattened after Pryor & Auchere          
 #
 #
 #
 #Spin  flux speed	speed^2 speed^3    long_ecl lat_ecl
   0.5000000000000000       0.2029948587644750E-04    32.26413615292449        1045.741324679009        34047.85422469481        332.0329096651316        75.07981073228461    
    1.500000000000000       0.2136758740724021E-04    32.76931610621074        1078.727167560660        35670.57728724305        328.2973111299684        75.01447770579590    
    2.500000000000000       0.2244329582452791E-04    33.28043515039727        1112.617799743566        37363.60993340266        324.6106028045509        74.88465916301224    
    3.500000000000000       0.2351997484132704E-04    33.79728936640754        1147.417601704780        39128.85477781653        321.0026322584645        74.69199633741141    
    4.500000000000000       0.2458948436104003E-04    34.31964017068573        1183.127969631501        40968.08588033329        317.4994817679198        74.43882434933903    
    5.500000000000000       0.2564390925358846E-04    34.84730674580381        1219.753203566478        42883.22589209670        314.1225891276405        74.12803986255204    
    6.500000000000000       0.2667450306673168E-04    35.38004878932552        1257.292969935486        44875.98153977844        310.8883359861675        73.76295244337594    
    7.500000000000000       0.2767246791624164E-04    35.91769600593969        1295.750832930233        46948.26073964992        307.8080675221757        73.34713523316084    
    8.500000000000000       0.2862890283915171E-04    36.46003591479867        1335.126735040447        49101.79187573658        304.8884531239274        72.88428747835732    
    9.500000000000000       0.2953491467202013E-04    37.00693255543204        1375.425509326099        51338.58152651008        302.1320738734865        72.37811717515335    
    10.50000000000000       0.3038190617703902E-04    37.55825976002043        1416.652322901011        53660.67921570360        299.5381252006391        71.83224776142391    
    11.50000000000000       0.3116168282497508E-04    38.11388893555983        1458.811747056428        56070.12387551396        297.1031427102579        71.25014923054783    
    12.50000000000000       0.3186673126834272E-04    38.67374908681499        1501.912507638267        58569.22531653556        294.8216859297627        70.63509159548441    
    13.50000000000000       0.3249015434093245E-04    39.23773146795274        1545.960132501890        61160.13752077275        292.6869409933475        69.99011728207340    
    14.50000000000000       0.3302645617016362E-04    39.80578176739836        1590.964328570798        63845.30366886379        290.6912248065037        69.31802855857853    
    15.50000000000000       0.3347098363503590E-04    40.37789440705445        1636.939051103098        66627.49358907007        288.8263885704671        68.62138623039422    
    16.50000000000000       0.3382090163381885E-04    40.95406479629565        1683.898127132900        69509.50654651514        287.0841280521078        67.90251628522448    
    17.50000000000000       0.3407425613598881E-04    41.53430675925712        1731.857094400304        72494.30750839284        285.4562128694724        67.16352176887844    
    18.50000000000000       0.3423116386389134E-04    42.11863841154916        1780.831913754866        75584.94365357964        283.9346487211404        66.40629777761194    
    19.50000000000000       0.3429317125942712E-04    42.70713956802454        1830.843991920555        78784.87245467982        282.5117861445933        65.63254799909419    
    20.50000000000000       0.3426345775044642E-04    43.29987893992570        1881.914234189323        82097.60124207374        281.1803879727150        64.84380169023478    
    21.50000000000000       0.3414710539137551E-04    43.89699168349559        1934.069899479979        85527.14501251520        279.9336657971930        64.04143034086732    
    22.50000000000000       0.3395038763664283E-04    44.49860747005662        1987.338744339793        89077.67438449906        278.7652938278372        63.22666354563877    
    23.50000000000000       0.3368137117746805E-04    45.10495552020397        2041.758331814777        92754.14178282116        277.6694067666669        62.40060380612185    
    24.50000000000000       0.3334927621076400E-04    45.71629019718866        2097.369939459584        96561.91412865765        276.6405867884641        61.56424012607697    
    25.50000000000000       0.3296472992937694E-04    46.33292926969630        2154.222273836236        100507.0525820926        275.6738434593033        60.71846035872387    
    26.50000000000000       0.3253946839701072E-04    46.95527647730163        2212.373994877797        104596.5281928667        274.7645894175452        59.86406232749679    
    27.50000000000000       0.3208599471076911E-04    47.58378660476563        2271.891237162398        108838.1139428720        273.9086138566206        59.00176378037407    
    28.50000000000000       0.3161810377974100E-04    48.21906023055294        2332.857098113407        113241.1159221023        273.1020552488195        58.13221125966029    
    29.50000000000000       0.3115097774932876E-04    48.86185081783920        2395.373745609329        117816.6463758388        272.3413742983263        57.25598797940081    
    30.50000000000000       0.3070101263652903E-04    49.51312380654174        2459.569083034469        122578.2073789395        271.6233277780437        56.37362080531797    
    31.50000000000000       0.3028624989486000E-04    50.17406703265819        2525.599794633295        127542.0963719607        270.9449436614665        55.48558643004454    
    32.50000000000000       0.2992687209088846E-04    50.84620397572051        2593.664683428537        132728.6082805163        270.3034977862741        54.59231683142628    
    33.50000000000000       0.2964566994720510E-04    51.53140820694541        2664.008846986191        138162.6149111902        269.6964921631690        53.69420409509184    
    34.50000000000000       0.2947024901394300E-04    52.23223172496829        2736.962055981503        143876.9651738400        269.1216349584874        52.79160467522485    
    35.50000000000000       0.2943366436916973E-04    52.95177386852249        2812.929542755942        149912.2137623973        268.5768221220304        51.88484316008786    
    36.50000000000000       0.2957867318115339E-04    53.69416903385575        2892.450796537824        156321.9983926431        268.0601205947221        50.97421560169382    
    37.50000000000000       0.2996107845423639E-04    54.46458720565048        2976.208100710590        163174.5876523801        267.5697530083470        50.05999246230296    
    38.50000000000000       0.3065721970221572E-04    55.26952330502574        3065.067980139624        170557.3073607527        267.1040837774756        49.14242122424740    
    39.50000000000000       0.3177379576989352E-04    56.11672275847103        3160.084264990434        178578.0067102885        266.6616064786422        48.22172870399383    
    40.50000000000000       0.3346455631538626E-04    57.01514195187377        3262.504188201435        187366.7890110289        266.2409324116028        47.29812310634620    
    41.50000000000000       0.3595696263698417E-04    57.97402548867015        3373.669464622894        197068.4332335530        265.8407802404221        46.37179585024116    
    42.50000000000000       0.3959460854921477E-04    59.00139320495259        3494.837974625528        207826.9543278229        265.4599666170511        45.44292319366083    
    43.50000000000000       0.4490761444301926E-04    60.10129800597583        3626.838728180976        219753.3827897986        265.0973976961203        44.51166768173375    
    44.50000000000000       0.5272863011966433E-04    61.27053682678405        3769.632322240289        232882.1970919388        264.7520614563025        43.57817943906988    
    45.50000000000000       0.6438990441874191E-04    62.49602717131752        3921.919845779722        247128.8389757492        264.4230207504129        42.64259732473160    
    46.50000000000000       0.8205212879507538E-04    63.75408448074819        4080.965803882069        262264.6421501529        264.1094070131268        41.70504996593566    
    47.50000000000000       0.1092647105978827E-03    65.01363387521808        4242.920618501392        277938.8270338835        263.8104145616571        40.76565668457120    
    48.50000000000000       0.1519377401522412E-03    66.24291764331623        4403.636020483877        293751.7920865329        263.5252954308227        39.82452832886755    
    49.50000000000000       0.2199972466831604E-03    67.41575282806657        4559.484557493701        309334.5352272230        263.2533546896188        38.88176802102249    
    50.50000000000000       0.3302001155158221E-03    68.51521714915816        4707.900087064518        324406.3582414705        262.9939461916225        37.93747183027394    
    51.50000000000000       0.5109989386655100E-03    69.53454183192916        4847.584238490593        338803.4380687533        262.7464687163624        36.99172937974315    
    52.50000000000000       0.8109475207389064E-03    70.47505756141835        4978.316516147240        352467.9572271028        262.5103624631226        36.04462439437080    
    53.50000000000000       0.1312687463666734E-02    71.34239727425594        5100.493021395303        365406.5129750649        262.2851058626029        35.09623519639062    
    54.50000000000000       0.2156641923359692E-02    72.14411420416386        5214.827159500983        377662.3210736937        262.0702126754022        34.14663515401914    
    55.50000000000000       0.3581152073545676E-02    72.88794154536834        5322.117737514074        389292.4197532755        261.8652293495023        33.19589308837295    
    56.50000000000000       0.5986840863653582E-02    73.58058520330856        5423.075954617199        400349.4289535593        261.6697326117938        32.24407364304068    
    57.50000000000000       0.1004464575216256E-01    74.22771967039291        5518.311606174972        410878.9857269624        261.4833272712684        31.29123762022690    
    58.50000000000000       0.1686209619339802E-01    74.83386785766041        5608.309306868632        420916.8146636728        261.3056442138056        30.33744228693746    
    59.50000000000000       0.2824993229669577E-01    75.40300349137827        5693.506528225855        430496.4417420393        261.1363385705501        29.38274165428465    
    60.50000000000000       0.4713073615029318E-01    75.93812534707304        5774.220888646312        439640.2247996235        260.9750880437205        28.42718673264688    
    61.50000000000000       0.7811738298699301E-01    76.44158826039896        5850.696461441936        448364.3790239232        260.8215913753451        27.47082576511496    
    62.50000000000000       0.1284150411947692        76.91564742890310        5923.178497706227        456686.7283463707        260.6755669458943        26.51370444139230    
    63.50000000000000       0.2089957036999146        77.36204042254572        5991.847968746860        464619.1080567249        260.5367514911055        25.55586609408249    
    64.50000000000000       0.3363169305512905        77.78236073393161        6056.874630033555        472173.0597152961        260.4048989264735        24.59735187909096    
    65.50000000000000       0.5343824606229040        78.17791619028898        6118.394454334065        479357.1978404253        260.2797792699411        23.63820094168681    
    66.50000000000000       0.8371033131648110        78.54969593888625        6176.502827519292        486176.2753448904        260.1611776542719        22.67845056960944    
    67.50000000000000        1.291495310964502        78.89907658130890        6231.362568378000        492643.6226495267        260.0488934214357        21.71813633446309    
    68.50000000000000        1.960060776493867        79.22696485624432        6283.069618800198        498765.3839236411        259.9427392920991        20.75729222251647    
    69.50000000000000        2.924364440128140        79.53443714532639        6331.751615017130        504551.9372812379        259.8425406039990        19.79595075591402    
    70.50000000000000        4.285666261188076        79.82213920370921        6377.472963690128        510006.6448869035        259.7481346135905        18.83414310520573    
    71.50000000000000        6.162866837270237        80.09077155258410        6420.311480852251        515134.9612534133        259.6593698559134        17.87189919401553    
    72.50000000000000        8.689974042082209        80.34109378734981        6460.357654435208        519944.1885501985        259.5761055581208        16.90924779659082    
    73.50000000000000        12.00515371142670        80.57362385560636        6497.667277377886        524437.8916132704        259.4982111025631        15.94621662890568    
    74.50000000000000        16.24697462056367        80.78923051615288        6532.355925091551        528627.2193850627        259.4255655357237        14.98283243392984    
    75.50000000000000        21.52490284588738        80.98847823590685        6564.493440526554        532518.1534722007        259.3580571196757        14.01912106162085    
    76.50000000000000        27.89936546501050        81.17191932529538        6594.150328008961        536117.0449921808        259.2955829230568        13.05510754414787    
    77.50000000000000        35.35873286577615        81.34000276569056        6621.382334542169        539428.6677566599        259.2380484488656        12.09081616681312    
    78.50000000000000        43.80759952055001        81.49333480615262        6646.272621164739        542461.3464001847        259.1853672966572        11.12627053509853    
    79.50000000000000        53.05084736700405        81.63235122770340        6668.878821117413        545220.5429882307        259.1374608569690        10.16149363823116    
    80.50000000000000        62.75475811297833        81.75730980400861        6689.231371841850        547708.5980058283        259.0942580360359        9.196507909631062    
    81.50000000000000        72.48560283406563        81.86854463891268        6707.374295168926        549929.6413802450        259.0556950090689        8.231335284578984    
    82.50000000000000        81.75129007615767        81.96623972346462        6723.328445107595        551885.1219420588        259.0217150005643        7.265997255417423    
    83.50000000000000        90.01808182545089        82.05039067964927        6737.085352512272        553573.0624094203        258.9922680902939        6.300514924578652    
    84.50000000000000        96.71275528127273        82.12132154087412        6748.691537091580        554998.3889632641        258.9673110437913        5.334909055715365    
    85.50000000000000        101.3856509346503        82.17898615614524        6758.133725380572        556158.7767310011        258.9468071663111        4.369200123193886    
    86.50000000000000        103.7122549447762        82.22317665913539        6765.373160021466        557048.8871416620        258.9307261793835        3.403408360197089    
    87.50000000000000        103.4776718619326        82.25408740279940        6770.438207284159        557671.7839772798        258.9190441192246        2.437553805673008    
    88.50000000000000        100.7082392112229        82.27152472969009        6773.294388993296        558022.8916389279        258.9117432564015        1.471656350355636    
    89.50000000000000        95.61208492466064        82.27520537217772        6773.893798276787        558096.1399971138        258.9088120362726       0.5057357820774194    
    90.50000000000000        88.52414586336538        82.26527454692918        6772.260002507484        557894.4014785923        258.9102450398524      -0.4601881694126774    
    91.50000000000000        79.95464959260616        82.24134198515981        6768.329432827853        557409.9054230410        258.9160429648658       -1.426095787915846    
    92.50000000000000        70.44778901558668        82.20295579301153        6762.029558512500        556633.9168570784        258.9262126268792       -2.391967326327155    
    93.50000000000000        60.54698676246515        82.15010550174708        6753.361787250151        555566.9915310330        258.9407669805098       -3.357782962049250    
    94.50000000000000        50.78787681245625        82.08223905001606        6742.239861501457        554199.0363004502        258.9597251608321       -4.323522752068387    
    95.50000000000000        41.57362816277492        81.99906308530130        6728.621973913131        552525.6737017891        258.9831125452216       -5.289166587482247    
    96.50000000000000        33.22231671722390        81.90026488003858        6712.464219512838        550542.3935869758        259.0109608359898       -6.254694147264816    
    97.50000000000000        25.93119309948112        81.78520390948091        6693.670907469193        548238.5522943456        259.0433081642967       -7.220084851048063    
    98.50000000000000        19.77145966628146        81.65354810242161        6672.198974959777        545610.2185533647        259.0801992159444       -8.185317810692096    
    99.50000000000000        14.73646727690676        81.50474587855501        6647.971555804275        542649.5650333576        259.1216853797989       -9.150371780406363    
    100.5000000000000        10.74171602320100        81.33824409627323        6620.913600529017        539349.2199812670        259.1678249197169       -10.11522510517263    
    101.5000000000000        7.661585845748061        81.15361459153208        6590.973547532718        535705.0521035225        259.2186831710118       -11.07985566720752    
    102.5000000000000        5.351909295628376        80.95016886103106        6558.060100996237        531708.3760061816        259.2743327626414       -12.04424083018612    
    103.5000000000000        3.663508697859456        80.72749594867727        6522.129443605262        527356.5528524154        259.3348538664737       -13.00835738093022    
    104.5000000000000        2.459991420204858        80.48492535085728        6483.099485222287        522642.7203897415        259.4003344751663       -13.97218146824387    
    105.5000000000000        1.621576440442965        80.22208667265549        6440.941425300388        517567.0219922754        259.4708707103873       -14.93568853855540    
    106.5000000000000        1.050645217546579        79.93825261940557        6395.571546127590        512123.2075734999        259.5465671633207       -15.89885326799757    
    107.5000000000000       0.6698057469319256        79.63266657197399        6346.905989601155        506305.4966519060        259.6275372696263       -16.86164949052773    
    108.5000000000000       0.4206602537017538        79.30445370842183        6294.846619227988        500106.8706923001        259.7139037212771       -17.82405012165511    
    109.5000000000000       0.2606245703456728        78.95266731553842        6239.289855014337        493520.2847043282        259.8057989179695       -18.78602707730333    
    110.5000000000000       0.1595348686215222        78.57629758514283        6180.127660903822        486538.7071628987        259.9033654611042       -19.74755118729343    
    111.5000000000000       0.9664290794892400E-01    78.17415772173430        6117.232681295736        479153.7109862003        260.0067566936698       -20.70859210288272    
    112.5000000000000       0.5803803929842010E-01    77.74506609765132        6050.487530731099        471358.9559893681        260.1161372897195       -21.66911819774013    
    113.5000000000000       0.3461808836742350E-01    77.28706284778613        5979.661941374402        463135.6648888114        260.2316838975434       -22.62909646167648    
    114.5000000000000       0.2055250958331251E-01    76.79838850701258        5904.571851701290        454471.9667060350        260.3535858410785       -23.58849238637836    
    115.5000000000000       0.1217409573162267E-01    76.27633842403266        5824.900421389496        445341.7844208717        260.4820458845964       -24.54726984231554    
    116.5000000000000       0.7213125198168426E-02    75.71809064109428        5740.335847615596        435721.8969740279        260.6172810662555       -25.50539094590374    
    117.5000000000000       0.4287397443799682E-02    75.11989950280864        5650.450809205557        425578.2461015951        260.7595236067152       -26.46281591590453    
    118.5000000000000       0.2564695720534118E-02    74.47674727977744        5554.655606448963        414861.0695027589        260.9090218996848       -27.41950291793241    
    119.5000000000000       0.1549821108542130E-02    73.78283270319369        5452.283961143678        403515.7763450200        261.0660415920358       -28.37540789581165    
    120.5000000000000       0.9500323444360969E-03    73.03179111851992        5342.636568890421        391488.7747249496        261.2308667619437       -29.33048438838284    
    121.5000000000000       0.5935331716466492E-03    72.21638111892565        5224.931989485748        378721.3202482660        261.4038012044629       -30.28468333019768    
    122.5000000000000       0.3798955243350783E-03    71.32945647006468        5098.447822077256        365164.6492397610        261.5851698349824       -31.23795283435629    
    123.5000000000000       0.2505032403591687E-03    70.36757374567878        4963.033467403385        350834.5915923908        261.7753202221729       -32.19023795553532    
    124.5000000000000       0.1711174848805201E-03    69.33333540210258        4819.396930974629        335837.1250033916        261.9746242633396       -33.14148043101928    
    125.5000000000000       0.1216812519674952E-03    68.23764601705309        4669.356189302362        320388.1529253562        262.1834800165456       -34.09161839728083    
    126.5000000000000       0.9039316389717717E-04    67.10068183089270        4515.899939139948        304812.6440641878        262.4023137054916       -35.04058607935207    
    127.5000000000000       0.7025799333564611E-04    65.94958137151613        4362.812347816232        289500.7845182447        262.6315819149521       -35.98831344988520    
    128.5000000000000       0.5709458073827719E-04    64.81338744451683        4213.958439458712        274833.1529991948        262.8717739965863       -36.93472585440610    
    129.5000000000000       0.4837540600508536E-04    63.71683903245240        4072.467443879953        261100.9031450961        263.1234147071964       -37.87974359881785    
    130.5000000000000       0.4255102965924498E-04    62.67579199500778        3940.181966201240        248457.1874471379        263.3870671040206       -38.82328149470018    
    131.5000000000000       0.3865934301573796E-04    61.69679806461066        3817.677322176490        236926.8206311246        263.6633357244412       -39.76524835736568    
    132.5000000000000       0.3609200099907917E-04    60.77856673714072        3704.512620964998        226436.8160201288        263.9528700805965       -40.70554645096733    
    133.5000000000000       0.3445858558570100E-04    59.91519806002381        3599.690130639106        216864.8887437696        264.2563685028252       -41.64407087418782    
    134.5000000000000       0.3350363402368879E-04    59.09882426755229        3502.010896133843        208075.0712752012        264.5745823696751       -42.58070887916571    
    135.5000000000000       0.3305644891313977E-04    58.32134827341760        3410.296580119023        199938.7181162853        264.9083207663964       -43.51533911531194    
    136.5000000000000       0.3300061046080560E-04    57.57553261858965        3323.520756222865        192346.1347727199        265.2584556184192       -44.44783078852113    
    137.5000000000000       0.3325446734225598E-04    56.85523500615794        3240.828438960451        185207.2901975506        265.6259273513021       -45.37804272496376    
    138.5000000000000       0.3375917134294109E-04    56.15550072514142        3161.538591058310        178451.0806078504        266.0117511340151       -46.30582232713479    
    139.5000000000000       0.3447082504017058E-04    55.47241818871749        3085.118777986391        172022.1762568428        266.4170237681541       -47.23100440810136    
    140.5000000000000       0.3535510984871386E-04    54.80294616777717        3011.157121584790        165877.7517537150        266.8429312917022       -48.15340988790541    
    141.5000000000000       0.3638403506576772E-04    54.14474836562752        2939.337919790985        159984.8147365406        267.2907573721438       -49.07284433380350    
    142.5000000000000       0.3753337187639595E-04    53.49603139796801        2869.418882930004        154317.8153656287        267.7618925699052       -49.98909632342517    
    143.5000000000000       0.3878062504291966E-04    52.85536697016282        2801.206813760332        148856.1759149913        268.2578445589536       -50.90193560696230    
    144.5000000000000       0.4010479173499688E-04    52.22168431450803        2734.555685727219        143583.9907646503        268.7802493965167       -51.81111104112443    
    145.5000000000000       0.4148516359989355E-04    51.59409571250030        2669.344077053337        138487.8596549792        269.3308839376747       -52.71634826376411    
    146.5000000000000       0.4290125017825855E-04    50.97193544509600        2605.478948281240        133557.1276506644        269.9116794921572       -53.61734707375447    
    147.5000000000000       0.4433223808376176E-04    50.35468036109133        2542.885712828750        128782.9585725984        270.5247368188441       -54.51377847585833    
    148.5000000000000       0.4575673124371344E-04    49.74189583150591        2481.501427201865        124157.6874347435        271.1723425465286       -55.40528134494984    
    149.5000000000000       0.4715288422913067E-04    49.13321900708263        2421.272949456961        119674.6597048275        271.8569870951524       -56.29145865804686    
    150.5000000000000       0.4849860506928352E-04    48.52835476192480        2362.155855957672        115328.0836993047        272.5813841468074       -57.17187323624690    
    151.5000000000000       0.4977214580769280E-04    47.92702483967634        2304.108710572964        111112.5442064231        273.3484916760497       -58.04604293195200    
    152.5000000000000       0.5095188337345279E-04    47.32900415679855        2247.096886352887        107023.2930425347        274.1615344887922       -58.91343518994824    
    153.5000000000000       0.5201749700516936E-04    46.73410722624878        2191.090738156834        103056.0761968350        275.0240281306125       -59.77346090435599    
    154.5000000000000       0.5294963009614966E-04    46.14217566540368        2136.064240447889        99207.01668147836        275.9398038987634       -60.62546748778066    
    155.5000000000000       0.5373088975138779E-04    45.55307074503586        2081.993856990741        95472.49573593945        276.9130345145262       -61.46873106508750    
    156.5000000000000       0.5434554055414285E-04    44.96666405795015        2028.857774625832        91849.10666146953        277.9482597672145       -62.30244770344492    
    157.5000000000000       0.5478084136485004E-04    44.38285893800236        1976.637551086356        88333.74030003214        279.0504111073559       -63.12572359458412    
    158.5000000000000       0.5502672351133693E-04    43.80157307098327        1925.316539159733        84923.47796880722        280.2248337190443       -63.93756411738017    
    159.5000000000000       0.5507637277121342E-04    43.22276412512247        1874.881974562996        81615.71502160482        281.4773040105505       -64.73686173273001    
    160.5000000000000       0.5492595385504211E-04    42.64638320120403        1825.320756619690        78407.87186125625        282.8140396954028       -65.52238270352274    
    161.5000000000000       0.5457500086499755E-04    42.07242511019138        1776.624000954230        75297.70283497355        284.2416986610380       -66.29275269722878    
    162.5000000000000       0.5402634521875658E-04    41.50091023236456        1728.785039811745        72283.13609367250        285.7673616135634       -67.04644142620894    
    163.5000000000000       0.5328588215232983E-04    40.93190415364595        1681.800982931505        69362.36557631308        287.3984920389915       -67.78174662228385    
    164.5000000000000       0.5236258483085241E-04    40.36548066762327        1635.669273416545        66533.61316154938        289.1428653661713       -68.49677784019286    
    165.5000000000000       0.5126825253661104E-04    39.80175046765868        1590.390002110228        63795.26971252454        291.0084574564077       -69.18944085278096    
    166.5000000000000       0.5001674841544514E-04    39.24086123422745        1545.965899676046        61145.89582514856        293.0032808935152       -69.85742375081053    
    167.5000000000000       0.4862387026074064E-04    38.68296310231855        1502.399094053986        58583.99879119451        295.1351563868820       -70.49818629770017    
    168.5000000000000       0.4710714451385551E-04    38.12823424310762        1459.693199380026        56108.16450502235        297.4114065362760       -71.10895460611572    
    169.5000000000000       0.4548483516174167E-04    37.57687793831129        1417.853073048648        53717.04528705806        299.8384611166847       -71.68672376658627    
    170.5000000000000       0.4377587940973233E-04    37.02908229335063        1376.881339677255        51409.14021994024        302.4213680547048       -72.22827159717316    
    171.5000000000000       0.4199898506753133E-04    36.48506680842349        1336.782205391070        49183.03314735438        305.1632136312551       -72.73018707376066    
    172.5000000000000       0.4017290658084192E-04    35.94504717443365        1297.558750490453        47037.24002656932        308.0644701758550       -73.18891705700635    
    173.5000000000000       0.3831564604135887E-04    35.40924384126630        1259.213692362733        44970.26155797145        311.1223097851162       -73.60083441457003    
    174.5000000000000       0.3644384617262988E-04    34.87785823841757        1221.747544389669        42980.47697927478        314.3299468628815       -73.96232929133593    
    175.5000000000000       0.3457317682314277E-04    34.35103128165339        1185.155996587074        41066.02590776009        317.6760964260642       -74.26992292044903    
    176.5000000000000       0.3271749403038792E-04    33.82901136384453        1149.441840786668        39225.44314738869        321.1446521209346       -74.52040000475671    
    177.5000000000000       0.3088905993601558E-04    33.31195600769168        1114.601050086804        37456.92652330086        324.7146887555305       -74.71095167634030    
    178.5000000000000       0.2909853261235681E-04    32.80013273586278        1080.636568352239        35759.04784380236        328.3608707091082       -74.83931711591306    
    179.5000000000000       0.2735482481204713E-04    32.29375235524701        1047.546541949654        34130.13038389403        332.0542968066361       -74.90390916832453    
    180.5000000000000       0.2566622527714972E-04    31.79311618767677        1015.334113526011        32568.74410317458        335.7637403273628       -74.90390884409165    
    181.5000000000000       0.2403871203106625E-04    31.29848899290214        983.9991885374386        31073.30702023890        339.4571661053322       -74.83931614736051    
    182.5000000000000       0.2247739563617821E-04    30.81014645506255        953.5411052797032        29642.19979372435        343.1033474358207       -74.71095007564514    
    183.5000000000000       0.2098604359492245E-04    30.32833106774874        923.9561130088950        28273.66467581885        346.6733831738901       -74.52039779138197    
    184.5000000000000       0.1956712419034298E-04    29.85324787233804        895.2375688044145        26965.83828790507        350.1419377394687       -74.26992012001678    
    185.5000000000000       0.1822243638960508E-04    29.38508876759731        867.3775050973724        25716.82988039462        353.4880859875483       -73.96232593426315    
    186.5000000000000       0.1695201970419991E-04    28.92400619251318        840.3653393707701        24524.67503637453        356.6957216133083       -73.60083053462020    
    187.5000000000000       0.1575557072782702E-04    28.47014769278291        814.1900793237508        23387.44095034887        359.7535596808070       -73.18891268989363    
    188.5000000000000       0.1463177299455300E-04    28.02364335190790        788.8395319822456        22303.18724002775        2.654824654437377       -72.73018225590667    
    189.5000000000000       0.1357879866550527E-04    27.58459716874822        764.3000662481288        21269.96644197690        5.396668631453817       -72.22826636467630    
    190.5000000000000       0.1259459341596711E-04    27.15313952390482        740.5594012606296        20285.93302631525        7.979573988899250       -71.68671815442482    
    191.5000000000000       0.1167664024517361E-04    26.72938205470227        717.6041645890726        19349.24395418034        10.40662703051521       -71.10894864757664    
    192.5000000000000       0.1082199120549906E-04    26.31343315214286        695.4208330400533        18458.09980043649        12.68287569950318       -70.49818002400863    
    193.5000000000000       0.1002770047873508E-04    25.90539349488478        673.9953774223490        17610.72480582101        14.81474978208600       -69.85741719092485    
    194.5000000000000       0.9290733418397840E-05    25.50533900219195        653.3124782916010        16805.33994164795        16.80957188484402       -69.18943403331609    
    195.5000000000000       0.8607888580186021E-05    25.11336134969623        633.3577988851559        16040.25708303948        18.67516272048145       -68.49677078543887    
    196.5000000000000       0.7975956601111517E-05    24.72950665626453        614.1147239480716        15313.74710292403        20.41953487347092       -67.78173935428975    
    197.5000000000000       0.7391732105240044E-05    24.35381340689317        595.5665235280967        14624.13059901934        22.05066420383199       -67.04643396490876    
    198.5000000000000       0.6852204099164892E-05    23.98634965049821        577.6982125614848        13969.84568366770        23.57632613776985       -66.29274506059137    
    199.5000000000000       0.6354330087988785E-05    23.62710733190424        560.4913388750604        13349.25314553295        25.00398415775835       -65.52237490771270    
    200.5000000000000       0.5895172333512234E-05    23.27610154289133        543.9289787085665        12760.82286353398        26.34071896582541       -64.73685379227014    
    201.5000000000000       0.5471921351073904E-05    22.93331607906951        527.9931122696362        12203.03693603449        27.59318844505315       -63.93755604530926    
    202.5000000000000       0.5081940404155844E-05    22.59872163459873        512.6655606858432        11674.42356622581        28.76761030453227       -63.12571540260635    
    203.5000000000000       0.4722717768789604E-05    22.27227712585028        497.9280809290660        11173.55901094513        29.86976094814785       -62.30243940206875    
    204.5000000000000       0.4391881817708145E-05    21.95392945607141        483.7623700511333        10699.06633968162        30.90498555575159       -61.46872266375271    
    205.5000000000000       0.4087206703273961E-05    21.64360399300393        470.1497729747514        10249.60805614838        31.87821557383134       -60.62545899497388    
    206.5000000000000       0.3806617815913245E-05    21.34123080148391        457.0724023149344        9823.919353668538        32.79399078789742       -59.77345232771446    
    207.5000000000000       0.3548212102507700E-05    21.04671509937345        444.5116964993204        9420.753756097836        33.65648391568154       -58.91342653635278    
    208.5000000000000       0.3310180757676644E-05    20.75995078893287        432.4493431192651        9038.922284351918        34.46952625114543       -58.04603420760990    
    209.5000000000000       0.3090865025838601E-05    20.48083049292467        420.8675179183264        8677.292708774261        35.23663333683017       -57.17186444676565    
    210.5000000000000       0.2888756358167318E-05    20.20924723287221        409.7490139699595        8334.793680827373        35.96102997585800       -56.29144980849939    
    211.5000000000000       0.2702438264601855E-05    19.94509338725860        399.0772114576833        8010.412003432657        36.64567414022746       -55.40527243993249    
    212.5000000000000       0.2530616819211409E-05    19.68824249017530        388.8352681549794        7703.163929978220        37.29327950969072       -54.51376951954203    
    213.5000000000000       0.2372105135778800E-05    19.43857314081889        379.0070990624217        7412.123454245907        37.90633650205332       -53.61733806993008    
    214.5000000000000       0.2225799147137831E-05    19.19596028807344        369.5771052148540        7136.415050024445        38.48713174415914       -52.71633921588251    
    215.5000000000000       0.2090705737168290E-05    18.96027299932308        360.5299153269259        6875.198901982206        39.03776599311056       -51.81110195233200    
    216.5000000000000       0.1965903145278235E-05    18.73139019471128        351.8511634675044        6627.697455907539        39.56017055701730       -50.90192648013235    
    217.5000000000000       0.1850556510796322E-05    18.50919055915275        343.5269144724251        6393.171468059166        40.05612228948275       -49.98908716118579    
    218.5000000000000       0.1743891027917230E-05    18.29354371443923        335.5434046757056        6170.913840872725        40.52725724638827       -49.07283513856233    
    219.5000000000000       0.1645202317439483E-05    18.08432760457697        327.8876704177840        5960.265181586305        40.97508310047315       -48.15340066187151    
    220.5000000000000       0.1553846968008665E-05    17.88141300774900        320.5469329688632        5760.594388853813        41.40099041104335       -47.23099515330475    
    221.5000000000000       0.1469234782040672E-05    17.68467227658945        313.5089191717367        5571.306440962030        41.80626284456047       -46.30581304544380    
    222.5000000000000       0.1390822674739999E-05    17.49398367430111        306.7620047015754        5391.844823582599        42.19208643807289       -45.37803341810051    
    223.5000000000000       0.1318114912883776E-05    17.30922665451040        300.2950155056686        5221.684430526770        42.55955799232183       -44.44782145807534    
    224.5000000000000       0.1250657337266651E-05    17.13027746886056        294.0970618275754        5060.325982996555        42.90969267549526       -43.51532976275325    
    225.5000000000000       0.1188042388459493E-05    16.95701277693471        288.1576530966477        4907.297900348658        43.24343091243528       -42.58069950585475    
    226.5000000000000       0.1129885354479145E-05    16.78931132330569        282.4667250237819        4762.155382214710        43.56164462791495       -41.64406148138609    
    227.5000000000000       0.1075838368965177E-05    16.62705746229669        277.0147600441189        4624.482821999509        43.86514290658155       -40.70553703984608    
    228.5000000000000       0.1025584498663538E-05    16.47013641138108        271.7926023263590        4493.887818410820        44.15467712642899       -39.76523892901392    
    229.5000000000000       0.9788311484723565E-06    16.31843880209546        266.7915966382928        4370.003661824720        44.43094561728616       -38.82327205013184    
    230.5000000000000       0.9353169427340978E-06    16.17185519594599        262.0033825701748        4252.483028760505        44.69459789082228       -37.87973413897821    
    231.5000000000000       0.8947926355149342E-06    16.03027290308611        257.4197849094447        4140.994642599864        44.94623848398727       -36.93471638017775    
    232.5000000000000       0.8570350304901025E-06    15.89358819403427        253.0332015872433        4035.232036088892        45.18643045362010       -35.98830396209329    
    233.5000000000000       0.8218449733743931E-06    15.76170287675840        248.8364567854248        3934.908610513934        45.41569855615426       -35.04057657876892    
    234.5000000000000       0.7890318751120531E-06    15.63452025042463        244.8226793605978        3839.754526593350        45.63453214290772       -34.09160888463048    
    235.5000000000000       0.7584233033496613E-06    15.51194393629247        240.9852348823315        3749.513940285147        45.84338779833931       -33.14147090698147    
    236.5000000000000       0.7298584308818392E-06    15.39387696595636        237.3176976970399        3663.944009264372        46.04269174585706       -32.19022842074872    
    237.5000000000000       0.7031878526181572E-06    15.28022545745604        233.8139607001521        3582.817044908913        46.23284204325196       -31.23794328942214    
    238.5000000000000       0.6782930837191783E-06    15.17090960835448        230.4685438859259        3505.926608045432        46.41421058757669       -30.28467377568265    
    239.5000000000000       0.6550470265992070E-06    15.06584047354455        227.2758760634117        3433.070575147271        46.58714494726696       -29.33047482482157    
    240.5000000000000       0.6333344682774575E-06    14.96493425658712        224.2307275879395        3364.060714311521        46.75197003749260       -28.37539832370942    
    241.5000000000000       0.6130556088799763E-06    14.86811677916639        221.3283337334986        3298.724992221557        46.90898965310381       -27.41949333776743    
    242.5000000000000       0.5941145189343535E-06    14.77531171023720        218.5640264915349        3236.898729445547        47.05848787208512       -26.46280632812982    
    243.5000000000000       0.5764184444646576E-06    14.68644142759306        215.9332613064332        3178.425028009123        47.20073034112941       -25.50538135094921    
    244.5000000000000       0.5598959889341457E-06    14.60143887429588        213.4319415938849        3123.161188022278        47.33596545377875       -24.54726024058981    
    245.5000000000000       0.5444732755495187E-06    14.52023659835740        211.0561005939796        3070.971638414122        47.46442543053559       -23.58848277827014    
    246.5000000000000       0.5300857650898411E-06    14.44277378805440        208.8021005733432        3021.732017744607        47.58632730941100       -22.62908684755626    
    247.5000000000000       0.5166731468753499E-06    14.36899319803886        206.6665339579859        2975.326670988250        47.70187385453778       -21.66910857796157    
    248.5000000000000       0.5041750229386556E-06    14.29883972033732        204.6461773769374        2931.647424410572        47.81125438972228       -20.70858247778378    
    249.5000000000000       0.4925397328081411E-06    14.23225443726817        202.7377981763879        2890.588790023705        47.91464556313122       -19.74754155719768    
    250.5000000000000       0.4817181288281191E-06    14.16918073702332        200.9383375321520        2852.051989852142        48.01221204870131       -18.78601744252108    
    251.5000000000000       0.4716624940933177E-06    14.10956300223970        199.2448710884186        2815.943979217078        48.10410718931033       -17.82404048248428    
    252.5000000000000       0.4623390151750766E-06    14.05336237878013        197.6550515845970        2782.186680379077        48.19047358625451       -16.86163984725495    
    253.5000000000000       0.4537128876038406E-06    14.00054113968596        196.1666602630476        2750.707255313092        48.27144363913040       -15.89884362089908    
    254.5000000000000       0.4457488769122250E-06    13.95105834450910        194.7774701878416        2721.434822368766        48.34714003981602       -14.93567888789777    
    255.5000000000000       0.4384146327013121E-06    13.90487200986814        193.4853048560325        2694.301582602028        48.41767622388073       -13.97217181428487    
    256.5000000000000       0.4316783676032433E-06    13.86193737424059        192.2879873470987        2669.241650028091        48.48315678242184       -13.00834772391961    
    257.5000000000000       0.4255156517618200E-06    13.82222162800119        191.1837585215275        2646.199913750027        48.54367783702438       -12.04423117036622    
    258.5000000000000       0.4199019265998350E-06    13.78568811564556        190.1708216310401        2625.122144304614        48.59932738026593       -11.07984600481396    
    259.5000000000000       0.4148200695385526E-06    13.75231637847782        189.2479118748358        2605.967101134005        48.65018558393780       -10.11521544043501    
    260.5000000000000       0.4102503196383328E-06    13.72208008037873        188.4136667271698        2588.693019971488        48.69632507692345       -9.150362113548720    
    261.5000000000000       0.4061756899565168E-06    13.69495488051446        187.6668403638516        2573.261953022196        48.73781119446424       -8.185308141933595    
    262.5000000000000       0.4025819428230823E-06    13.67091798209665        187.0062926547852        2559.639550714736        48.77470220034733       -7.220075180603540    
    263.5000000000000       0.3994517222030201E-06    13.64994131082696        186.4307972661329        2547.790985046975        48.80704948337047       -6.254684475345196    
    264.5000000000000       0.3967772037499686E-06    13.63201389381071        185.9396664745919        2537.694020402430        48.83489772926961       -5.289156914295164    
    265.5000000000000       0.3945454359701301E-06    13.61711461743620        185.5319861583570        2529.322874683308        48.85828506913945       -4.323513077818682    
    266.5000000000000       0.3927586583233205E-06    13.60525249905811        185.2077412416022        2522.671806398958        48.87724320522804       -3.357773286939298    
    267.5000000000000       0.3914036198520834E-06    13.59640723276410        184.9661547764609        2517.720283943167        48.89179751484763       -2.391957650557508    
    268.5000000000000       0.3904750114976172E-06    13.59056971345667        184.8068140527190        2514.456456041643        48.90196713301076       -1.426086111685664    
    269.5000000000000       0.3899711873136302E-06    13.58773833004456        184.7295698164318        2512.875091812487        48.90776501427282      -0.4601784929200250    
    270.5000000000000       0.3898881646806513E-06    13.58790667007315        184.7341932852477        2512.970396850340        48.90919797413888       0.5057454586349336    
    271.5000000000000       0.3902262311587703E-06    13.59107595687954        184.8207216190437        2514.743211017163        48.90626671027272        1.471666026780454    
    272.5000000000000       0.3909927692630519E-06    13.59726115903294        184.9896279760912        2518.204560621693        48.89896580362730        2.437563481767323    
    273.5000000000000       0.3921859529207864E-06    13.60645994340277        185.2409586108527        2523.357664953544        48.88728369949953        3.403418035762216    
    274.5000000000000       0.3938066942657199E-06    13.61867362690604        185.5749146862258        2530.210064237419        48.87120266839430        4.369209798029847    
    275.5000000000000       0.3958614241753530E-06    13.63391252592426        185.9920016986081        2538.776758649845        48.85069874646504        5.334918729620579    
    276.5000000000000       0.3983582357173122E-06    13.65219107706855        186.4928970634027        2549.077524736626        48.82574165517791        6.300524597349280    
    277.5000000000000       0.4013050002400314E-06    13.67352278732806        187.0783089006831        2561.133964298197        48.79629469972291        7.266006926846940    
    278.5000000000000       0.4047059249921910E-06    13.69791403275531        187.7488030941841        2574.965900289428        48.76231464556741        8.231344954457830    
    279.5000000000000       0.4085794764101287E-06    13.72539464905292        188.5056594118148        2590.609373886565        48.72375157241526        9.196517577745958    
    280.5000000000000       0.4129391002591642E-06    13.75598675491956        189.3500057319285        2608.098627215484        48.68054870469334        10.16150330436461    
    281.5000000000000       0.4177992549763409E-06    13.78971360044909        190.2830641836796        2627.471263914059        48.63264221754095        11.12628019902846    
    282.5000000000000       0.4231742108301603E-06    13.82659667160424        191.3060705920918        2648.766594821406        48.57996101711895        12.09082582831210    
    283.5000000000000       0.4290816421973259E-06    13.86666373683252        192.4205058219956        2672.030660872887        48.52242649388803        13.05511720298255    
    284.5000000000000       0.4355462625655533E-06    13.90995218858194        193.6281923119729        2697.318359328865        48.45995224732388        14.01913071755152    
    285.5000000000000       0.4425911666983806E-06    13.95649366474599        194.9308610695319        2724.684332520590        48.39244378034232        14.98284208670958    
    286.5000000000000       0.4502458504283967E-06    14.00633008382430        196.3306122861553        2754.192940916978        48.31979816149471        15.94622627827969    
    287.5000000000000       0.4585379935130681E-06    14.05949843512787        197.8294861656357        2785.909228077094        48.24190365276393        16.90925744229587    
    288.5000000000000       0.4674951194493299E-06    14.11603617819365        199.4296200943662        2819.902406591596        48.15863930053909        17.87190883577894    
    289.5000000000000       0.4771516044070292E-06    14.17598878122601        201.1334654750618        2856.250596766051        48.06987448707110        18.83415274274465    
    290.5000000000000       0.4875479449379481E-06    14.23940477357720        202.9436524106928        2895.038127574854        47.97546843940888        19.79596038893467    
    291.5000000000000       0.4987238763556738E-06    14.30633385439137        204.8629449752407        2936.354854079359        47.87526969248223        20.75730185071296    
    292.5000000000000       0.5107171879540275E-06    14.37682050576124        206.8940516571135        2980.292016002194        47.76911550263009        21.71814595751653    
    293.5000000000000       0.5235782638264769E-06    14.45092431965550        209.0402273183432        3026.955706694249        47.65683120746664        22.67846018718696    
    294.5000000000000       0.5373585302102885E-06    14.52870292964343        211.3047828627919        3076.456403354602        47.53822952752839        23.63821055344018    
    295.5000000000000       0.5521110919938288E-06    14.61021147587694        213.6910693355800        3128.908716881588        47.41310980464698        24.59736148465542    
    296.5000000000000       0.5679019358375081E-06    14.69551814562572        216.2029452532545        3184.442056070419        47.28125717143932        25.55587569307549    
    297.5000000000000       0.5847961902270550E-06    14.78469167171387        218.8444235570949        3243.193299236586        47.14244164569207        26.51371403341188    
    298.5000000000000       0.6028640319275592E-06    14.87779741004044        221.6195471135430        3305.303976485192        46.99641714273337        27.47083534973813    
    299.5000000000000       0.6221844653050840E-06    14.97491022508665        224.5327949750180        3370.930028655715        46.84292039812271        28.42719630942814    
    300.5000000000000       0.6428405569318647E-06    15.07610252303636        227.5887220750085        3440.233824837879        46.68166979214059        29.38275122275381    
    301.5000000000000       0.6649252758037828E-06    15.18145161640987        230.7921923821575        3513.389892171180        46.51236406661156        30.33745184659768    
    302.5000000000000       0.6885366663823746E-06    15.29103874190073        234.1483611675604        3590.584988672868        46.33468092353613        31.29124717055261    
    303.5000000000000       0.7137823879516752E-06    15.40494628084209        237.6625971020526        3672.016708944999        46.14827549382470        32.24408318347493    
    304.5000000000000       0.7407822761943724E-06    15.52326209322957        241.3406291463395        3757.897439102049        45.95277866310509        33.19590261832477    
    305.5000000000000       0.7696641618308643E-06    15.64607532779390        245.1884237403152        3848.451928371834        45.74779524009784        34.14664467286078    
    306.5000000000000       0.8005625465078490E-06    15.77347717441252        249.2122244989863        3943.918902815204        45.53290195140165        35.09624470345413    
    307.5000000000000       0.8336289763152013E-06    15.90556495367334        253.4186936196670        4044.555033903515        45.30764524468324        36.04463388894455    
    308.5000000000000       0.8690302723783393E-06    16.04243714022548        257.8147581580917        4150.631707850425        45.07153888020146        36.99173886106809    
    309.5000000000000       0.9069398509572059E-06    16.18419206504243        262.4075879711240        4262.435356162155        44.82406128828772        37.93748129753921    
    310.5000000000000       0.9475510713893179E-06    16.33093578750389        267.2048656466498        4380.274792879122        44.56465266782801        38.88177747336058    
    311.5000000000000       0.9910733936435774E-06    16.48277583315762        272.2145943381767        4504.477254055314        44.29271179791866        39.82453776534934    
    312.5000000000000       0.1037735470298926E-05    16.63982287966697        277.4451710507128        4635.391136043172        44.00759253166837        40.76566610420004    
    313.5000000000000       0.1087785542841255E-05    16.80218914196282        282.9053399206804        4773.385527807394        43.70859993756262        41.70505936764090    
    314.5000000000000       0.1141493664047994E-05    16.96999096172047        288.6043079402399        4918.854425460915        43.39498604986664        42.64260670736168    
    315.5000000000000       0.1199153977229138E-05    17.14334471877928        294.5516094230839        5072.213977340707        43.06594518518990        43.57818880138431    
    316.5000000000000       0.1261085939954040E-05    17.32237147895948        300.7572921807182        5233.908619283196        42.72060877755030        44.51167702239431    
    317.5000000000000       0.1327638764021024E-05    17.50719437176265        307.2318402489924        5404.410155819359        42.35803967904532        45.44293251122185    
    318.5000000000000       0.1399188795472877E-05    17.69793176592423        313.9859493277617        5584.213020434368        41.97722586756420        46.37180514313854    
    319.5000000000000       0.1476144309241052E-05    17.89470383637613        321.0307589066569        5773.841199453762        41.57707349688042        47.29813237288511    
    320.5000000000000       0.1558955068599699E-05    18.09763565300083        328.3779979663202        5973.854018522892        41.15639921800744        48.22173794233521    
    321.5000000000000       0.1648100223094243E-05    18.30684875954260        336.0397050292697        6184.840183605858        40.71392169398274        49.14243043239242    
    322.5000000000000       0.1744102309148512E-05    18.52246844421670        344.0284927837808        6407.426037649375        40.24825222343657        50.06000163807580    
    323.5000000000000       0.1847532282623448E-05    18.74461308791764        352.3571798285471        6642.267159118220        39.75788438166867        50.97422474272244    
    324.5000000000000       0.1959001426055587E-05    18.97341619039298        361.0396142098348        6890.072636007966        39.24118258189430        51.88485226378195    
    325.5000000000000       0.2079177246731398E-05    19.20900878390105        370.0900908777075        7151.592136759112        38.69636945441015        52.79161373875138    
    326.5000000000000       0.2208782438275471E-05    19.45150985351911        379.5229198380722        7427.603099035778        38.12151193850659        53.69421311534731    
    327.5000000000000       0.2348594940236899E-05    19.70105066401326        389.3534330994338        7718.943121476699        37.51450598218992        54.59232580500528    
    328.5000000000000       0.2499460819181057E-05    19.95775837985380        399.5973548219853        8026.493523391696        36.87305974982598        55.48559535320427    
    329.5000000000000       0.2662283219261126E-05    20.22174742766681        410.2704124114397        8351.167696344066        36.19467524995455        56.37362967393837    
    330.5000000000000       0.2838029012210003E-05    20.49312866355077        421.3887641547088        8693.927631336404        35.47662831788329        57.25599678893894    
    331.5000000000000       0.3027737639631699E-05    20.77200804026756        432.9688993969951        9055.781181179185        34.71594692451002        58.13222000509900    
    332.5000000000000       0.3232511158764579E-05    21.05847814130436        445.0273048581549        9437.773825219439        33.90938783989792        59.00177245616398    
    333.5000000000000       0.3453540549586847E-05    21.35265008931975        457.5818659864850        9841.037117445312        33.05341176513659        59.86407092749051    
    334.5000000000000       0.3692032710124401E-05    21.65457229980569        470.6482387795013        10266.66850844675        32.14415716915336        60.71846887610167    
    335.5000000000000       0.3949327397690121E-05    21.96435694697655        484.2454863534506        10715.92258857894        31.17741324174320        61.56424855326308    
    336.5000000000000       0.4226813732109892E-05    22.28205279862268        498.3903654135619        11190.01987447847        30.14859261735909        62.40061213469035    
    337.5000000000000       0.4525931299482816E-05    22.60771345541987        513.1003633818773        11690.25051854122        29.05270485791090        63.22667176620813    
    338.5000000000000       0.4848169465948327E-05    22.94139715507574        528.3937115722605        12217.97767543258        27.88433213378922        64.04143844298298    
    339.5000000000000       0.5195110267373197E-05    23.28314114087063        544.2881884339275        12774.59797767022        26.63760914245084        64.84380966223908    
    340.5000000000000       0.5568356943862506E-05    23.63298053508760        560.8018931066352        13361.56625096071        25.30621008905989        65.63255582798404    
    341.5000000000000       0.5969520090697122E-05    23.99090508860986        577.9512681051184        13980.33067351473        23.88334656070698        66.40630544888495    
    342.5000000000000       0.6400215179671037E-05    24.35693834815608        595.7547797617232        14632.46290620602        22.36178138591909        67.16352926636921    
    343.5000000000000       0.6862086289144312E-05    24.73106424327203        614.2292482634223        15319.52215583733        20.73386509832544        67.90252359093508    
    344.5000000000000       0.7356836478970702E-05    25.11332765426729        633.3952168699087        16043.27282658599        18.99160339351738        68.62139332432493    
    345.5000000000000       0.7885605008587016E-05    25.50356281866130        653.2624632878742        16805.10549951698        17.12676588788865        69.31803541856756    
    346.5000000000000       0.8450469717989959E-05    25.90187066753238        673.8549954998823        17607.02398938713        15.13104834859432        69.99012388365921    
    347.5000000000000       0.9052155030730788E-05    26.30810167793043        695.1840063920245        18450.58301463439        12.99630197983503        70.63509791180911    
    348.5000000000000       0.9692124555221843E-05    26.72223639916983        717.2677109455708        19337.66820659271        10.71484369362460        71.25015523232520    
    349.5000000000000       0.1037103839020841E-04    27.14414370241546        740.1185078856431        20269.98485179157        8.279859635220166        71.83225341700295    
    350.5000000000000       0.1108998001376060E-04    27.57379208189128        763.7541312455368        21249.50149627195        5.685909348662356        72.37812245071305    
    351.5000000000000       0.1184848008795646E-04    28.01100171037771        788.1845046064135        22277.92775168736        2.929528461934204        72.88429233827162    
    352.5000000000000       0.1264731843875546E-04    28.45567459608231        813.4234912902369        23357.16386261527       0.9912435078503300E-02    73.34713964057188    
    353.5000000000000       0.1348518677984098E-04    28.90766089974958        839.4824276226617        24489.07045631865        356.9296323697903        73.76295636100463    
    354.5000000000000       0.1436127690262378E-04    29.36682247948465        866.3727154069727        25675.53808345637        353.6953777343367        74.12804325375659    
    355.5000000000000       0.1527488794190974E-04    29.83302564219619        894.1056217018941        26918.48514169321        350.3184837386061        74.43882717940131    
    356.5000000000000       0.1622266778971301E-04    30.30608131895399        922.6892754502621        28219.74891657206        346.8153320823500        74.69199857499115    
    357.5000000000000       0.1720293454315361E-04    30.78586652568728        952.1349148099753        29581.31986937955        343.2073606096557        74.88466078166358    
    358.5000000000000       0.1821190628633647E-04    31.27225945286670        982.4540380984166        31005.26058022663        339.5206516396324        75.01447868540244    
    359.5000000000000       0.1924575851044763E-04    31.76504746085750        1013.651955990833        32493.37307505964        335.7850527736823        75.07981106024842    
