 # author: MA Kubiak / Space Research Center PAS Warsaw Poland, contact: mkubiak@cbk.waw.pl                          
 # code version Program.keplerV_ellipt_V2      , Dates: calkV:20/04/2026  ; part_pr:20/04/2026                       
 # czas no T v_mas, kier.naplywu(dl, szer) macierz obrotu (ecl to helio), r, theta, phi(ecl,spher), V_detector(ecl,cart), IBEX_energy_channel
 #     2026.046350000000        0.1419110000000000E-01     7443.000000000000        -25.78400000689422         255.7450000000000         5.169000000000000        0.2459841265748581        0.9692738567985851         0.000000000000000       -0.9615244635393438        0.2440174711049008        0.1261989691358298        0.1223213615382913       -0.3104294319752456E-01    0.9920049496797150        0.9750100000000000         117.4415920000000       -0.2389500000000000E-01    -26.55100000000000        -13.69700000000000        0.4299999999999999E-01 00
 # routs_end= 150.00;    Maxwellian,    elliptOrb=Off                                                                                        
 # Numerical parameters: GridKl=10  GridKf=09  GridKV=05  epsV= 0.0000100  epssJon=.0010000                                                  
 # Numerical parameters: GridKl=10  GridKf=09  GridKV=05  epsV= 0.0000100  epssJon=.0010000; tessel128                                                                                                                                                                                                                                                                                                                                                                                                                                                                 
# Axis to the Sun: alpha_ecl= 293.4920000000000000 delta_Ecl= 0.0720000000000000 delta_Ax= 90.0000000000000000  repoint= 00129
 #  flag_atom: He                                                   
 #  flag_general:                                                   
 #                                                                  
 #                                                                  
  # Ly_a_Profil: zero                                               
  # flag_Itot: zero                                                 
 #  v_SW_Eqtr: speed3D.hybrid2026c_patched.dat                      
 #  n_SW_Eqtr: density3D.hybrid2026c_patched.dat                    
 #  phot_Eqtr: 0.8500000  phion_Helium_T12F107_2026c.dat            
 #  sigma_SW: p+He->H +He+, He + alpha (2 chnls);src:simuLosses.nb  
 #  flag_el:slow  swEqtrElectrons5.2026c.patched.dat                
 #  SW_lati: interpolation                                          
 #  phot_lati: analit pole-flattened after Pryor & Auchere          
 #
 #
 #
 #Spin  flux speed	speed^2 speed^3    long_ecl lat_ecl
   0.5000000000000000       0.6549988746451881E-02    33.47948838457992        1126.337562418533        38074.11788839952        195.2979467004232        89.49484022454794    
    1.500000000000000       0.7324506769851668E-02    34.06771604211899        1166.229511146410        40112.81741907720        200.7445419933860        88.49827088401224    
    2.500000000000000       0.8209976721058453E-02    34.66664317371760        1207.557298026202        42261.74713461659        201.8433869403916        87.49896156813972    
    3.500000000000000       0.9225049916218977E-02    35.27580920289065        1250.324399516370        44524.21135236598        202.3149787771610        86.49925792352778    
    4.500000000000000       0.1039193742222272E-01    35.89490897121969        1294.544844944623        46904.15805322345        202.5772336655670        85.49942271694616    
    5.500000000000000       0.1173755064288908E-01    36.52390572072220        1340.253419515869        49406.87535124183        202.7442964600019        84.49952769114083    
    6.500000000000000       0.1329386228193906E-01    37.16246401830111        1387.460957821876        52036.34328565372        202.8600922790825        83.49960045044027    
    7.500000000000000       0.1510044470262034E-01    37.81068262061766        1436.212441977223        54798.70069774762        202.9451248116408        82.49965387936680    
    8.500000000000000       0.1720400924138188E-01    38.46806304539956        1486.505304366892        57697.37677364587        203.0102505627501        81.49969479990121    
    9.500000000000000       0.1966293489080719E-01    39.13465845833911        1538.380357072080        60738.50847553444        203.0617554747436        80.49972716189620    
    10.50000000000000       0.2254741286857633E-01    39.81005944954564        1591.840689381450        63926.06106458423        203.1035311038611        79.49975341062371    
    11.50000000000000       0.2594476300861101E-01    40.49413913736667        1646.911670669759        67265.46319677542        203.1381155495319        78.49977514088955    
    12.50000000000000       0.2996240460370612E-01    41.18665119645812        1703.608081159247        70761.58253536442        203.1672347909615        77.49979343719814    
    13.50000000000000       0.3473324005833974E-01    41.88722822866497        1761.933407809156        74418.64536105914        203.1921034510212        76.49980906274277    
    14.50000000000000       0.4042402170172966E-01    42.59568915316267        1821.906000190464        78241.90759265052        203.2136011154443        75.49982257019799    
    15.50000000000000       0.4724246347944257E-01    43.31162058042755        1883.522427672684        82235.23532943416        203.2323804038190        74.49983436962582    
    16.50000000000000       0.5545122642361893E-01    44.03477135427200        1946.792688030738        86403.46838101439        203.2489357442330        73.49984477169070    
    17.50000000000000       0.6538085791139560E-01    44.76466089009828        2011.703802898626        90749.86717722034        203.2636485691991        72.49985401605781    
    18.50000000000000       0.7745414104258503E-01    45.50100108074736        2078.259066353739        95278.85436112538        203.2768178540828        71.49986229058180    
    19.50000000000000       0.9220847687317828E-01    46.24328020207717        2146.438670033158        99993.20325397699        203.2886812594605        70.49986974459117    
    20.50000000000000       0.1103377324349758        46.99112889456407        2216.234100918433        104896.4624717419        203.2994300856935        69.49987649828496    
    21.50000000000000       0.1327371675811714        47.74411456102361        2287.629126497564        109991.6244205247        203.3092200542714        68.49988264950692    
    22.50000000000000       0.1605693860683949        48.50177040601510        2360.601642732258        115281.1833305272        203.3181792142216        67.49988827871340    
    23.50000000000000       0.1953494304391858        49.26345274052644        2435.108302966179        120765.8736842366        203.3264138299223        66.49989345267292    
    24.50000000000000       0.2390692836972281        50.02856710372590        2511.107572891173        126446.4311703598        203.3340128270470        65.49989822725954    
    25.50000000000000       0.2943486971572439        50.79634476173882        2588.536041750122        132321.6804751151        203.3410511924358        64.49990264958927    
    26.50000000000000       0.3646677794949778        51.56619028047239        2667.344930016553        138391.4051770590        203.3475926042107        63.49990675967253    
    27.50000000000000       0.4546708628657989        52.33746331636040        2747.476870891917        144654.4728611985        203.3536914880681        62.49991059170620    
    28.50000000000000       0.5705432028190641        53.10918086398977        2828.833881590172        151106.2203598750        203.3593946406844        61.49991417509366    
    29.50000000000000       0.7206582375615532        53.88070045699197        2911.348457503606        157743.9799153612        203.3647425229541        60.49991753525740    
    30.50000000000000       0.9162770890260530        54.65100962930785        2994.908962113128        164561.1736586460        203.3697702988333        59.49992069429168    
    31.50000000000000        1.172702248377100        55.41921594188088        3079.411294481012        171551.3752548169        203.3745086763219        58.49992367149101    
    32.50000000000000        1.510843196086999        56.18452416964539        3164.756942417721        178708.1683678773        203.3789845931995        57.49992648378095    
    33.50000000000000        1.959174167260993        56.94587365208831        3250.812640534358        186021.7395488304        203.3832217799556        56.49992914607190    
    34.50000000000000        2.556945992857863        57.70237089195637        3337.457165924521        193482.6481626814        203.3872412248301        55.49993167155118    
    35.50000000000000        3.358133621827074        58.45303056054180        3424.554111906197        201079.6568764510        203.3910615602670        54.49993407192595    
    36.50000000000000        4.437161391727903        59.19693373557775        3511.969971595645        208801.2627014238        203.3946993858537        53.49993635762606    
    37.50000000000000        5.897275164829977        59.93315577983324        3599.564343459936        216634.6871576986        203.3981695396006        52.49993853797457    
    38.50000000000000        7.881518353509503        60.66082283684216        3687.198525971982        224566.7794715161        203.4014853269563        51.49994062133153    
    39.50000000000000        10.58846134095138        61.37901141263970        3774.722772571297        232582.7833581197        203.4046587150460        50.49994261521613    
    40.50000000000000        14.29413117665843        62.08688412690091        3861.993124352374        240667.8761590885        203.4077004981471        49.49994452641066    
    41.50000000000000        19.38185719087662        62.78354909600959        3948.854339207470        248805.5918820695        203.4106204392521        48.49994636104936    
    42.50000000000000        26.38434614993793        63.46829153898094        4035.169871316954        256980.7139332948        203.4134273916590        47.49994812469495    
    43.50000000000000        36.03983039476694        64.14033878648719        4120.792345690269        265176.4733577106        203.4161294038026        46.49994982240442    
    44.50000000000000        49.37192594064614        64.79912318061430        4205.597999154589        273377.9246237437        203.4187338099649        45.49995145878606    
    45.50000000000000        67.79324433355653        65.44399212412428        4289.449493449404        281568.3518773182        203.4212473090365        44.49995303804890    
    46.50000000000000        93.24901313429739        66.07446824012109        4372.230948541775        289732.8047954387        203.4236760331289        43.49995456404586    
    47.50000000000000        128.4074030438893        66.69013423942425        4453.833089858253        297856.6563753406        203.4260256075343        42.49995604031140    
    48.50000000000000        176.9091087964105        67.29060895708538        4534.150511016372        305925.3721345305        203.4283012032815        41.49995747009462    
    49.50000000000000        243.6961958690058        67.87558004468649        4613.086609816077        313925.0649825102        203.4305075833365        40.49995885638813    
    50.50000000000000        335.4305803952034        68.44477693899947        4690.550431283960        321842.2299646242        203.4326491433293        39.49996020195383    
    51.50000000000000        461.0268297840066        68.99796630789760        4766.456321732914        329663.7416400793        203.4347299475511        38.49996150934538    
    52.50000000000000        632.3213976998471        69.53497049575262        4840.726683106616        337377.1666088849        203.4367537608538        37.49996278092829    
    53.50000000000000        864.8790072458822        70.05563033974244        4913.286947635941        344970.2599530856        203.4387240769896        36.49996401889777    
    54.50000000000000        1178.950394814052        70.55979104140278        4984.063908106694        352430.8298167758        203.4406441438468        35.49996522529450    
    55.50000000000000        1600.603865256817        71.04737447187387        5052.996535965231        359747.9619060780        203.4425169859760        34.49996640201888    
    56.50000000000000        2162.968819147379        71.51835386895738        5120.032574321935        366911.6861824571        203.4443454247427        33.49996755084361    
    57.50000000000000        2907.603082038882        71.97271359940285        5185.122704911133        373912.3514079067        203.4461320963964        32.49996867342510    
    58.50000000000000        3885.860547861515        72.41050109705704        5248.228546775685        380741.5578992601        203.4478794683065        31.49996977131365    
    59.50000000000000        5160.193501312181        72.83180323905744        5309.319234374053        387391.7965501636        203.4495898535812        30.49997084596261    
    60.50000000000000        6805.162004049352        73.23665881802133        5368.358423803835        393855.0107823987        203.4512654242596        29.49997189873671    
    61.50000000000000        8908.070520260886        73.62517565813157        5425.321968401844        400124.6103184654        203.4529082232378        28.49997293091955    
    62.50000000000000        11568.91676724502        73.99750292205159        5480.193906271672        406195.0456370040        203.4545201750743        27.49997394372034    
    63.50000000000000        14899.27304191083        74.35376251806427        5532.955992706855        412060.6182795920        203.4561030957996        26.49997493828014    
    64.50000000000000        19020.22014955648        74.69411678789712        5583.598007864251        417716.6696847159        203.4576587018373        25.49997591567740    
    65.50000000000000        24058.33286246043        75.01870671472732        5632.108365794312        423158.5182282146        203.4591886181362        24.49997687693308    
    66.50000000000000        30140.56830768624        75.32771967233462        5678.484492227686        428382.6625004626        203.4606943855950        23.49997782301538    
    67.50000000000000        37386.87790885818        75.62133780173244        5722.724975216002        433385.8937861805        203.4621774678582        22.49997875484392    
    68.50000000000000        45901.48168689323        75.89978473296361        5764.836769941048        438166.1383255047        203.4636392575451        21.49997967329370    
    69.50000000000000        55762.84463162122        76.16330061940899        5804.831159846293        442721.9749273824        203.4650810819745        20.49998057919868    
    70.50000000000000        67012.24560167501        76.41211444489875        5842.719544593784        447052.1612263842        203.4665042084353        19.49998147335514    
    71.50000000000000        79642.51830223223        76.64646691553699        5878.516892085879        451156.0304169155        203.4679098490497        18.49998235652465    
    72.50000000000000        93587.82653406878        76.86660103279446        5912.240274130924        455033.3269708967        203.4692991652712        17.49998322943696    
    73.50000000000000        108714.8422351792        77.07276629438951        5943.909461706031        458684.2745240509        203.4706732720539        16.49998409279265    
    74.50000000000000        124816.9794095990        77.26520294855708        5973.544411855544        462109.2800408491        203.4720332417271        15.49998494726542    
    75.50000000000000        141613.7624197660        77.44415565263888        6001.167289881188        465309.1624074287        203.4733801076050        14.49998579350455    
    76.50000000000000        158752.8638507036        77.60985681397290        6026.799805498274        468284.8365329268        203.4747148673578        13.49998663213689    
    77.50000000000000        175819.7872800828        77.76252793649674        6050.463332215368        471037.3203903396        203.4760384861706        12.49998746376884    
    78.50000000000000        192352.8595416055        77.90239266412698        6072.180956262697        473567.9801898339        203.4773518997100        11.49998828898831    
    79.50000000000000        207862.0725952725        78.02965768107202        6091.974385152211        475878.1576547203        203.4786560169212        10.49998910836641    
    80.50000000000000        221853.2484249080        78.14451146481360        6109.863646481352        477969.1245091796        203.4799517226712        9.499989922459081    
    81.50000000000000        233853.1857071558        78.24711539995225        6125.865611237899        479841.9007526758        203.4812398802584        8.499990731808747    
    82.50000000000000        243436.9898409147        78.33760433941032        6139.994009836631        481497.2498557686        203.4825213338014        7.499991536945790    
    83.50000000000000        250253.4588650993        78.41609527347045        6152.260754040100        482935.8315857748        203.4837969105228        6.499992338389929    
    84.50000000000000        254046.5809809184        78.48267850383345        6162.674496152293        484158.0269835514        203.4850674229426        5.499993136651689    
    85.50000000000000        254671.6182539798        78.53742102339005        6171.241120417606        485163.9927221162        203.4863336709909        4.499993932233679    
    86.50000000000000        252103.4949520070        78.58035707221802        6177.962221872393        485953.4780966251        203.4875964440551        3.499994725631845    
    87.50000000000000        246440.2652936156        78.61149779880256        6182.836605070181        486526.0000502394        203.4888565229704        2.499995517336804    
    88.50000000000000        237896.1841070443        78.63082035797356        6185.858507013160        486880.6264545578        203.4901146819662        1.499996307835013    
    89.50000000000000        226787.2498523870        78.63826800764299        6187.017644871507        487015.9862821014        203.4913716905772       0.4999970976099461    
    90.50000000000000        213511.0499685569        78.63375105814401        6186.299377639628        486930.2901890497        203.4926283155307      -0.5000021128566513    
    91.50000000000000        198524.8030269314        78.61716898246904        6183.688214068547        486621.7482713406        203.4938853226193       -1.500001323083621    
    92.50000000000000        182318.5039380692        78.58840450827003        6179.166916025399        486088.4681193520        203.4951434785678       -2.500000532589259    
    93.50000000000000        165387.5044755655        78.54729517148378        6172.711996973150        485327.9198954352        203.4964035529065       -3.499999740890059    
    94.50000000000000        148206.4903628308        78.49365254159690        6164.296844659266        484337.3161851282        203.4976663198576       -4.499998947499568    
    95.50000000000000        131211.2130846546        78.42728870690418        6153.895966468127        483114.1217883682        203.4989325602471       -5.499998151927230    
    96.50000000000000        114781.2860466276        78.34799712098472        6141.481969573730        481655.6956659682        203.5002030634505       -6.499997353677065    
    97.50000000000000        99226.76435158691        78.25553678967100        6127.023170581268        479959.0192738243        203.5014786293840       -7.499996552246499    
    98.50000000000000        84783.54938671997        78.14966119457907        6110.488264765163        478021.2603992418        203.5027600705504       -8.499995747125030    
    99.50000000000000        71614.57212436543        78.03012315658540        6091.847083064356        475839.8595501495        203.5040482141534       -9.499994937792957    
    100.5000000000000        59812.11841440792        77.89665825960891        6071.068108279717        473412.2498379916        203.5053439042897       -10.49999412371993    
    101.5000000000000        49405.29188681147        77.74899915114918        6048.120847319620        470736.1489167347        203.5066480042327       -11.49999330436356    
    102.5000000000000        40370.75430451927        77.58688144486550        6022.976770774811        467809.6681764769        203.5079613988224       -12.49999247916793    
    103.5000000000000        32643.18034892558        77.41003173932572        5995.607470977307        464631.0968631785        203.5092849969732       -13.49999164756198    
    104.5000000000000        26126.71610660320        77.21818425952874        5965.987510551059        461199.2626121241        203.5106197343186       -14.49999080895783    
    105.5000000000000        20705.70350849160        77.01110308017408        5934.097893424224        457513.9335266759        203.5119665760068       -15.49998996274915    
    106.5000000000000        16254.27073294080        76.78851680526431        5899.915755269983        453574.5914296803        203.5133265196682       -16.49998910830910    
    107.5000000000000        12644.15083874797        76.55019798750540        5863.427065719183        449381.9518869320        203.5147005985734       -17.49998824498849    
    108.5000000000000        9750.831932820067        76.29591471474365        5824.618975280754        444937.0494722553        203.5160898850046       -18.49998737211365    
    109.5000000000000        7457.983714543792        76.02545340503193        5783.483431990056        440241.6625074390        203.5174954938649       -19.49998648898410    
    110.5000000000000        5660.239752407063        75.73860397624297        5740.014988261952        435298.0626213846        203.5189185865526       -20.49998559487014    
    111.5000000000000        4264.894849787402        75.43519266538048        5694.215736689052        430109.5642979484        203.5203603751303       -21.49998468901027    
    112.5000000000000        3192.094738680054        75.11503300772384        5646.087840052292        424679.6622844730        203.5218221268227       -22.49998377060831    
    113.5000000000000        2374.533687747555        74.77796495804277        5595.639637288768        419012.7384126295        203.5233051688795       -23.49998283883036    
    114.5000000000000        1756.600988918212        74.42386783444900        5542.887494944976        413114.2506707605        203.5248108938458       -24.49998189280153    
    115.5000000000000        1293.092388004683        74.05268891323908        5487.860077714014        406991.2020187451        203.5263407652858       -25.49998093160227    
    116.5000000000000        947.8091748933603        73.66433804091480        5430.582236487126        400650.2814769128        203.5278963240124       -26.49997995426457    
    117.5000000000000        692.1822945764197        73.25874772074805        5371.084280807084        394098.9278605931        203.5294791948818       -27.49997895976751    
    118.5000000000000        503.9833334660937        72.83593801925359        5309.411414022919        387346.3475432933        203.5310910942182       -28.49997794703277    
    119.5000000000000        366.1044777279058        72.39591944125294        5245.608622313649        380401.7415868483        203.5327338379449       -29.49997691491948    
    120.5000000000000        265.5101597875224        71.93877297054497        5179.733253587214        373275.7783887520        203.5344093505058       -30.49997586221849    
    121.5000000000000        192.3692263439056        71.46455889797947        5111.840830959645        365978.9281440343        203.5361196746730       -31.49997478764643    
    122.5000000000000        139.3315764643056        70.97332286667007        5041.986220977269        358521.6125695117        203.5378669823525       -32.49997368983874    
    123.5000000000000        100.9539345254668        70.46527037237782        4970.248246708441        350916.7986611896        203.5396535865090       -33.49997256734218    
    124.5000000000000        73.22245551021754        69.94062691563386        4896.709596996875        343177.8268459936        203.5414819543572       -34.49997141860668    
    125.5000000000000        53.19827446684751        69.39968893977947        4821.463364019498        335319.0219634169        203.5433547219800       -35.49997024197610    
    126.5000000000000        38.73921577290952        68.84273685998791        4744.600488454151        327354.3273021061        203.5452747105629       -36.49996903567786    
    127.5000000000000        28.29195943074463        68.27013687276555        4666.223986378775        319298.7934092614        203.5472449444622       -37.49996779781189    
    128.5000000000000        20.73423914196415        67.68236519225087        4586.451645471638        311168.7834469463        203.5492686713558       -38.49996652633774    
    129.5000000000000        15.25674592630542        67.07992633665799        4505.404023746946        302980.6524271765        203.5513493847682       -39.49996521906049    
    130.5000000000000        11.27734148287066        66.46343840345980        4423.216109980073        294751.9476720953        203.5534908493047       -40.49996387361494    
    131.5000000000000        8.377695531762313        65.83350937084283        4340.019084822383        286499.3997230157        203.5556971289887       -41.49996248744776    
    132.5000000000000        6.257407487825303        65.19075512806887        4255.942877480009        278239.2035387814        203.5579726191592       -42.49996105779744    
    133.5000000000000        4.700926226296751        64.53594344634983        4171.135488574119        269988.9766386500        203.5603220824654       -43.49995958167172    
    134.5000000000000        3.553324071236528        63.86981483511761        4085.737987118616        261765.1516921792        203.5627506895911       -44.49995805582203    
    135.5000000000000        2.703136361274612        63.19315340315302        3999.893742986445        253583.8929040245        203.5652640654515       -45.49995647671429    
    136.5000000000000        2.070027004885406        62.50673010981249        3913.740813140837        245460.3454486009        203.5678683417461       -46.49995484049612    
    137.5000000000000        1.596016841831179        61.81136279345368        3827.419274532974        237409.3236852469        203.5705702169141       -47.49995314295911    
    138.5000000000000        1.239097299123187        61.10790076876742        3741.069452373080        229445.1788362120        203.5733770247417       -48.49995137949553    
    139.5000000000000       0.9687529985998342        60.39714132332465        3654.820670971833        221580.6829522455        203.5762968131189       -49.49994954504910    
    140.5000000000000       0.7627497677539560        59.67999529751108        3568.812052723001        213829.0144425724        203.5793384347425       -50.49994763405792    
    141.5000000000000       0.6047920512112097        58.95731244860907        3483.171075513030        206201.7992039910        203.5825116519414       -51.49994564038847    
    142.5000000000000       0.4828986119173525        58.22990474592801        3398.016039971385        198709.3223482739        203.5858272582578       -52.49994355725946    
    143.5000000000000       0.3882440283829811        57.49858583817509        3313.460481416359        191360.9235626129        203.5892972200009       -53.49994137715275    
    144.5000000000000       0.3142641352942902        56.76407697692786        3229.602958315477        184164.1923945140        203.5929348417105       -54.49993909170936    
    145.5000000000000       0.2560746814478115        56.02711731863918        3146.540103546362        177126.1540029053        203.5967549603829       -55.49993669160759    
    146.5000000000000       0.2100140921822518        55.28844145362037        3064.364058839818        170253.0676632105        203.6007741744695       -56.49993416641898    
    147.5000000000000       0.1733240446244793        54.54872418693440        2983.156217298001        163549.9146401184        203.6050111151386       -57.49993150443798    
    148.5000000000000       0.1439162730401612        53.80859625787356        2902.989146273241        157020.5920372029        203.6094867691916       -58.49992869247908    
    149.5000000000000       0.1201989086184658        53.06855716674094        2823.917311793652        150667.1940019035        203.6142248654911       -59.49992571563398    
    150.5000000000000       0.1009582743199196        52.32921146084188        2746.003754168537        144492.2945755975        203.6192523399690       -60.49992255697939    
    151.5000000000000       0.8525668365921900E-01    51.59101440122510        2669.292263169923        138496.6716161312        203.6245998985180       -61.49991919722349    
    152.5000000000000       0.7237129541405056E-01    50.85455403196460        2593.838128391908        132681.8450478927        203.6303027026809       -62.49991561427508    
    153.5000000000000       0.6173811389288240E-01    50.12027250824605        2519.678236685779        127047.6760125438        203.6364012105747       -63.49991178271517    
    154.5000000000000       0.5291680742591880E-01    49.38862007453126        2446.847769315678        121593.7430987596        203.6429422156636       -64.49990767314442    
    155.5000000000000       0.4556013174706324E-01    48.66004982848822        2375.379774171174        116319.3296817408        203.6499801399078       -65.49990325137071    
    156.5000000000000       0.3939415424543941E-01    47.93491910924710        2305.295319698189        111222.6977454548        203.6575786570585       -66.49989847738910    
    157.5000000000000       0.3420135839083030E-01    47.21363430061607        2236.618216937313        106302.2247060521        203.6658127488103       -67.49989330409011    
    158.5000000000000       0.2980763182500279E-01    46.49651130543582        2169.361338673079        101555.4041724267        203.6747713347356       -68.49988767560737    
    159.5000000000000       0.2607333715691223E-01    45.78388536140190        2103.537829812311        96979.71533422252        203.6845606719255       -69.49988152518164    
    160.5000000000000       0.2288606188737186E-01    45.07607704522677        2039.157597136001        92572.36015318822        203.6953088006297       -70.49987477236762    
    161.5000000000000       0.2015431249830684E-01    44.37338160817027        1976.226558043856        88330.23431797321        203.7071714316693       -71.49986731933510    
    162.5000000000000       0.1780386188055823E-01    43.67609123621229        1914.748795574288        84250.09317430950        203.7203398523082       -72.49985904590160    
    163.5000000000000       0.1577390555207536E-01    42.98449731101361        1854.727079705705        80328.61724426228        203.7350517068636       -73.49984980275920    
    164.5000000000000       0.1401460348572416E-01    42.29891912467885        1796.165116390633        76562.54413162323        203.7516059502652       -74.49983940207925    
    165.5000000000000       0.1248458271840754E-01    41.61960808889981        1739.059173128966        72948.12613076610        203.7703839889806       -75.49982760422947    
    166.5000000000000       0.1114955375673910E-01    40.94680959365987        1683.404162739174        69481.58027380091        203.7918802173774       -76.49981409858832    
    167.5000000000000       0.9981193182408672E-02    40.28080361820462        1629.196305945879        66159.20885383298        203.8167472105966       -77.49979847515017    
    168.5000000000000       0.8955605056602231E-02    39.62186016903910        1576.430358243412        62977.29521004382        203.8458644945650       -78.49978018131654    
    169.5000000000000       0.8052837258842850E-02    38.97022980062541        1525.098267249769        59931.98309042144        203.8804466097273       -79.49975845399896    
    170.5000000000000       0.7256001227826124E-02    38.32613661332002        1475.188822119662        57019.27350545615        203.9222194184329       -80.49973220884195    
    171.5000000000000       0.6550999368713995E-02    37.68988459932822        1426.696374036588        54235.56794088014        203.9737208487573       -81.49969985125824    
    172.5000000000000       0.5925694991826789E-02    37.06167733690609        1379.606460986419        51576.80511904285        204.0388421951346       -82.49965893631060    
    173.5000000000000       0.5369742294192044E-02    36.44169311472086        1333.901769443904        49038.82031940224        204.1238689789032       -83.49960551468565    
    174.5000000000000       0.4874326904546830E-02    35.83014095803988        1289.567151166562        46617.67780422236        204.2396569823262       -84.49953276533131    
    175.5000000000000       0.4432049854328635E-02    35.22722314912220        1246.586105990334        44309.43100532793        204.4067085402733       -85.49942780547279    
    176.5000000000000       0.4036313822535162E-02    34.63312786692204        1204.940883836708        42110.16543537559        204.6689459058154       -86.49926303450344    
    177.5000000000000       0.3681589157273446E-02    34.04805750060227        1164.614260378582        40016.08021128984        205.1405066357306       -87.49896671925777    
    178.5000000000000       0.3363100175414246E-02    33.47225895184538        1125.591439303578        38023.57109779540        206.2392812695927       -88.49827612738008    
    179.5000000000000       0.3076822179369456E-02    32.90628550767766        1087.875464641233        36129.88535725624        211.6855769488486       -89.49484589628086    
    180.5000000000000       0.2818168742176185E-02    32.34673448750699        1051.210056533997        34319.78778921662        15.29859501172887       -89.49483598063495    
    181.5000000000000       0.2585214968796441E-02    31.79997039854853        1015.995961048928        32610.97328255151        20.74474707652146       -88.49826612098941    
    182.5000000000000       0.2374631690551851E-02    31.26225244864914        981.9402970472345        30985.82899282174        21.84350999273911       -87.49895670549948    
    183.5000000000000       0.2184052879928509E-02    30.73429324983105        949.0627937734941        29443.17447489521        22.31506748825649       -86.49925301871244    
    184.5000000000000       0.2011276287352218E-02    30.21613482051409        917.3354688001174        27979.38697570134        22.57730352200918       -85.49941778884489    
    185.5000000000000       0.1854437394191642E-02    29.70793903493432        886.7380654747342        26591.31449912179        22.74435440563839       -84.49952274827974    
    186.5000000000000       0.1711883995243547E-02    29.20963494337269        857.2358989387437        25275.22273056089        22.86014202117887       -83.49959549739035    
    187.5000000000000       0.1582145254071304E-02    28.72137536079601        828.8088907779805        24028.18055240199        22.94516856156941       -82.49964891886243    
    188.5000000000000       0.1463951403990082E-02    28.24314444583108        801.4268542026388        22846.88539093959        23.01028974528711       -81.49968983370786    
    189.5000000000000       0.1356116979156238E-02    27.77495326876485        775.0619206819936        21728.25201273792        23.06179106155617       -80.49972219121983    
    190.5000000000000       0.1257645146139916E-02    27.31678915675696        749.6853084285565        20669.25397758334        23.10356378721277       -79.49974843632474    
    191.5000000000000       0.1167633371533173E-02    26.86867712090364        725.2711725340017        19667.10003547282        23.13814584003406       -78.49977016360312    
    192.5000000000000       0.1085247249225689E-02    26.43052885423081        701.7878676116350        18718.84886681057        23.16726307601702       -77.49978845740658    
    193.5000000000000       0.1009787066282566E-02    26.00238894106483        679.2118416645949        17821.99555798871        23.19213003151519       -76.49980408082105    
    194.5000000000000       0.9405915400902662E-03    25.58416231639515        657.5126290438155        16973.84524303012        23.21362622972437       -75.49981758644323    
    195.5000000000000       0.8770841542283602E-03    25.17582569391077        636.6644051722444        16171.98394991949        23.23240424390597       -74.49982938427756    
    196.5000000000000       0.8187401274549712E-03    24.77727579132298        616.6378263410874        15413.94467083175        23.24895846709960       -73.49983978494487    
    197.5000000000000       0.7650868313011915E-03    24.38839909677441        597.4039730786799        14697.36957043974        23.26367030481311       -72.49984902807667    
    198.5000000000000       0.7157095615254248E-03    24.00914181134415        578.9378155459839        14020.13520575070        23.27683871126854       -71.49985730150127    
    199.5000000000000       0.6702301294025869E-03    23.63940816791375        561.2130558334135        13380.15138298213        23.28870133025231       -70.49986475452620    
    200.5000000000000       0.6283063409444640E-03    23.27910755351969        544.2043970903809        12775.43919044974        23.29944944862349       -69.49987150733372    
    201.5000000000000       0.5896196628350077E-03    22.92808309981732        527.8842032043450        12204.01041609591        23.30923877689035       -68.49987765775386    
    202.5000000000000       0.5538970011302739E-03    22.58624104088706        512.2287643868068        11664.09197913408        23.31819735505779       -67.49988328623169    
    203.5000000000000       0.5208794078713666E-03    22.25342574152124        497.2122119873918        11153.89964286275        23.32643144002282       -66.49988845952643    
    204.5000000000000       0.4903396409006819E-03    21.92952940797824        482.8118750150692        10671.83116128356        23.33402995120289       -65.49989323350430    
    205.5000000000000       0.4620703189239708E-03    21.61438796901317        469.0032066638630        10216.27739631092        23.34106787016701       -64.49989765527469    
    206.5000000000000       0.4358819007452074E-03    21.30787297313383        455.7642049737443        9785.778849066559        23.34760887056437       -63.49990176484248    
    207.5000000000000       0.4116038800484740E-03    21.00984950032089        443.0732699928968        9378.941607466502        23.35370737427122       -62.49990559639979    
    208.5000000000000       0.3890807137609087E-03    20.72014355465293        430.9079236069871        8994.397797482568        23.35941017468231       -61.49990917934583    
    209.5000000000000       0.3681679891280471E-03    20.43860606472347        419.2475718329457        8630.891954903946        23.36475772985675       -60.49991253909960    
    210.5000000000000       0.3487382349486415E-03    20.16506776115133        408.0714168024675        8287.206684093564        23.36978520128870       -59.49991569775229    
    211.5000000000000       0.3306713204467371E-03    19.89937770107355        397.3602648929053        7962.223422282683        23.37452329482992       -58.49991867459566    
    212.5000000000000       0.3138621051714516E-03    19.64136906030200        387.0949009856195        7654.862873089662        23.37899894637764       -57.49992148655298    
    213.5000000000000       0.2982094043632260E-03    19.39086535551909        377.2564843713075        7364.099583923770        23.38323588476460       -56.49992414853255    
    214.5000000000000       0.2836268831372969E-03    19.14773746654104        367.8287395858386        7089.022963456498        23.38725509676701       -55.49992667371983    
    215.5000000000000       0.2700312858763287E-03    18.91182222159480        358.7946332426962        6828.733346871601        23.39107521353118       -54.49992907382042    
    216.5000000000000       0.2573479065958628E-03    18.68296491223962        350.1380886383677        6582.392512968119        23.39471283348964       -53.49993135926271    
    217.5000000000000       0.2455088323831128E-03    18.46101992567409        341.8439604353057        6349.219697032023        23.39818279362220       -52.49993353936839    
    218.5000000000000       0.2344509725698657E-03    18.24583090995899        333.8972338965587        6128.465947268105        23.40149839845431       -51.49993562249647    
    219.5000000000000       0.2241169029286938E-03    18.03725024514476        326.2837710707960        5919.434283378229        23.40467161428263       -50.49993761616506    
    220.5000000000000       0.2144529537039806E-03    17.83512453874958        318.9897180610179        5721.460209565528        23.40771323463844       -49.49993952715544    
    221.5000000000000       0.2054115124323019E-03    17.63932081908511        312.0024941807991        5533.938770007984        23.41063302184083       -48.49994136160113    
    222.5000000000000       0.1969467511687607E-03    17.44968205682468        305.3090547911434        5356.272421808519        23.41343982857822       -47.49994312506404    
    223.5000000000000       0.1890184559100650E-03    17.26608275385452        298.8980010324171        5187.930330740081        23.41614170273283       -46.49994482260041    
    224.5000000000000       0.1815887049045564E-03    17.08838370466460        292.7578237842857        5028.396253254079        23.41874597808427       -45.49994645881799    
    225.5000000000000       0.1746223332661792E-03    16.91644739338997        286.8774924646020        4877.184668736082        23.42125935306565       -44.49994803792517    
    226.5000000000000       0.1680876624304108E-03    16.75014844486216        281.2468053543343        4733.848750978441        23.42368795937110       -43.49994956377435    
    227.5000000000000       0.1619552832449983E-03    16.58935738942900        275.8557620759522        4597.961493396210        23.42603742191111       -42.49995103989958    
    228.5000000000000       0.1561981667085038E-03    16.43394866478319        270.6948535089027        4469.123004138826        23.42831291136501       -41.49995246954946    
    229.5000000000000       0.1507912719141081E-03    16.28380049044897        265.7550319326250        4346.958414838662        23.43051919037831       -40.49995385571624    
    230.5000000000000       0.1457119670901641E-03    16.13879580094816        261.0277160446437        4231.116750314643        23.43266065428638       -39.49995520116137    
    231.5000000000000       0.1409391238293656E-03    15.99881903279248        256.5046693871465        4121.267012543957        23.43474136710948       -38.49995650843824    
    232.5000000000000       0.1364531161735300E-03    15.86375663563370        252.1780031228665        4017.097412030778        23.43676509345015       -37.49995777991207    
    233.5000000000000       0.1322359770522972E-03    15.73350011136471        248.0402601696264        3918.316602423644        23.43873532683017       -36.49995901777770    
    234.5000000000000       0.1282712563651811E-03    15.60794447422350        244.0843422008075        3824.650919293799        23.44065531492524       -35.49996022407560    
    235.5000000000000       0.1245433058794510E-03    15.48698379441614        240.3033616382175        3735.840349608997        23.44252808208941       -34.49996140070595    
    236.5000000000000       0.1210380500657347E-03    15.37052212159264        236.6909841770191        3651.646254069134        23.44435644950638       -33.49996254944114    
    237.5000000000000       0.1177423662785929E-03    15.25846678584798        233.2411900436637        3571.844712224888        23.44614305325713       -32.49996367193743    
    238.5000000000000       0.1146440233363002E-03    15.15072644584292        229.9481996639739        3496.224175836343        23.44789036055471       -31.49996476974493    
    239.5000000000000       0.1117317288622720E-03    15.04721347631826        226.8065401448872        3424.586579775710        23.44960068436260       -30.49996584431675    
    240.5000000000000       0.1089952109210322E-03    14.94784626604112        223.8111079644958        3356.748365281557        23.45127619658513       -29.49996689701750    
    241.5000000000000       0.1064248182835522E-03    14.85254413892195        220.9569943121912        3292.535788565551        23.45291893999344       -28.49996792913063    
    242.5000000000000       0.1040115701786745E-03    14.76122971471386        218.2395505502263        3231.786074981465        23.45453083903011       -27.49996894186516    
    243.5000000000000       0.1017473265691145E-03    14.67383197336438        215.6544773606211        3174.349186805567        23.45611370961743       -26.49996993636202    
    244.5000000000000       0.9962446071818022E-04    14.59028176142307        213.1976726470390        3120.083825622848        23.45766926807873       -25.49997091369961    
    245.5000000000000       0.9763569117271185E-04    14.51050885523943        210.8651346344534        3068.854897762848        23.45919913926921       -24.49997187489868    
    246.5000000000000       0.9577448555034348E-04    14.43444963391752        208.6531899626164        3020.538477418480        23.46070486400105       -23.49997282092734    
    247.5000000000000       0.9403478230946226E-04    14.36204414841757        206.5583979840732        2975.019352577835        23.46218790583772       -22.49997375270518    
    248.5000000000000       0.9241094094137072E-04    14.29323418671661        204.5774823574043        2932.189134480629        23.46364965732359       -21.49997467110700    
    249.5000000000000       0.9089749367521554E-04    14.22795939623085        202.7072092766857        2891.943293652523        23.46509144570775       -20.49997557696674    
    250.5000000000000       0.8948950351504140E-04    14.16616448880462        200.9446003237937        2854.185797085352        23.46651453821429       -19.49997647108061    
    251.5000000000000       0.8818265802408989E-04    14.10780052788242        199.2869642242210        2818.829591032056        23.46792014690535       -18.49997735421005    
    252.5000000000000       0.8697290622533792E-04    14.05281933273191        197.7317223575355        2785.792446799318        23.46930943317870       -17.49997822708477    
    253.5000000000000       0.8585645429504998E-04    14.00117472155110        196.2764414243351        2754.997532878391        23.47068351193703       -16.49997909040531    
    254.5000000000000       0.8482987587964210E-04    13.95282475279697        194.9188974456343        2726.374727786846        23.47204345546210       -15.49997994484526    
    255.5000000000000       0.8389013495640672E-04    13.90773247151283        193.6570933509599        2699.860860572167        23.47339029702408       -14.49998079105386    
    256.5000000000000       0.8303441315847808E-04    13.86586084234014        192.4891037689966        2675.396095002899        23.47472503425305       -13.49998162965796    
    257.5000000000000       0.8226006888669117E-04    13.82717386782161        191.4131064030375        2652.924549406111        23.47604863229702       -12.49998246126383    
    258.5000000000000       0.8156505623816459E-04    13.79164448644895        190.4276105894575        2632.399227003115        23.47736202678907       -11.49998328645938    
    259.5000000000000       0.8094731679023191E-04    13.75924358459829        189.5311299287948        2613.774657142949        23.47866612664349       -10.49998410581572    
    260.5000000000000       0.8040518371567258E-04    13.72994727637766        188.7223944203946        2597.011511095690        23.47996181669983       -9.499984919888684    
    261.5000000000000       0.7993717366910125E-04    13.70373447278577        188.0002770295467        2582.074912299917        23.48124996023152       -8.499985729220702    
    262.5000000000000       0.7954199997769286E-04    13.68058421260929        187.3637120169250        2568.932536361230        23.48253140133497       -7.499986534342156    
    263.5000000000000       0.7921856006382399E-04    13.66047729825249        186.8117417067728        2557.555599378421        23.48380696721364       -6.499987335772677    
    264.5000000000000       0.7896600436913871E-04    13.64339578120969        186.3435005559611        2547.918470569466        23.48507747037042       -5.499988134022797    
    265.5000000000000       0.7878369693320851E-04    13.62932506371206        185.9582737695385        2539.999885083551        23.48634371072120       -4.499988929595151    
    266.5000000000000       0.7867114785705294E-04    13.61825089631718        185.6554100993828        2533.781028877414        23.48760647764143       -3.499989722985596    
    267.5000000000000       0.7862826302667053E-04    13.61016685775466        185.4345369034876        2529.250174333219        23.48886655195700       -2.499990514684768    
    268.5000000000000       0.7865500495780524E-04    13.60506690238157        185.2953435397706        2526.397943094324        23.49012470789016       -1.499991305179159    
    269.5000000000000       0.7875136865090248E-04    13.60294303194167        185.2375133875133        2525.215810448692        23.49138171497103      -0.4999920949521594    
    270.5000000000000       0.7891767567324647E-04    13.60379271401284        185.2609376288140        2525.700729368669        23.49263833992462       0.5000071155144506    
    271.5000000000000       0.7915460063966640E-04    13.60762076574842        185.3657689462969        2527.856279462396        23.49389534854330        1.500006325739474    
    272.5000000000000       0.7944435117216559E-04    13.61443696917000        185.5523488331251        2531.691006070325        23.49515350755442        2.500005535241281    
    273.5000000000000       0.7984357766682324E-04    13.62422915409717        185.8204562725685        2537.202691987909        23.49641358649283        3.500004743536321    
    274.5000000000000       0.8029778915773898E-04    13.63702417026069        186.1710179304372        2544.414356521515        23.49767635958788        4.500003950138096    
    275.5000000000000       0.8082668079790921E-04    13.65282318203558        186.6042893688789        2553.335895611036        23.49894260767495        5.500003154556108    
    276.5000000000000       0.8143196339041863E-04    13.67164215613073        187.1210009645801        2563.988439716960        23.50021312014145        6.500002356294331    
    277.5000000000000       0.8211547788445301E-04    13.69349624940818        187.7219139562350        2576.394884997786        23.50148869691771        7.500001554850119    
    278.5000000000000       0.8287929276115309E-04    13.71840428638145        188.4079502863436        2590.582735278380        23.50277015052362        8.500000749713065    
    279.5000000000000       0.8372572251468672E-04    13.74638711889768        189.1801480834530        2606.583212015466        23.50405830818219        9.499999940363363    
    280.5000000000000       0.8465728634438369E-04    13.77746603510539        190.0396161931537        2624.430299384029        23.50535401401214        10.49999912627061    
    281.5000000000000       0.8567712767139993E-04    13.81167126297740        190.9877857438242        2644.166354731653        23.50665813131195        11.49999830689248    
    282.5000000000000       0.8678822472089946E-04    13.84902691033326        192.0259725647633        2665.832581469436        23.50797154494906        12.49999748167296    
    283.5000000000000       0.8799383886275701E-04    13.88956186694920        193.1556970380509        2689.476108523552        23.50929516386869        13.49999665004090    
    284.5000000000000       0.8929759993510501E-04    13.93330680378766        194.3785989415373        2715.148206156335        23.51062992373789        14.49999581140852    
    285.5000000000000       0.9070364581287056E-04    13.98029935413610        195.6965922559396        2742.907796790853        23.51197678974196        15.49999496516932    
    286.5000000000000       0.9221656908767752E-04    14.03057796724725        197.1116902318713        2772.817756836366        23.51333675955161        16.49999411069642    
    287.5000000000000       0.9384114338252424E-04    14.08418235592857        198.6260189972858        2804.945272511323        23.51471086648123        17.49999324734067    
    288.5000000000000       0.9558239914757539E-04    14.14115464600733        200.2418559598798        2839.362841816930        23.51610018286058        18.49999237442826    
    289.5000000000000       0.9744615113880775E-04    14.20154456678665        201.9617904293328        2876.152055807802        23.51750582364428        19.49999149125862    
    290.5000000000000       0.9943832074264803E-04    14.26539963877307        203.7884340866509        2915.397242563380        23.51892895028625        20.49999059710207    
    291.5000000000000       0.1015657874660007E-03    14.33277422653568        205.7246987733619        2957.191933287279        23.52037077490925        21.49998969119697    
    292.5000000000000       0.1038358061818726E-03    14.40372262565441        207.7735922881989        3001.634405013951        23.52183256480266        22.49998877274703    
    293.5000000000000       0.1062565847736696E-03    14.47830573520155        209.9384305900759        3048.832824155828        23.52331564728599        23.49998784091838    
    294.5000000000000       0.1088368183488237E-03    14.55658369866747        212.2226168338591        3098.900351054698        23.52482141497933        24.49998689483595    
    295.5000000000000       0.1115861437354284E-03    14.63862089650957        214.6298010679122        3151.959070090586        23.52635133152762        25.49998593358006    
    296.5000000000000       0.1145152194219555E-03    14.72448740728825        217.1639306265611        3208.141386763419        23.52790693783073        26.49998495618266    
    297.5000000000000       0.1176351039912487E-03    14.81425238267378        219.8290599115937        3267.586075328793        23.52948985883809        27.49998396162271    
    298.5000000000000       0.1209577577838237E-03    14.90798838694677        222.6294878502117        3330.441681224648        23.53110181097441        28.49998294882169    
    299.5000000000000       0.1244966010197793E-03    15.00577748574805        225.5699535464719        3396.871387792456        23.53274461027099        29.49998191663867    
    300.5000000000000       0.1282659679300797E-03    15.10770034206642        228.6553106882237        3467.045892565201        23.53442018128771        30.49998086386437    
    301.5000000000000       0.1322816366902025E-03    15.21384191549387        231.8907165596530        3541.148287536730        23.53613056692193        31.49997978921515    
    302.5000000000000       0.1365598068953900E-03    15.32427811381623        235.2812125667365        3619.364356126795        23.53787793921385        32.49997869132638    
    303.5000000000000       0.1411186010691306E-03    15.43909962736072        238.8324945026600        3701.901489840858        23.53966461127340        33.49997756874465    
    304.5000000000000       0.1459780209294576E-03    15.55840242076477        242.5506233692383        3788.982336625143        23.54149305047143        34.49997641991961    
    305.5000000000000       0.1511578555488566E-03    15.68227001666643        246.4414658113533        3880.831800304321        23.54336589305921        35.49997524319497    
    306.5000000000000       0.1566821928387874E-03    15.81081140999857        250.5119257348323        3977.707367119618        23.54528596040425        36.49997403679794    
    307.5000000000000       0.1625757107732943E-03    15.94412935625826        254.7689467544174        4079.875908758314        23.54725627705934        37.49997279882811    
    308.5000000000000       0.1688653339062336E-03    16.08232789878663        259.2197506520137        4187.619666690932        23.54928009091511        38.49997152724486    
    309.5000000000000       0.1755807153526130E-03    16.22552242587935        263.8722013536524        4301.246481620434        23.55136089572615        39.49997021985297    
    310.5000000000000       0.1827543958044417E-03    16.37383295038335        268.7345974852312        4421.085435101662        23.55350245634743        40.49996887428684    
    311.5000000000000       0.1904216779329263E-03    16.52738416426380        273.8156882702004        4547.488055501254        23.55570883707330        41.49996748799290    
    312.5000000000000       0.1986226850055616E-03    16.68631125799431        279.1248936311221        4680.835039121745        23.55798443353710        42.49996605820927    
    313.5000000000000       0.2073988618944747E-03    16.85072016415498        284.6709462841577        4821.501914525770        23.56033400870880        43.49996458194321    
    314.5000000000000       0.2167979707250876E-03    17.02077461087990        290.4649463287455        4969.940174890966        23.56276273362151        44.49996305594575    
    315.5000000000000       0.2268704058606002E-03    17.19657526564453        296.5161489662727        5126.567647943774        23.56527623357215        45.49996147668237    
    316.5000000000000       0.2376719079907520E-03    17.37827376977301        302.8359971536708        5291.876341063109        23.56788064067769        46.49995984030011    
    317.5000000000000       0.2492636816338353E-03    17.56600206007693        309.4356298887121        5466.367223615074        23.57058265383473        47.49995814259002    
    318.5000000000000       0.2617125699341891E-03    17.75990625290568        316.3271386514838        5650.586045782949        23.57338960733196        48.49995637894376    
    319.5000000000000       0.2750921438130963E-03    17.96013221322817        323.5230413055010        5845.109877240315        23.57630954961185        49.49995454430428    
    320.5000000000000       0.2894852236052270E-03    18.16683447701797        331.0366885615247        6050.561486963142        23.57935133398082        50.49995263310899    
    321.5000000000000       0.3049824214095059E-03    18.38018630088925        338.8825936425415        6267.618468823755        23.58252472344113        51.49995063922353    
    322.5000000000000       0.3216837743097224E-03    18.60034354198523        347.0752029606534        6496.983298281553        23.58584051228118        52.49994855586559    
    323.5000000000000       0.3396955077133351E-03    18.82746289204864        355.6294867973913        6739.398511884349        23.58931066763886        53.49994637551611    
    324.5000000000000       0.3591387029102244E-03    19.06170591917066        364.5612017526045        6995.658889320852        23.59294849497685        54.49994408981490    
    325.5000000000000       0.3801450547487479E-03    19.30323578872986        373.8867540674294        7266.608478356454        23.59676883232214        55.49994168943891    
    326.5000000000000       0.4028619480185358E-03    19.55220793254417        383.6228744593517        7553.133966277875        23.60078827928093        56.49993916395834    
    327.5000000000000       0.4274491900235786E-03    19.80878976683777        393.7874404451836        7856.192110275952        23.60502546831925        57.49993650166598    
    328.5000000000000       0.4540905778919704E-03    20.07316162272036        404.3995164733787        8176.812920834220        23.60950138770236        58.49993368937442    
    329.5000000000000       0.4829844978898489E-03    20.34545541589861        415.4768057922587        8516.021562352324        23.61423976794935        59.49993071217339    
    330.5000000000000       0.5143598117649503E-03    20.62590901006016        427.0423944461098        8875.062572495959        23.61926754687473        60.49992755313718    
    331.5000000000000       0.5484532464073041E-03    20.91459594209191        439.1128949541643        9255.010508020003        23.62461543251931        61.49992419297131    
    332.5000000000000       0.5855402711819363E-03    21.21171227983948        451.7110650603846        9657.189905356368        23.63031858888775        62.49992060958149    
    333.5000000000000       0.6259275781519884E-03    21.51742488072353        464.8592486460785        10082.96493539247        23.63641747693231        63.49991677754522    
    334.5000000000000       0.6699565376389765E-03    21.83190032944897        478.5805178599160        10533.77494299037        23.64295889339911        64.49991266745899    
    335.5000000000000       0.7180129582408657E-03    22.15529379084352        492.8983830619646        11011.13534879670        23.64999726406832        65.49990824512595    
    336.5000000000000       0.7705057569124113E-03    22.48768296987044        507.8334205972674        11516.51183897259        23.65759626716411        66.49990347053557    
    337.5000000000000       0.8279535740235239E-03    22.82937479028425        523.4180468774830        12051.85865723341        23.66583088965204        67.49989829657176    
    338.5000000000000       0.8908445055810143E-03    23.18034787492850        539.6699859218376        12618.67230201510        23.67479005736061        68.49989266736043    
    339.5000000000000       0.9598076182745137E-03    23.54081533893059        556.6189771880069        13218.94857440058        23.68458003486220        69.49988651613288    
    340.5000000000000       0.1035505528917458E-02    23.91089359321190        574.2910805007581        13854.62613260980        23.69532887142898        70.49987976243256    
    341.5000000000000       0.1118729143149359E-02    24.29079704316493        592.7183384020281        14527.95311811354        23.70719228886339        71.49987230841562    
    342.5000000000000       0.1210289884631498E-02    24.68046646824697        611.9196395065663        15240.74873333788        23.72036158793144        72.49986403388276    
    343.5000000000000       0.1311264160904389E-02    25.08030340963975        631.9387115627028        15995.88659883896        23.73507442974065        73.49985478950501    
    344.5000000000000       0.1422644736014695E-02    25.49012697424942        652.7899155782154        16795.18034252081        23.75162979036410        74.49984438742744    
    345.5000000000000       0.1545798467419246E-02    25.91029621377277        674.5170791601735        17641.70885828168        23.77040910327432        75.49983258798422    
    346.5000000000000       0.1682059367454435E-02    26.34071002433967        697.1404044438966        18537.70002621106        23.79190679788723        76.49981908051002    
    347.5000000000000       0.1833128961047379E-02    26.78163507495950        720.7009356237148        19486.33325664839        23.81677549567064        77.49980345494166    
    348.5000000000000       0.2000830574457091E-02    27.23300370191689        745.2223017076632        20490.17412496673        23.84589478508912        78.49978515860299    
    349.5000000000000       0.2187338497797180E-02    27.69498878665403        770.7425966566328        21552.51358878636        23.88047929310525        79.49976342829792    
    350.5000000000000       0.2395024419560023E-02    28.16749985079976        797.2853810454394        22676.11137727665        23.92225500527756        80.49973717951823    
    351.5000000000000       0.2626858103412824E-02    28.65080732637311        824.8966410500938        23864.85608051685        23.97376003133467        81.49970481745159    
    352.5000000000000       0.2885896506382323E-02    29.14461964544569        853.5891028288609        25121.23124560629        24.03888594511515        82.49966389681497    
    353.5000000000000       0.3176064765249369E-02    29.64925603639493        883.4139658223328        26449.63455387739        24.12391872106894        83.49961046773549    
    354.5000000000000       0.3501568132237834E-02    30.16445434641870        914.3866240454279        27852.89022545309        24.23971492806008        84.49953770819228    
    355.5000000000000       0.3867569400527930E-02    30.69037046856422        946.5498342488198        29335.26520903501        24.40677839686172        85.49943273357390    
    356.5000000000000       0.4279960330788464E-02    31.22694774236701        979.9333455805594        30900.52710144516        24.66903461715476        86.49926793931853    
    357.5000000000000       0.4745499965130069E-02    31.77401720850768        1014.560179761838        32552.24540686476        25.14062968856331        87.49897158189735    
    358.5000000000000       0.5272307461609314E-02    32.33161498256544        1050.467469886812        34294.83121117057        26.23948635411914        88.49828089040116    
    359.5000000000000       0.5869691658305590E-02    32.89963011897106        1087.685985462918        36132.68583834141        31.68622527414192        89.49485014017759    
