 # author: MA Kubiak / Space Research Center PAS Warsaw Poland, contact: mkubiak@cbk.waw.pl                          
 # code version Program.keplerV_ellipt_V2      , Dates: calkV:20/04/2026  ; part_pr:20/04/2026                       
 # czas no T v_mas, kier.naplywu(dl, szer) macierz obrotu (ecl to helio), r, theta, phi(ecl,spher), V_detector(ecl,cart), IBEX_energy_channel
 #     2025.999845000000        0.1419110000000000E-01     7443.000000000000        -25.78400000689422         255.7450000000000         5.169000000000000        0.2459841265748581        0.9692738567985851         0.000000000000000       -0.9615244635393438        0.2440174711049008        0.1261989691358298        0.1223213615382913       -0.3104294319752456E-01    0.9920049496797150        0.9749990000000000         100.2687820000000       -0.3488200000000000E-01    -29.26400000000000        -5.360999999999999       -0.5999999999999998E-02 00
 # routs_end= 150.00;    Maxwellian,    elliptOrb=Off                                                                                        
 # Numerical parameters: GridKl=10  GridKf=09  GridKV=05  epsV= 0.0000100  epssJon=.0010000                                                  
 # Numerical parameters: GridKl=10  GridKf=09  GridKV=05  epsV= 0.0000100  epssJon=.0010000; tessel128                                                                                                                                                                                                                                                                                                                                                                                                                                                                 
# Axis to the Sun: alpha_ecl= 276.2320000000000000 delta_Ecl= 0.0820000000000000 delta_Ax= 75.0000000000000000  repoint= 00095
 #  flag_atom: He                                                   
 #  flag_general:                                                   
 #                                                                  
 #                                                                  
  # Ly_a_Profil: zero                                               
  # flag_Itot: zero                                                 
 #  v_SW_Eqtr: speed3D.hybrid2026c_patched.dat                      
 #  n_SW_Eqtr: density3D.hybrid2026c_patched.dat                    
 #  phot_Eqtr: 0.8500000  phion_Helium_T12F107_2026c.dat            
 #  sigma_SW: p+He->H +He+, He + alpha (2 chnls);src:simuLosses.nb  
 #  flag_el:slow  swEqtrElectrons5.2026c.patched.dat                
 #  SW_lati: interpolation                                          
 #  phot_lati: analit pole-flattened after Pryor & Auchere          
 #
 #
 #
 #Spin  flux speed	speed^2 speed^3    long_ecl lat_ecl
   0.5000000000000000        40.04854873458592        37.31487143127306        1399.574076593090        52759.22870467867        274.3566465530693        75.07381394723375    
    1.500000000000000        46.24129417670945        37.89996615906773        1443.736565754244        55271.89027078280        270.6225021144202        75.00850644975074    
    2.500000000000000        53.40925214978117        38.49191577502312        1489.107905656575        57893.13541190336        266.9371905297027        74.87873797124335    
    3.500000000000000        61.70392357175700        39.09053332046579        1535.698100691190        60626.15914111651        263.3305264443862        74.68614786192242    
    4.500000000000000        71.29949599726621        39.69562091631631        1583.516004726599        63474.16255344234        259.8285662350617        74.43306865700762    
    5.500000000000000        82.39614585367468        40.30693411421699        1632.565880297476        66440.11113150003        256.4527300122242        74.12239396950574    
    6.500000000000000        95.22449908191648        40.92424233279277        1682.852044850232        69526.99766061046        253.2193900481464        73.75743009523977    
    7.500000000000000        110.0490427030217        41.54724869119492        1734.372243191445        72737.42679690481        250.1398896503682        73.34174690747317    
    8.500000000000000        127.1745689708174        42.17567896771193        1787.124483720024        76073.99841004514        247.2209024643086        72.87904056361647    
    9.500000000000000        146.9504060885977        42.80924095132886        1841.103703812853        79539.09299556883        244.4650183401679        72.37301627197526    
    10.50000000000000        169.7773784666888        43.44764425828458        1896.303630938483        83134.99483730440        241.8714443998005        71.82729505295698    
    11.50000000000000        196.1172609617213        44.09066654478823        1952.722970690258        86864.32337111895        239.4367294830681        71.24534487773796    
    12.50000000000000        226.5006716278377        44.73798154032780        2010.349315489345        90728.89410205896        237.1554468037792        70.63043412414405    
    13.50000000000000        261.5352103728654        45.38935262411128        2069.177491610931        94731.01583782652        235.0207958448543        69.98560394007716    
    14.50000000000000        301.9206134349402        46.04447674126941        2129.194848800859        98872.45158024244        233.0251060055565        69.31365563119283    
    15.50000000000000        348.4613560174870        46.70314822090173        2190.396704274193        103155.4997728439        231.1602398292785        68.61714930908514    
    16.50000000000000        402.0799259780818        47.36499311036977        2252.760985276296        107581.1758151409        229.4179031420038        67.89841049029471    
    17.50000000000000        463.8405545910188        48.02976365764965        2316.276343849420        112151.2206086981        227.7898743213369        67.15954192932958    
    18.50000000000000        534.9694711501874        48.69712534942920        2380.921265662181        116866.5546063014        226.2681665831403        66.40243857319682    
    19.50000000000000        616.8746116759106        49.36671654395062        2446.669958052603        121727.7044595013        224.8451368398266        65.62880407007617    
    20.50000000000000        711.1831649988598        50.03819755023846        2513.497127410486        126735.1485449974        223.5135532772866        64.84016772028460    
    21.50000000000000        819.7704047153171        50.71118604253314        2581.370959172329        131888.7347483027        222.2666319444012        64.03790111808343    
    22.50000000000000        944.8057741607960        51.38531373350951        2650.259509888224        137188.2098721053        221.0980507348763        63.22323400606489    
    23.50000000000000        1088.790954152153        52.06018090902797        2720.125281521766        142632.7292721123        220.0019473749465        62.39726906347607    
    24.50000000000000        1254.620032181560        52.73534241693833        2790.923791357029        148220.7412603594        218.9729065060392        61.56099549077433    
    25.50000000000000        1445.648094388510        53.41045342214717        2862.619393086384        153951.2633354425        218.0059396930639        60.71530134870087    
    26.50000000000000        1665.754385575655        54.08502157840135        2935.158141720530        159821.6413652510        217.0964611830327        59.86098467285121    
    27.50000000000000        1919.425875559082        54.75862942688532        3008.491864735022        165829.4947014478        216.2402614541731        58.99876342341611    
    28.50000000000000        2211.867710054582        55.43082930653659        3082.566900716965        171971.8004252222        215.4334799958661        58.12928435162613    
    29.50000000000000        2549.091212420175        56.10111176504302        3157.320172008191        178244.5173259199        214.6725783088814        57.25313087480089    
    30.50000000000000        2938.060855398657        56.76899228117072        3232.688381286144        184643.3016171985        213.9543137816587        56.37083005466833    
    31.50000000000000        3386.839875768004        57.43396871231882        3308.604323307967        191163.2813284160        213.2757148550284        55.48285877155156    
    32.50000000000000        3904.728090964521        58.09550789347659        3384.994338318933        197798.7390330104        212.6340577130532        54.58964918205550    
    33.50000000000000        4502.488224971563        58.75311045929242        3461.786056692592        204543.7893867838        212.0268446144145        53.69159354134236    
    34.50000000000000        5192.501047410167        59.40623898173582        3538.900209913891        211391.6696925200        211.4517838936378        52.78904846384553    
    35.50000000000000        5989.020910628317        60.05435512251583        3616.254794284967        218335.0785844651        210.9067716042668        51.88233868890672    
    36.50000000000000        6908.470033457991        60.69695629903036        3693.769517561178        225366.5669172388        210.3898747391466        50.97176041068101    
    37.50000000000000        7969.675069938045        61.33351803575738        3771.358995129916        232477.9252700944        209.8993159405360        50.05758422495015    
    38.50000000000000        9194.120475310459        61.96352369780716        3848.936701891096        239660.5672993844        209.4334596005481        49.14005773931712    
    39.50000000000000        10606.31503055152        62.58642198293983        3926.408995238258        246904.8938816914        208.9907992473064        48.21940788767039    
    40.50000000000000        12234.23676485070        63.20175171110073        4003.691579953442        254201.9140007400        208.5699461119142        47.29584298480408    
    41.50000000000000        14109.34839144318        63.80897707793108        4080.688695243383        261541.2597930917        208.1696187742083        46.36955455263485    
    42.50000000000000        16267.41533806197        64.40763722068598        4157.311827993052        268912.9383272972        207.7886337901430        45.44071894553117    
    43.50000000000000        18748.30145026007        64.99726295534950        4233.469915531531        276306.4625256918        207.4258972096804        44.50949879882015    
    44.50000000000000        21596.76894591591        65.57740248461178        4309.072263318575        283711.0930899203        207.0803969006666        43.57604432151390    
    45.50000000000000        24862.30924256318        66.14762700280096        4384.029729891385        291115.9917055166        206.7511956009653        42.64049445165404    
    46.50000000000000        28599.61838563198        66.70752061633435        4458.253450886654        298510.0952372250        206.4374246278134        41.70297789036837    
    47.50000000000000        32868.51286861711        67.25670523239285        4531.658461923470        305882.5066542576        206.1382781798112        40.76361402872352    
    48.50000000000000        37733.94506956056        67.79482217238223        4604.161507330392        313222.3000068720        205.8530081730368        39.82251377970753    
    49.50000000000000        43265.74131111701        68.32152242501850        4675.679726854275        320518.3862011728        205.5809195584421        38.87978032615302    
    50.50000000000000        49538.25475516338        68.83651627915198        4746.137825172394        327760.2876685971        205.3213660729052        37.93550979408422    
    51.50000000000000        56629.52892907990        69.33951894746336        4815.460774325412        334937.4036717998        205.0737463810974        36.98979185981707    
    52.50000000000000        64620.60744208116        69.83028573086490        4883.578840219524        342039.5517254319        204.8375005696656        36.04271029813454    
    53.50000000000000        73593.90043377494        70.30859003031421        4950.424728416649        349056.6915290733        204.6121069591700        35.09434347798229    
    54.50000000000000        83632.06947011175        70.77423563847904        5015.935402247633        355979.1292403293        204.3970792027669        34.14476481136476    
    55.50000000000000        94815.45370341923        71.22706174647762        5080.053189458785        362797.6814049687        204.1919636438241        33.19404316045389    
    56.50000000000000        107220.1607621516        71.66691804808818        5142.722239782379        369503.3002091651        203.9963369075267        32.24224320733841    
    57.50000000000000        120915.0588507692        72.09369442755525        5203.892884906956        376087.5572336215        203.8098037041056        31.28942579033209    
    58.50000000000000        135958.6494610514        72.50729061995551        5263.517577475114        382542.2427505759        203.6319948236272        30.33564821031114    
    59.50000000000000        152395.9299654712        72.90763248314258        5321.553234890723        388859.6246662989        203.4625653043449        29.38096451016042    
    60.50000000000000        170254.5256321290        73.29466679673391        5377.960588588627        395032.3934808829        203.3011927584612        28.42542573006329    
    61.50000000000000        189541.3790104650        73.66835252706959        5432.703060470011        401053.5615894925        203.1475758407992        27.46908014106851    
    62.50000000000000        210239.2750615038        74.02867909424526        5485.749563292838        406916.7902714465        203.0014328473583        26.51197345910208    
    63.50000000000000        232303.2151239049        74.37565320711896        5537.072560379650        412616.1806475295        202.8625004320519        25.55414904135782    
    64.50000000000000        255657.5686843159        74.70927543869283        5586.644605931320        418145.8947612019        202.7305324311025        24.59564806679460    
    65.50000000000000        280192.6010400003        75.02955509933508        5634.440621707652        423500.4230209996        202.6052987856339        23.63650970228618    
    66.50000000000000        305762.8593477718        75.33651133347450        5680.438111474901        428674.6190172348        202.4865845539391        22.67677125580940    
    67.50000000000000        332185.6629710395        75.63016169436094        5724.615468153847        433663.5161718717        202.3741890057606        21.71646831791401    
    68.50000000000000        359241.4365172039        75.91052956139745        5766.953045191337        438462.4487216713        202.2679247916741        20.75563489259190    
    69.50000000000000        386674.8048288343        76.17764182423001        5807.432854978129        443067.0274955658        202.1676171813548        19.79430351855242    
    70.50000000000000        414196.0871124282        76.43152669272617        5846.038221990294        447473.1032297773        202.0731033651181        18.83250538181152    
    71.50000000000000        441485.7494664671        76.67221299183630        5882.753681419111        451676.7597377017        201.9842318136808        17.87027042041477    
    72.50000000000000        468199.1642605026        76.89972818676223        5917.564610122608        455674.2680070032        201.9008616915848        16.90762742203712    
    73.50000000000000        493974.4517578235        77.11411694015369        5950.460201697039        459462.4474038130        201.8228623201777        15.94460411513239    
    74.50000000000000        518436.7243821832        77.31541437793905        5981.429238643826        463038.1675399092        201.7501126864483        14.98122725424489    
    75.50000000000000        541210.7018500918        77.50366078351689        6010.462359232534        466398.6140994270        201.6825009943834        14.01752270004045    
    76.50000000000000        561929.8211939161        77.67889836739552        6037.551601867788        469541.2440469980        201.6199242558454        13.05351549456605    
    77.50000000000000        580246.6589231999        77.84117394735102        6062.690792514511        472463.8305731638        201.5622879182736        12.08922993220382    
    78.50000000000000        595843.1004958859        77.99052109510239        6085.872705884448        475164.1268473706        201.5095055267869        11.12468962674750    
    79.50000000000000        608440.8090976127        78.12697166719425        6107.090898077584        477640.0870317106        201.4614984185176        10.15991757499479    
    80.50000000000000        617809.5007536892        78.25055485531291        6126.339517206123        479889.8415416711        201.4181954472381        9.194936217219579    
    81.50000000000000        623775.2590084278        78.36128920684399        6143.612052607687        481911.5517742217        201.3795327365516        8.229767494861564    
    82.50000000000000        626225.5173805462        78.45919498062744        6158.903259962257        483703.6373633052        201.3454534601155        7.264432905746873    
    83.50000000000000        625113.8673034362        78.54427632095063        6172.206353235090        485264.4453160265        201.3159076475472        6.298953557133379    
    84.50000000000000        620460.3465834325        78.61652580533409        6183.513692137723        486592.3295299175        201.2908520148278        5.333350216856522    
    85.50000000000000        612354.0999108359        78.67591588225767        6192.815464936562        487685.4999015317        201.2702498181797        4.367643362835588    
    86.50000000000000        600947.0975249414        78.72242470260166        6200.103723580070        488542.4966751048        201.2540707305403        3.401853231187726    
    87.50000000000000        586450.3143694142        78.75600431976642        6205.367375930145        489161.5990441745        201.2422907398935        2.435999863185678    
    88.50000000000000        569125.6200578385        78.77661052208853        6208.596892843742        489541.3835751840        201.2348920688556        1.470103151285826    
    89.50000000000000        549277.5970376279        78.78417243017527        6209.779507342697        489680.1553322089        201.2318631150380       0.5041828844460658    
    90.50000000000000        527243.5994486704        78.77862854166767        6208.904949274854        489576.6332812056        201.2331984118340      -0.4617412070525794    
    91.50000000000000        503384.8407502499        78.75989915869208        6205.961114082939        489229.4394350072        201.2388986093962       -1.427649407070894    
    92.50000000000000        478074.9357822462        78.72790796707753        6200.937444615932        488637.4966594889        201.2489704756905       -2.393521969155258    
    93.50000000000000        451691.2747318206        78.68255415623740        6193.820590070533        487799.5208209469        201.2634269176277       -3.359339071953209    
    94.50000000000000        424603.4194948844        78.62373990285593        6184.598754317354        486714.5370385429        201.2822870223939       -4.325080774293158    
    95.50000000000000        397164.8808499438        78.55136705661563        6173.261225943216        485381.8292796701        201.3055761192150       -5.290726969717711    
    96.50000000000000        369708.8627507664        78.46533366751015        6159.797817340754        483800.8713973800        201.3333258619149       -6.256257340255908    
    97.50000000000000        342537.9579181863        78.36553342664750        6144.198857635828        481971.3349024735        201.3655743327482       -7.221651309214173    
    98.50000000000000        315920.8805779532        78.25185427635164        6126.454954718961        479893.0564921341        201.4023661681147       -8.186887992757676    
    99.50000000000000        290092.7556627326        78.12418885979892        6106.558705743341        477566.2465786616        201.4437527068998       -9.151946150044713    
    100.5000000000000        265249.0082061400        77.98242062944063        6084.502549323444        474991.2380449711        201.4897921623207       -10.11680413166501    
    101.5000000000000        241547.9192471240        77.82644830818941        6060.282622612362        472168.9399874358        201.5405498183080       -11.08143982611962    
    102.5000000000000        219110.8436971376        77.65616425829583        6033.895364715032        469100.4350355538        201.5960982516097       -12.04583060406429    
    103.5000000000000        198022.9160236871        77.47146944760971        6005.339963709319        465787.2761286980        201.6565175809710       -13.00995326001960    
    104.5000000000000        178338.1059811410        77.27227003630641        5974.617734703491        462231.3996922864        201.7218957449259       -13.97378395123109    
    105.5000000000000        160079.8509752870        77.05847190895189        5941.731351179061        458435.0419308713        201.7923288099290       -14.93729813333830    
    106.5000000000000        143246.7493698186        76.82999595373283        5906.687242486610        454401.0175127815        201.8679213107699       -15.90047049248474    
    107.5000000000000        127814.7646533660        76.58677598880179        5869.495227791339        450132.6673633947        201.9487866254405       -16.86327487347077    
    108.5000000000000        113742.1778878356        76.32875050134464        5830.167215476123        445633.7003596912        202.0350473868778       -17.82568420351666    
    109.5000000000000        100972.6305247957        76.05586651279792        5788.717832689558        440908.2656408076        202.1268359342774       -18.78767041116418    
    110.5000000000000        89439.01371856003        75.76809987394047        5745.167546655945        435961.3078069875        202.2242948069782       -19.74920433980216    
    111.5000000000000        79066.34387701825        75.46544106935266        5699.540342112978        430798.2773996993        202.3275772842444       -20.71025565525174    
    112.5000000000000        69774.96380377116        75.14790002759173        5651.864437972148        425425.2057940083        202.4368479746441       -21.67079274679185    
    113.5000000000000        61482.64235997947        74.81551214536881        5602.173157423112        419848.7934807725        202.5522834591189       -22.63078262094417    
    114.5000000000000        54106.62999851526        74.46833421596467        5550.504189084660        414076.3070127976        202.6740729922930       -23.59019078726611    
    115.5000000000000        47565.64442274329        74.10644600631862        5496.899735436488        408115.5798662619        202.8024192670586       -24.54898113532228    
    116.5000000000000        41780.96842622089        73.72996496946918        5441.408612537180        401975.2312453117        202.9375392480285       -25.50711580191672    
    117.5000000000000        36677.60492015991        73.33903488786110        5384.084427083973        395664.4422017824        203.0796650800509       -26.46455502756780    
    118.5000000000000        32184.92979538956        72.93382241718658        5324.984772609977        389192.8279578938        203.2290450786627       -27.42125700109653    
    119.5000000000000        28237.20840353121        72.51452699428452        5264.172701205890        382570.5976543343        203.3859448101107       -28.37717769107125    
    120.5000000000000        24773.74953912833        72.08139565345779        5201.718717300020        375808.7497680393        203.5506482694086       -29.33227066270910    
    121.5000000000000        21739.02588314629        71.63468580240189        5137.694993756482        368918.3948611269        203.7234591658351       -30.28648687867343    
    122.5000000000000        19082.65993527545        71.17468487182541        5072.178129899175        361911.0425844160        203.9047023263247       -31.23977448202196    
    123.5000000000000        16759.19479297661        70.70171595844586        5005.249783134592        354798.6472614310        204.0947252283639       -32.19207855935473    
    124.5000000000000        14728.04896708140        70.21613671047230        4936.996176482879        347593.5175610036        204.2938996753117       -33.14334088197477    
    125.5000000000000        12952.94441324154        69.71831837826340        4867.505096069415        340307.9906669105        204.5026236285141       -34.09349962260798    
    126.5000000000000        11401.59394351825        69.20868127098640        4796.870548778507        332954.8896014564        204.7213232122047       -35.04248904492533    
    127.5000000000000        10045.68181502308        68.68764187910523        4725.185197217973        325546.7090427377        204.9504549089975       -35.99023916276612    
    128.5000000000000        8860.112175621731        68.15566477003961        4652.547259444234        318096.3041778830        205.1905079657999       -36.93667536556688    
    129.5000000000000        7822.917176817964        67.61321994220579        4579.054489992751        310616.2558356039        205.4420070322288       -37.88171800605400    
    130.5000000000000        6914.886716770478        67.06078397085535        4504.804320008780        303118.8833868087        205.7055150561299       -38.82528194574669    
    131.5000000000000        6119.228115373325        66.49887724019655        4429.898375198070        295616.6565404875        205.9816364635961       -39.76727605323202    
    132.5000000000000        5421.301154056334        65.92797441809131        4354.430619708063        288121.0177944470        206.2710206539912       -40.70760264950774    
    133.5000000000000        4808.430787922647        65.34863476815029        4278.504476305682        280644.0802010368        206.5743658439317       -41.64615689392376    
    134.5000000000000        4269.542195470457        64.76136856954422        4202.215004971110        273196.8435619653        206.8924232979849       -42.58282610337849    
    135.5000000000000        3795.078869080096        64.16671640880038        4125.659129432382        265790.1939285015        207.2260019880364       -43.51748899642369    
    136.5000000000000        3376.749527601905        63.56519271912241        4048.928197627478        258434.1725496573        207.5759737278659       -44.45001485278303    
    137.5000000000000        3007.313615869803        62.95731459886061        3972.111943718064        251138.3926728141        207.9432788344685       -45.38026257747003    
    138.5000000000000        2680.595808276551        62.34360144696259        3895.298074115813        243911.9729517514        208.3289323730394       -46.30807965718096    
    139.5000000000000        2391.187166824924        61.72454074315019        3818.568011796634        236763.1483140081        208.7340310482938       -47.23330099490382    
    140.5000000000000        2134.439849168589        61.10064941433177        3742.004930208813        229700.0680308267        209.1597608108188       -48.15574760669771    
    141.5000000000000        1906.305142932712        60.47237442610195        3665.680793589374        222729.5360288623        209.6074052533698       -49.07522516232152    
    142.5000000000000        1703.301259569637        59.84019233499878        3589.669436671606        215858.3088469921        210.0783548782082       -49.99152234878903    
    143.5000000000000        1522.402691057453        59.20453260460548        3514.036548024842        209092.1246960307        210.5741173224631       -50.90440903295607    
    144.5000000000000        1360.983233917486        58.56581256243842        3438.844347774119        202436.1772030510        211.0963286336642       -51.81363419586575    
    145.5000000000000        1216.773056510795        57.92441158597616        3364.148816311690        195894.9089784983        211.6467656914157       -52.71892360774321    
    146.5000000000000        1087.792683605320        57.28072541163905        3290.005736257192        189472.5145977002        212.2273598728106       -53.61997720820554    
    147.5000000000000        972.3240577563610        56.63510694128685        3216.464188887453        183172.4212763140        212.8402120574030       -54.51646615140314    
    148.5000000000000        868.8652468275154        55.98787482468205        3143.567518111763        176997.3771101962        213.4876090606800       -55.40802947042379    
    149.5000000000000        776.1109621344349        55.33935884548302        3071.358757162224        170949.9430487203        214.1720415706995       -56.29427030937879    
    150.5000000000000        692.9139520749836        54.68989282674670        2999.879883408778        165032.4442583742        214.8962236377274       -57.17475166521221    
    151.5000000000000        618.2640612386733        54.03973732573354        2929.162851616500        159246.1955487176        215.6631137270617       -58.04899157455245    
    152.5000000000000        551.2780738226703        53.38918856441445        2859.242494448923        153592.6539728414        216.4759372850490       -58.91645767408643    
    153.5000000000000        491.1685678916131        52.73849594464286        2790.146902562358        148072.5812751574        217.3382106799858       -59.77656105636197    
    154.5000000000000        437.2445646149472        52.08795045948412        2721.907462669206        142686.9094063133        218.2537662531578       -60.62864933720911    
    155.5000000000000        388.8856464971753        51.43776738494912        2654.546051082741        137435.6932419807        219.2267780377140       -61.47199884702684    
    156.5000000000000        345.5420851808714        50.78819803391696        2588.087174875639        132319.1095851289        220.2617874578055       -62.30580585735798    
    157.5000000000000        306.7196297748328        50.13945277045755        2522.549747050831        127336.8011640053        221.3637279866223       -63.12917675842564    
    158.5000000000000        271.9742041099561        49.49179659593825        2457.957311224735        122488.7063551036        222.5379472942977       -63.94111711539993    
    159.5000000000000        240.9069816012412        48.84544049449384        2394.326629538743        117774.1611972094        223.7902248254130       -64.74051955496465    
    160.5000000000000        213.1597553532658        48.20064689248129        2331.678107530676        113192.6808695677        225.1267819783165       -65.52615047450335    
    161.5000000000000        188.4036261681897        47.55764031959436        2270.027382227575        108743.3750945181        226.5542810822586       -66.29663563088506    
    162.5000000000000        166.3441879012780        46.91668858341926        2209.393024411570        104425.5005635781        228.0798081580207       -67.05044476335594    
    163.5000000000000        146.7133479302656        46.27807758265916        2149.793969163172        100238.2703256949        229.7108329968554       -67.78587554647032    
    164.5000000000000        129.2671426445240        45.64207717231593        2091.246112335150        96180.60659393510        231.4551384335453       -68.50103736714409    
    165.5000000000000        113.7854516320840        45.00903728945433        2033.771465099042        92251.80436248402        233.3207089238279       -69.19383568830698    
    166.5000000000000        100.0645111399422        44.37919069024336        1977.379378476982        88450.19297027338        235.3155668782424       -69.86195811205835    
    167.5000000000000        87.92215578176187        43.75283334091793        1922.083305658488        84774.31764656464        237.4475440349158       -70.50286369327598    
    168.5000000000000        77.19150940448220        43.13018455077747        1867.888434917561        81222.12705640795        239.7239750808949       -71.11377757224821    
    169.5000000000000        67.72152586871921        42.51152191639453        1814.804316258262        77791.86738278223        242.1513026332144       -71.69169355956876    
    170.5000000000000        59.37553385845203        41.89707048369729        1762.834155781335        74481.31267651083        244.7345877004081       -72.23338784724663    
    171.5000000000000        52.02948501045957        41.28706526343358        1711.981574789028        71288.30054785215        247.4769291138743       -72.73544741268331    
    172.5000000000000        45.57130679691391        40.68167466743615        1662.243336015797        68210.21954542352        250.3788101697743       -73.19431674075567    
    173.5000000000000        39.89972978143328        40.08100856506159        1613.611092290540        65244.18957446548        253.4374110317646       -73.60636597324431    
    174.5000000000000        34.92403193550583        39.48521374796584        1566.079320877445        62387.55611745733        256.6459497759034       -73.96798224871418    
    175.5000000000000        30.56216919249097        38.89437558433297        1519.637797002702        59637.45969964426        259.9931391904915       -74.27568363309845    
    176.5000000000000        26.74177572343910        38.30881683110628        1474.295505627605        56992.26637005329        263.4628635293537       -74.52625167149232    
    177.5000000000000        23.39760209513362        37.72867266060979        1430.044875093026        54449.30638147284        267.0341803314710       -74.71687455979033    
    178.5000000000000        20.47274662661428        37.15456739612303        1386.916633558883        52008.22694023001        270.6817289590425       -74.84528899708161    
    179.5000000000000        17.91586858503891        36.58669889489850        1344.904914526272        49666.38983538523        274.3765766209456       -74.90990602379613    
    180.5000000000000        15.68177354852989        36.02548464300626        1304.019686340392        47422.08541135644        278.0874605274514       -74.90990569943737    
    181.5000000000000        13.73141422032705        35.47152367067309        1264.281950927317        45274.15397081923        281.7823078694216       -74.84528802815619    
    182.5000000000000        12.02937164021030        34.92516658477447        1225.691590974374        43220.19258904232        285.4298558731859       -74.71687295848939    
    183.5000000000000        10.54474266327356        34.38660183273255        1188.235309193449        41257.09369411436        289.0011717777725       -74.52624945730062    
    184.5000000000000        9.250048363878136        33.85605083209040        1151.902094546466        39381.96300539337        292.4708949861259       -74.27568083166570    
    185.5000000000000        8.120649155001159        33.33345859566810        1116.661566256959        37590.97368176220        295.8180830842608       -73.96797889048823    
    186.5000000000000        7.135552681340774        32.81892898658531        1082.494828479449        35881.01140590337        299.0266203749878       -73.60636209202065    
    187.5000000000000        6.275880419586472        32.31247474113167        1049.377651959722        34248.81291056427        302.0852196938187       -73.19431237227960    
    188.5000000000000        5.525477940837052        31.81413414858225        1017.287923551419        32691.31875136292        304.9870991595012       -72.73544259340531    
    189.5000000000000        4.870089598451680        31.32395433641502        986.2047644333331        31205.63379847440        307.7294389721958       -72.23338261329081    
    190.5000000000000        4.297385107243486        30.84206545325588        956.1128978112752        29789.21489514235        310.3127224576969       -71.69168794593524    
    191.5000000000000        3.796641657084102        30.36853716934963        926.9930608153662        28439.38701927508        312.7400484702354       -71.11377161224209    
    192.5000000000000        3.358570074494899        29.90357446982745        898.8346060609327        27153.95262008505        315.0164780349514       -70.50285741813698    
    193.5000000000000        2.975024059134159        29.44725591402451        871.6187540362047        25930.38431082849        317.1484537801093       -69.86195155075593    
    194.5000000000000        2.638975049375885        28.99967301623370        845.3275306900242        24766.25464306242        319.1433103995587       -69.19382886746449    
    195.5000000000000        2.344324086906955        28.56096669868206        819.9459631736519        23659.33606451805        321.0088796347314       -68.50103031105752    
    196.5000000000000        2.085714682542777        28.13116556269906        795.4524193282550        22607.16369868370        322.7531838968125       -67.78586827719263    
    197.5000000000000        1.858548569785235        27.71035006478484        771.8287159528145        21607.50280473038        324.3842076402414       -67.05043730082345    
    198.5000000000000        1.658790047861050        27.29850871582432        749.0514879437236        20657.95485469644        325.9097336971458       -66.29662799306767    
    199.5000000000000        1.482942200289485        26.89566989352153        727.1002929712517        19756.33039336430        327.3372318552292       -65.52614267756584    
    200.5000000000000        1.327992897441102        26.50186578291786        705.9551728081628        18900.52406516943        328.6737881311839       -64.74051161342919    
    201.5000000000000        1.191303847754258        26.11705955376788        685.5927951210433        18088.35900281237        329.9260648498980       -63.94110904230413    
    202.5000000000000        1.070545451755841        25.74116922392313        665.9881971709331        17317.67338823718        331.1002834052747       -63.12916856547221    
    203.5000000000000       0.9637598633944286        25.37418976047335        647.1210033025070        16586.55503574952        332.2022232375037       -62.30579755505354    
    204.5000000000000       0.8691969946253339        25.01608007654196        628.9697503177384        15893.12431596493        333.2372320124712       -61.47199044480930    
    205.5000000000000       0.7853588186056090        24.66677250669019        611.5119891057320        15235.51926304340        334.2102431993231       -60.62864084356304    
    206.5000000000000       0.7109194190083013        24.32620095302413        594.7261616968855        14611.98189051722        335.1257982184036       -59.77655247892250    
    207.5000000000000       0.6447389764671785        23.99425946151395        578.5892530856572        14020.75659876984        335.9880710993094       -58.91644901973240    
    208.5000000000000       0.5858147842928916        23.67087835963488        563.0808517652822        13460.24954286266        336.8008941800325       -58.04898284948912    
    209.5000000000000       0.5332824422196389        23.35595006313684        548.1793047770163        12928.87664250403        337.5677838258309       -57.17474287504508    
    210.5000000000000       0.4863783664684731        23.04937820166068        533.8642098500032        12425.15480317965        338.2919654802590       -56.29426145917895    
    211.5000000000000       0.4444378452967447        22.75103916746799        520.1145406754154        11947.63138211762        338.9763976060555       -55.40802056478574    
    212.5000000000000       0.4068843093923544        22.46081629309166        506.9102722051703        11494.93998677342        339.6237942511461       -54.51645719449611    
    213.5000000000000       0.3732083088889276        22.17859701358995        494.2322927786163        11065.79608563809        340.2366461014511       -53.61996820381875    
    214.5000000000000       0.3429655768453459        21.90424585004773        482.0610649768742        10658.94515236885        340.8172399705078       -52.71891455932599    
    215.5000000000000       0.3157665511645360        21.63763323231435        470.3779444495671        10273.20571552246        341.3676767360921       -51.81362510656299    
    216.5000000000000       0.2912700928477009        21.37862358972541        459.1647038652013        9907.453839400841        341.8898877736767       -50.90439990563981    
    217.5000000000000       0.2691759823447926        21.12708647152240        448.4039558105681        9560.632404979689        342.3856499613885       -49.99151318608603    
    218.5000000000000       0.2492199417122511        20.88288221748930        438.0785026537317        9231.727132803095        342.8565993454106       -49.07521596663820    
    219.5000000000000       0.2311704341857790        20.64588463295820        428.1723642067240        8919.800080817946        343.3042435616441       -48.15573838024201    
    220.5000000000000       0.2148227375392115        20.41595643408722        418.6696193428254        8623.946925315879        343.7299731112297       -47.23329173970472    
    221.5000000000000       0.1999963287461999        20.19296814397885        409.5552368486946        8343.323001732928        344.1350715858998       -46.30807037510576    
    222.5000000000000       0.1865316244910026        19.97678489858176        400.8144819990690        8077.121893819723        344.5207249353069       -45.38025327023995    
    223.5000000000000       0.1742878405571266        19.76728128949356        392.4335295437784        7824.593136992996        344.8880298633113       -44.45000552198688    
    224.5000000000000       0.1631398981448388        19.56432765964513        384.3988531966608        7585.020601861731        345.2380014343261       -43.51747964353033    
    225.5000000000000       0.1529769721755823        19.36779555601849        376.6974448013422        7357.727966192409        345.5715799646298       -42.58281672974777    
    226.5000000000000       0.1437005780306296        19.17755741837867        369.3167799308179        7142.075991740944        345.8896372673453       -41.64614750081647    
    227.5000000000000       0.1352233848618692        18.99348955693753        362.2449292415169        6937.464664593694        346.1929823137550       -40.70759323809445    
    228.5000000000000       0.1274674006285416        18.81546369573700        355.4701738654424        6743.319191176036        346.4823663678724       -39.76726662460113    
    229.5000000000000       0.1203633055742197        18.64335433820456        348.9813112884561        6559.098827252864        346.7584876458041       -38.82527250091153    
    230.5000000000000       0.1138494278645683        18.47704515556601        342.7678801049545        6384.301960101702        347.0219955464451       -37.88170854595931    
    231.5000000000000       0.1078704913832760        18.31641598259521        336.8196225259377        6218.448639694435        347.2734944954556       -36.93666589109469    
    232.5000000000000       0.1023772486562161        18.16135282332752        331.1268637037535        6061.090785023373        347.5135474402823       -35.99022967474113    
    233.5000000000000       0.9732567541925812E-01    18.01174544227155        325.6803946770244        5911.807471808810        347.7426790301734       -35.04247954411942    
    234.5000000000000       0.9267613187469594E-01    17.86748392665511        320.4713339549299        5770.200208955911        347.9613785116951       -34.09349010974473    
    235.5000000000000       0.8839311035980446E-01    17.72845869650851        315.4911024356173        5635.890940046701        348.1701023671458       -33.14333135773352    
    236.5000000000000       0.8444480637156591E-01    17.59456577887790        310.7316102097058        5508.526552117728        348.3692767204662       -32.19206902437383    
    237.5000000000000       0.8080262775285773E-01    17.46570391209011        306.1851366220763        5387.774757814020        348.5592995327304       -31.23976493690227    
    238.5000000000000       0.7744092073804930E-01    17.34178270463082        301.8446352132896        5273.332316871296        348.7405426070450       -30.28647732398126    
    239.5000000000000       0.7433652399262413E-01    17.22270570951460        297.7030541542780        5164.904166801565        348.9133534206614       -29.33226109897881    
    240.5000000000000       0.7146855023710696E-01    17.10838150359011        293.7537505039176        5062.214771379122        349.0780568002950       -28.37716811880782    
    241.5000000000000       0.6881809955745931E-01    16.99871818613498        289.9902709891857        4965.001302732512        349.2349564550203       -27.42124742077791    
    242.5000000000000       0.6636811857981662E-01    16.89362325975785        286.4063455684911        4873.013160951349        349.3843363796601       -26.46454543964673    
    243.5000000000000       0.6410333343383003E-01    16.79301964065585        282.9964747623575        4786.027999688043        349.5264621402825       -25.50710620682289    
    244.5000000000000       0.6200998151131200E-01    16.69683716127420        279.7555950143342        4703.841599767756        349.6615820522574       -24.54897153346408    
    245.5000000000000       0.6007556640679913E-01    16.60500286475860        276.6787027549055        4626.256699156593        349.7899282602759       -23.59018117903203    
    246.5000000000000       0.5828871118340339E-01    16.51744254279609        273.7609018076294        4553.083906545246        349.9117177288035       -22.63077300670452    
    247.5000000000000       0.5663915918237352E-01    16.43408795277510        270.9976668824804        4484.148807983099        350.0271531505938       -21.67078312690008    
    248.5000000000000       0.5511760912476341E-01    16.35487266817210        268.3846833226672        4419.287172164147        350.1364237801402       -20.71024603004565    
    249.5000000000000       0.5371566857974846E-01    16.27973667624296        265.9180035622426        4358.348825035992        350.2397061982610       -19.74919470960517    
    250.5000000000000       0.5242570170183719E-01    16.20861905433611        263.5937742646867        4301.189878621073        350.3371650134076       -18.78766077628642    
    251.5000000000000       0.5124081821288962E-01    16.14146245259055        261.4083946492816        4247.676838328808        350.4289535047338       -17.82567456425593    
    252.5000000000000       0.5015480060051040E-01    16.07821402027107        259.3585419695592        4197.686999343485        350.5152142114737       -16.86326523011358    
    253.5000000000000       0.4916207287069802E-01    16.01882623748415        257.4411940091616        4151.108774632308        350.5960794727233       -15.90046084530718    
    254.5000000000000       0.4825761187350912E-01    15.96325469365646        255.6535417280499        4107.839053917972        350.6716719213246       -14.93728848260684    
    255.5000000000000       0.4743687278886119E-01    15.91145538970149        253.9928918562893        4067.780483724772        350.7421049351790       -13.97377429720341    
    256.5000000000000       0.4669579009487237E-01    15.86338709412211        252.4567420181264        4030.843193709938        350.8074830489894       -13.00994360294535    
    257.5000000000000       0.4603076464656043E-01    15.81901257343340        251.0428219179788        3996.945782855807        350.8679023291273       -12.04582094418570    
    258.5000000000000       0.4543860538486960E-01    15.77829637737001        249.7490128876343        3966.013073457605        350.9234507140469       -11.08143016367224    
    259.5000000000000       0.4491650988753448E-01    15.74120601370634        248.5733820037606        3937.976783120346        350.9742083224165       -10.11679446687836    
    260.5000000000000       0.4446204123840945E-01    15.70771262981145        247.5142027478466        3912.775947944730        351.0202477309098       -9.151936483142780    
    261.5000000000000       0.4407310696909278E-01    15.67779015564378        246.5699230001194        3890.355994306841        351.0616342233857       -8.186878323959554    
    262.5000000000000       0.4372029150913132E-01    15.65180483677718        245.7512953579932        3870.952793733846        351.0984260129914       -7.221641638734651    
    263.5000000000000       0.4348500972702435E-01    15.62856863538976        245.0207438943691        3853.672211014223        351.1306744385443       -6.256247668305861    
    264.5000000000000       0.4328315400855764E-01    15.60923118840481        244.4135827081449        3839.329553612432        351.1584241363780       -5.290717296504733    
    265.5000000000000       0.4314145272423603E-01    15.59338832886129        243.9168088037612        3827.610247090629        351.1817131886818       -4.325071100022059    
    266.5000000000000       0.4305926460365978E-01    15.58102803507049        243.5297107867409        3818.489550168351        351.2005732492161       -3.359329396826334    
    267.5000000000000       0.4303621771497557E-01    15.57214092367135        243.2517345275975        3811.948228279836        351.2150296471439       -2.393512293373138    
    268.5000000000000       0.4307219596909079E-01    15.56672008761979        243.0824772683366        3807.972380131074        351.2251014695887       -1.427639730832673    
    269.5000000000000       0.4316734242257226E-01    15.56476147905997        243.0216990487070        3806.553684686713        351.2308016234001      -0.4617315305563135    
    270.5000000000000       0.4332205299017764E-01    15.56626391762055        243.0693222030193        3807.689363441873        351.2321368764823       0.5041925610027716    
    271.5000000000000       0.4353702912017024E-01    15.57122958255023        243.2254504548277        3811.382730189050        351.2291078789269        1.470112827705412    
    272.5000000000000       0.4381323417636013E-01    15.57966271129765        243.4903221853729        3817.641928206056        351.2217091640658        2.436009539270329    
    273.5000000000000       0.4415189893387961E-01    15.59156916294481        243.8642957429247        3826.479558565522        351.2099291294485        3.401862906738744    
    274.5000000000000       0.4455455807729575E-01    15.60695812295556        244.3479096251090        3837.914293003363        351.1937499976295        4.367653037652972    
    275.5000000000000       0.4502305779763236E-01    15.62584224355266        244.9418889484816        3851.971092909360        351.1731477565298        5.333359890738664    
    276.5000000000000       0.4555954325457888E-01    15.64823669286831        245.6471136257564        3868.680416393509        351.1480920790231        6.298963229876409    
    277.5000000000000       0.4616649850518698E-01    15.67415971433569        246.4646374271364        3888.078723197570        351.1185462212667        7.264442577144226    
    278.5000000000000       0.4684675741191659E-01    15.70363149898489        247.3956530997387        3910.207691371693        351.0844668991759        8.229777164703640    
    279.5000000000000       0.4760353023651024E-01    15.73667568880190        248.4415455927092        3935.115654663484        351.0458041422998        9.194945885293043    
    280.5000000000000       0.4844045752665839E-01    15.77331902910566        249.6038814837554        3962.857397924684        351.0025011242266        10.15992724108209    
    281.5000000000000       0.4936161510533613E-01    15.81359107057382        250.8844018770309        3993.494076979915        350.9544939684877        11.12469929062649    
    282.5000000000000       0.5037155075176633E-01    15.85752353630937        252.2850060588303        4027.092970123108        350.9017115287814        12.08923959364700    
    283.5000000000000       0.5147532914922963E-01    15.90515170465587        253.8078006014650        4063.728834546080        350.8440751421634        13.05352515333999    
    284.5000000000000       0.5267854465859809E-01    15.95651332943181        255.4550676808157        4103.483271953972        350.7814983536730        14.01753235590537    
    285.5000000000000       0.5398744503557731E-01    16.01165080062044        257.2293382033189        4146.446638830530        350.7138866106669        14.98123690695376    
    286.5000000000000       0.5540891399428722E-01    16.07060653548479        259.1332456488108        4192.714644771128        350.6411369249211        15.94461376443031    
    287.5000000000000       0.5695062651195251E-01    16.13342919710380        261.1697413967719        4242.394033296439        350.5631375003322        16.90763706766073    
    288.5000000000000       0.5862099250837149E-01    16.20016866319105        263.3419248029642        4295.598328403235        350.4797673237944        17.87028006209130    
    289.5000000000000       0.6042934541239252E-01    16.27087758750132        265.6531066659298        4352.449821231242        350.3908957165562        18.83251501925798    
    290.5000000000000       0.6238601720653225E-01    16.34561447242100        268.1069214491927        4413.082747106029        350.2963818430551        19.79431315147488    
    291.5000000000000       0.6450236138151828E-01    16.42443609713797        270.7070655256389        4477.636555238110        350.1960741738980        20.75564452068434    
    292.5000000000000       0.6679099986104776E-01    16.50740759224376        273.4576669088228        4546.266246750108        350.0898098992840        21.71647794085738    
    293.5000000000000       0.6926583171697537E-01    16.59459350182723        276.3629626496783        4619.133699897862        349.9774142887655        22.67678087327063    
    294.5000000000000       0.7194226259202329E-01    16.68606496668622        279.4275808013078        4696.416093325969        349.8586999927882        23.63651931391687    
    295.5000000000000       0.7483734355175047E-01    16.78189343496762        282.6563054646722        4778.299432280347        349.7334662809565        24.59565767222981    
    296.5000000000000       0.7797000775840334E-01    16.88215718913477        286.0543403171929        4864.986650230566        349.6014982114167        25.55415864021477    
    297.5000000000000       0.8136115517515908E-01    16.98693263834437        289.6269835335478        4956.688632968648        349.4625657251361        26.51198305097857    
    298.5000000000000       0.8503411095872414E-01    17.09630593975838        293.3800797611076        5053.637626080588        349.3164226581708        27.46908972554136    
    299.5000000000000       0.8901470775384823E-01    17.21036283977283        297.3196405221843        5156.076746209406        349.1628056642563        28.42543530668671    
    300.5000000000000       0.9333172909998616E-01    17.32919175103590        301.4519865204314        5264.264991923882        349.0014330392019        29.38097407846396    
    301.5000000000000       0.9801725323351819E-01    17.45288887021913        305.7839390079746        5378.482881547399        348.8320034376271        30.33565776979768    
    302.5000000000000       0.1031069285732132        17.58154641802578        310.3223977892813        5499.021353050445        348.6541944715161        31.28943534047573    
    303.5000000000000       0.1086406181942722        17.71526384189796        315.0747732128182        5626.194631045534        348.4676611788881        32.24225274758189    
    304.5000000000000       0.1146628897290380        17.85414290634490        320.0488104829971        5760.335823348333        348.2720343495575        33.19405269020588    
    305.5000000000000       0.1212233843532226        17.99828690298509        325.2525819837493        5901.797734662761        348.0669186934845        34.14477432999713    
    306.5000000000000       0.1283776405528217        18.14780366363529        330.6946270116247        6050.958019999924        347.8518908355620        35.09435298482669    
    307.5000000000000       0.1361881809446696        18.30279923158576        336.3836845459235        6208.211228706276        347.6264971188428        36.04271979247895    
    308.5000000000000       0.1447249610925099        18.46338133676285        342.3288722607381        6373.975751525217        347.3902511961428        36.98980134090198    
    309.5000000000000       0.1540661089585037        18.62967458889350        348.5403158533441        6548.713924366525        347.1426313876543        37.93551926109824    
    310.5000000000000       0.1643000799320411        18.80178851958106        355.0278555611565        6732.893312356828        346.8830777796256        38.87978977822817    
    311.5000000000000       0.1755262740450352        18.97983635410192        361.8018568215482        6927.013555889167        346.6109890362960        39.82252321591413    
    312.5000000000000       0.1878565253445687        19.16395509536977        368.8740275209259        7131.631975671670        346.3257188940750        40.76362344806430    
    313.5000000000000       0.2014172761204938        19.35427159628646        376.2560519168075        7347.323038862077        346.0265723034049        41.70298729177208    
    314.5000000000000       0.2163519824036762        19.55091749690374        383.9602584382142        7574.701563193785        345.7128011798100        42.64050383396847    
    315.5000000000000       0.2328220708724156        19.75402082113204        391.9992393611249        7814.410549118084        345.3835997212875        43.57605368349783    
    316.5000000000000       0.2510114388078257        19.96372909485329        400.3868701900762        8067.156077332208        345.0380992444165        44.50950813913457    
    317.5000000000000       0.2711280395418274        20.18017534614267        409.1369128426875        8333.665071184618        344.6753624863431        45.44072826272960    
    318.5000000000000       0.2934088527668997        20.40349557034595        418.2637654660580        8614.710731310550        344.2943773141300        46.36956384515234    
    319.5000000000000       0.3181216237464442        20.63383629057753        427.7827649900642        8911.122725932586        343.8940497768825        47.29585225094486    
    320.5000000000000       0.3455743752607749        20.87132220258869        437.7088658441281        9223.748207182321        343.4731964296171        48.21941712559437    
    321.5000000000000       0.3761151380117312        21.11610102781340        448.0585834169131        9553.516419354761        343.0305358511438        49.14006694702444    
    322.5000000000000       0.4101411902812231        21.36829619778789        458.8479206335328        9901.371766366821        342.5646792714402        50.05759340026385    
    323.5000000000000       0.4481093975958102        21.62806457059239        470.0950367813454        10268.36852888533        342.0741202173957        50.97176955122780    
    324.5000000000000       0.4905380261732553        21.89550812053647        481.8161018101086        10655.52587841428        341.5572230797680        51.88234779209503    
    325.5000000000000       0.5380239327545792        22.17077325924281        494.0300567238717        11064.00150655649        341.0122104993288        52.78905752684094    
    326.5000000000000       0.5912502660312859        22.45398827783682        506.7555978502848        11494.98390883471        340.4371494672898        53.69160256103989    
    327.5000000000000       0.6510020671078509        22.74527667142004        520.0118589405291        11949.72067200880        339.8299360354006        54.58965815504820    
    328.5000000000000       0.7181797865760652        23.04476251232483        533.8187149272082        12429.53338718317        339.1882785362171        55.48286769409497    
    329.5000000000000       0.7938233028745189        23.35256493576888        548.1964770014640        12935.80750858700        338.5096792262586        56.37083892264065    
    330.5000000000000       0.8791212033073588        23.66879313401314        563.1657031494045        13469.98967934268        337.7914142872174        57.25313968365734    
    331.5000000000000       0.9754596983138180        23.99358431830523        578.7490871589177        14033.66146336493        337.0305121573279        58.12929309634761    
    332.5000000000000        1.084429453535504        24.32704676552952        594.9686411786830        14628.43683190143        336.2237302221924        58.99877209845130    
    333.5000000000000        1.207872314577501        24.66929057666297        611.8471041349318        15256.01282347542        335.3675299794876        59.86099327205060    
    334.5000000000000        1.347905327277794        25.02040411602273        629.4069540305359        15918.14290767154        334.4580509152343        60.71530986524260    
    335.5000000000000        1.506991961131292        25.38045839598177        647.6703801899969        16616.62946981859        333.4910835040268        61.56100391708055    
    336.5000000000000        1.687983621014053        25.74952147777717        666.6601165408470        17353.36174811125        332.4620419889736        62.39727739111875    
    337.5000000000000        1.894156085696534        26.12765846468782        686.3993843616435        18130.31525748423        331.3659379308233        63.22324222566042    
    338.5000000000000        2.129331941729897        26.51490473907278        706.9104999385657        18949.49956720148        330.1973559666175        64.03790921917539    
    339.5000000000000        2.397945981164893        26.91127903330070        728.2154144128290        19812.97732856189        328.9504338180339        64.84017569121366    
    340.5000000000000        2.705129169874929        27.31684775640921        750.3395374587320        20723.03780542463        327.6188493741402        65.62881189783796    
    341.5000000000000        3.056826250766146        27.73161257006209        773.3049421534897        21681.89240556394        326.1958186792284        66.40244624328818    
    342.5000000000000        3.459979214084837        28.15559227886850        797.1356106550645        22691.92759334487        324.6741099148421        67.15954942558501    
    343.5000000000000        3.922661431728749        28.58885621491788        821.8591064175077        23755.77175529628        323.0460799895528        67.89841779471725    
    344.5000000000000        4.454221102215792        29.03138265844499        847.4980656090391        24875.91182409361        321.3037421162464        68.61715640167719    
    345.5000000000000        5.065480351354778        29.48311193998551        874.0732549896499        26054.82966515134        319.4388746708876        69.31366248979631    
    346.5000000000000        5.769092589968675        29.94405169532508        901.6100918743907        27295.31010916785        317.4431834797580        69.98561054023634    
    347.5000000000000        6.579704460977240        30.41416523374250        930.1317009070126        28600.11822203280        315.3085310892272        70.63044043900923    
    348.5000000000000        7.514341451051979        30.89343005304814        959.6626377567337        29972.18258221374        313.0272469050917        71.24535087803409    
    349.5000000000000        8.592800974570704        31.38180877511840        990.2270704001447        31414.51382370996        310.5925304213408        71.82730070704757    
    350.5000000000000        9.837974310605249        31.87919619076710        1021.844939563738        32929.99991552857        307.9989548684045        72.37302154605761    
    351.5000000000000        11.27656282097892        32.38553938759870        1054.539989908233        34521.81564449941        305.2430691092449        72.87904542208673    
    352.5000000000000        12.93941776468981        32.90069384812338        1088.329955101195        36192.92043657695        302.3240802959512        73.34175131349964    
    353.5000000000000        14.86227887693629        33.42450478166167        1123.231725205554        37946.30786072709        299.2445783162302        73.75743401157295    
    354.5000000000000        17.08657125514107        33.95678999715741        1159.260067802435        39784.93537853803        296.0112368596278        74.12239735953597    
    355.5000000000000        19.66026825658335        34.49729783081193        1196.423974426302        41711.49217975321        292.6353992827403        74.43307148604984    
    356.5000000000000        22.63893193360432        35.04581404533864        1234.734653236704        43728.84749658292        289.1334379089710        74.68615009866838    
    357.5000000000000        26.08674038543892        35.60203282861794        1274.195344337381        45839.44458721918        285.5267728980938        74.87873958927592    
    358.5000000000000        30.07810574711124        36.16575071989301        1314.816024493229        48046.13507610766        281.8414606695203        75.00850742897619    
    359.5000000000000        34.69896154295138        36.73675908073881        1356.605522442650        50351.74187295195        278.1073159004757        75.07381427506881    
