 # author: MA Kubiak / Space Research Center PAS Warsaw Poland, contact: mkubiak@cbk.waw.pl                          
 # code version Program.keplerV_ellipt_V2      , Dates: calkV:20/04/2026  ; part_pr:20/04/2026                       
 # czas no T v_mas, kier.naplywu(dl, szer) macierz obrotu (ecl to helio), r, theta, phi(ecl,spher), V_detector(ecl,cart), IBEX_energy_channel
 #     2025.986146000000        0.8088930000000000E-03     9480.000000000000        -11.28000000301609         251.5700000000000         11.95000000000000        0.2459841265748581        0.9692738567985851         0.000000000000000       -0.9615244635393438        0.2440174711049008        0.1261989691358298        0.1223213615382913       -0.3104294319752456E-01    0.9920049496797150        0.9752110000000000         95.21846400000000       -0.3324000000000000E-01    -29.64200000000000        -2.794999999999999       -0.1400000000000000E-01 00
 # routs_end= 150.00;    Maxwellian,    elliptOrb=Off                                                                                        
 # Numerical parameters: GridKl=10  GridKf=09  GridKV=05  epsV= 0.0000100  epssJon=.0010000                                                  
 # Numerical parameters: GridKl=10  GridKf=09  GridKV=05  epsV= 0.0000100  epssJon=.0010000; tessel128                                                                                                                                                                                                                                                                                                                                                                                                                                                                 
# Axis to the Sun: alpha_ecl= 271.1640000000000000 delta_Ecl= 0.0800000000000000 delta_Ax= 90.0000000000000000  repoint= 00090
 #  flag_atom: He                                                   
 #  flag_general:                                                   
 #                                                                  
 #                                                                  
  # Ly_a_Profil: zero                                               
  # flag_Itot: zero                                                 
 #  v_SW_Eqtr: speed3D.hybrid2026c_patched.dat                      
 #  n_SW_Eqtr: density3D.hybrid2026c_patched.dat                    
 #  phot_Eqtr: 0.8500000  phion_Helium_T12F107_2026c.dat            
 #  sigma_SW: p+He->H +He+, He + alpha (2 chnls);src:simuLosses.nb  
 #  flag_el:slow  swEqtrElectrons5.2026c.patched.dat                
 #  SW_lati: interpolation                                          
 #  phot_lati: analit pole-flattened after Pryor & Auchere          
 #
 #
 #
 #Spin  flux speed	speed^2 speed^3    long_ecl lat_ecl
   0.5000000000000000        456.5014969177209        33.01680651592481        1095.963326811050        36573.07627926360        172.0739556334151        89.49363809988326    
    1.500000000000000        486.9266477154903        33.55926952097332        1132.231405848796        38401.29906398329        178.1118172156225        88.49786616374467    
    2.500000000000000        519.4228459493785        34.10956440594590        1169.620434979865        40316.55455745116        179.3323261006207        87.49871863495891    
    3.500000000000000        554.1233817467942        34.66748588619637        1208.141882166722        42321.71065841548        179.8562415994366        86.49908446631127    
    4.500000000000000        591.1701361859604        35.23271997945877        1247.798209332644        44419.16691818293        180.1476130132355        85.49928790298576    
    5.500000000000000        630.7070566692607        35.80512644583915        1288.604361566551        46612.08376621437        180.3332291370924        84.49941749594190    
    6.500000000000000        672.8890973105520        36.38435937692259        1330.558920605701        48902.72821592197        180.4618867683621        83.49950731994237    
    7.500000000000000        717.8752788898981        36.97018260015786        1373.667734109172        51293.80625607795        180.5563650075887        82.49957328035138    
    8.500000000000000        765.8404364063642        37.56230427063203        1417.931772342760        53787.78952530429        180.6287255817730        81.49962379881443    
    9.500000000000000        816.9633024456940        38.16038672114470        1463.346962799980        56386.85021849412        180.6859524095313        80.49966375145112    
    10.50000000000000        871.4235752343767        38.76414925160213        1509.912635527590        59093.37584753703        180.7323692185403        79.49969615699875    
    11.50000000000000        929.4196476062975        39.37323613659080        1557.620886962894        61909.32192388787        180.7707960019176        78.49972298429182    
    12.50000000000000        991.1580943772137        39.98731556040760        1606.464233171483        64836.65195994861        180.8031504487230        77.49974557219036    
    13.50000000000000        1056.850358626206        40.60607061130958        1656.435273559755        67877.33616640586        180.8307821012835        76.49976486288818    
    14.50000000000000        1126.708492132516        41.22904233622891        1707.512527217671        71032.38795677536        180.8546682533155        75.49978153868697    
    15.50000000000000        1200.980564464591        41.85597296530231        1759.690456585098        74303.83430666884        180.8755340225321        74.49979610582830    
    16.50000000000000        1279.875340191136        42.48639727467971        1812.943744973725        77692.35613288089        180.8939287634919        73.49980894784328    
    17.50000000000000        1363.664764344541        43.11999320601481        1867.257731984893        81199.27216007933        180.9102762833422        72.49982036061132    
    18.50000000000000        1452.581115268666        43.75634057448248        1922.607448993996        84825.15909972972        180.9249087722516        71.49983057604926    
    19.50000000000000        1546.900140452523        44.39503287373356        1978.966954136826        88570.42846568962        180.9380902942130        70.49983977851156    
    20.50000000000000        1646.874574661218        45.03567960288861        2036.309873657979        92435.37443907383        180.9500334027927        69.49984811639084    
    21.50000000000000        1752.782594716985        45.67787870378653        2094.606935096017        96420.00177103527        180.9609111201144        68.49985571048094    
    22.50000000000000        1864.901580730557        46.32118132531036        2153.822204449419        100523.7183909565        180.9708657215689        67.49986266011005    
    23.50000000000000        1983.504485543614        46.96519957258007        2213.923520155139        104746.0852304631        180.9800152777016        66.49986904770788    
    24.50000000000000        2108.884162802747        47.60950128365749        2274.872341385780        109086.0691274528        180.9884585940623        65.49987494225437    
    25.50000000000000        2241.301066696653        48.25367088133371        2336.629613619305        113542.4597837193        180.9962789887791        64.49988040191711    
    26.50000000000000        2381.060733752471        48.89727943028932        2399.152906835227        118113.6522312464        181.0035472148654        63.49988547609146    
    27.50000000000000        2528.420532151302        49.53991258687945        2462.398946676362        122797.8097449708        181.0103237449575        62.49989020699559    
    28.50000000000000        2683.658727699110        50.18113262905177        2526.320100255049        127592.6089859736        181.0166605750765        61.49989463092985    
    29.50000000000000        2847.025927483325        50.82052829871714        2590.869196567864        132495.5807757359        181.0226026615422        60.49989877927987    
    30.50000000000000        3018.781547177337        51.45767795936923        2655.995997007466        137503.8466954264        181.0281890752312        59.49990267932247    
    31.50000000000000        3199.146948198638        52.09216627404474        2721.648703375421        142614.2103203731        181.0334539359920        58.49990635487790    
    32.50000000000000        3388.336731824123        52.72357580214689        2787.773385062335        147823.1252999592        181.0384271745671        57.49990982684187    
    33.50000000000000        3586.537752286277        53.35149013293790        2854.314076809455        153126.6772757813        181.0431351580648        56.49991311362223    
    34.50000000000000        3793.911235972430        53.97552383651581        2921.216233975743        158520.8704666809        181.0476012066667        55.49991623149960    
    35.50000000000000        4010.584802667080        54.59526357055818        2988.420415161077        164001.1113356388        181.0518460230178        54.49991919492718    
    36.50000000000000        4236.644727496960        55.21032125969683        3055.868041671355        169562.6687723454        181.0558880510447        53.49992201678136    
    37.50000000000000        4472.144190433767        55.82030769051492        3123.498679531287        175200.4568318389        181.0597437773760        52.49992470857201    
    38.50000000000000        4717.080573725980        56.42485004171036        3191.251992937432        180909.1912623602        181.0634279858010        51.49992728062018    
    39.50000000000000        4971.413722169968        57.02358667120960        3259.067344197843        186683.3640152624        181.0669539730898        50.49992974220881    
    40.50000000000000        5235.043426796853        57.61615236318089        3326.882052248804        192517.0827392584        181.0703337328536        49.49993210171105    
    41.50000000000000        5507.793013946101        58.20218773808814        3394.632687571202        198404.1953014255        181.0735781128357        48.49993436670006    
    42.50000000000000        5789.440599639477        58.78134250490309        3462.255425338829        204338.3124385746        181.0766969500115        47.49993654404337    
    43.50000000000000        6079.689416229392        59.35327865239676        3529.686600080502        210312.8681557623        181.0796991870671        46.49993863998420    
    44.50000000000000        6378.159284337067        59.91765847018546        3596.861315530142        216320.9941076483        181.0825929731881        45.49994066021172    
    45.50000000000000        6684.401796607658        60.47416650271693        3663.716219620468        222355.7779653258        181.0853857515721        44.49994260992227    
    46.50000000000000        6997.873031300533        61.02248525502532        3730.186666083207        228410.0117126079        181.0880843356638        43.49994449387260    
    47.50000000000000        7317.950075310894        61.56230719309605        3796.208243847668        234476.3346839587        181.0906949757772        42.49994631642620    
    48.50000000000000        7643.931108781002        62.09333238153248        3861.716557164111        240547.2173628088        181.0932234174904        41.49994808159426    
    49.50000000000000        7975.002174937785        62.61526741057599        3926.647224440737        246614.9715443488        181.0956749529799        40.49994979307142    
    50.50000000000000        8310.269777953528        63.12782757932940        3990.936249030597        252671.7933654579        181.0980544662717        39.49995145426740    
    51.50000000000000        8648.737716384334        63.63073844255233        4054.520265665863        258709.7903468238        181.1003664732389        38.49995306833485    
    52.50000000000000        8989.313927255800        64.12373545509831        4117.336634280035        264721.0030635468        181.1026151570451        37.49995463819418    
    53.50000000000000        9330.821669924737        64.60656411795779        4179.323567258893        270697.4280239115        181.1048043996323        36.49995616655549    
    54.50000000000000        9671.987732470041        65.07897500215495        4240.419546821432        276630.9672183933        181.1069378097613        35.49995765593818    
    55.50000000000000        10011.45601281890        65.54073311293502        4300.564656337473        282513.5700330962        181.1090187480403        34.49995910868840    
    56.50000000000000        10347.80644721512        65.99161286784272        4359.700031494384        288337.1911944051        181.1110503493171        33.49996052699467    
    57.50000000000000        10679.55959884691        66.43140133847362        4417.768383597258        294093.8537117183        181.1130355427550        32.49996191290192    
    58.50000000000000        11005.19223320895        66.85989853798146        4474.714129360697        299775.6728334544        181.1149770698734        31.49996326832414    
    59.50000000000000        11323.13879145068        67.27691441486040        4530.483040587299        305374.8281731897        181.1168775007907        30.49996459505554    
    60.50000000000000        11631.83255159433        67.68226646244052        4585.022046170534        310883.5585750344        181.1187392488819        29.49996589478102    
    61.50000000000000        11929.69343392116        68.07577702949047        4638.278927570260        316294.1399405909        181.1205645840303        28.49996716908524    
    62.50000000000000        12215.16295476325        68.45727453478416        4690.202578401944        321598.9243774941        181.1223556446335        27.49996841946107    
    63.50000000000000        12486.72095513814        68.82659843853470        4740.743740792971        326790.4248892079        181.1241144485020        26.49996964731720    
    64.50000000000000        12742.90680201697        69.18359113121544        4789.853952018045        331861.2162395746        181.1258429027726        25.49997085398508    
    65.50000000000000        12982.29474576273        69.52809539351016        4837.485254535108        336803.9145839962        181.1275428129434        24.49997204072517    
    66.50000000000000        13203.57200156982        69.85996059127612        4883.591110483925        341611.2819889687        181.1292158911241        23.49997320873272    
    67.50000000000000        13405.47136161102        70.17904014392623        4928.126083749724        346276.2001984101        181.1308637635860        22.49997435914311    
    68.50000000000000        13586.83141036395        70.48518578004297        4971.045082719999        350791.5997652294        181.1324879776840        21.49997549303656    
    69.50000000000000        13746.57994050798        70.77825964264072        5012.305144202791        355150.6605609474        181.1340900082169        20.49997661144269    
    70.50000000000000        13883.79051445873        71.05813356614749        5051.865384250092        359346.8159412346        181.1356712632839        19.49997771534452    
    71.50000000000000        13997.64709676034        71.32468610398536        5089.686601382227        363373.7167103177        181.1372330896878        18.49997880568230    
    72.50000000000000        14087.47508165868        71.57780175370068        5125.731227046475        367225.2359111023        181.1387767779329        17.49997988335695    
    73.50000000000000        14152.74166840186        71.81737115259355        5159.963406578679        370895.4867587780        181.1403035668580        16.49998094923334    
    74.50000000000000        14193.07179551916        72.04329034727985        5192.348931852838        374378.8229843723        181.1418146479409        15.49998200414327    
    75.50000000000000        14208.24146837428        72.25546183890741        5222.855420559397        377669.8646082066        181.1433111693090        14.49998304888826    
    76.50000000000000        14198.20718559340        72.45379106128696        5251.451857663807        380763.4569496966        181.1447942394861        13.49998408424224    
    77.50000000000000        14163.11217289903        72.63819359202030        5278.109700419584        383654.8006240901        181.1462649309009        12.49998511095384    
    78.50000000000000        14103.26312367934        72.80858943117335        5302.802070207516        386339.3689668312        181.1477242831845        11.49998612974888    
    79.50000000000000        14019.16358181936        72.96490335428665        5325.503844663082        388812.9254497664        181.1491733062769        10.49998714133243    
    80.50000000000000        13911.48248662985        73.10705812335432        5346.190663637190        391071.4171206034        181.1506129833653        9.499988146390846    
    81.50000000000000        13781.04777992416        73.23497991259322        5364.839775729688        393111.0759681464        181.1520442736716        8.499989145593796    
    82.50000000000000        13628.80980195816        73.34859771955330        5381.429966342114        394928.4149419126        181.1534681151067        7.499990139596056    
    83.50000000000000        13455.87658732758        73.44784785751789        5395.942254105692        396520.3109185089        181.1548854268089        6.499991129039278    
    84.50000000000000        13263.47002310546        73.53267065357096        5408.359411228374        397883.9543136498        181.1562971115797        5.499992114553729    
    85.50000000000000        13052.91229635640        73.60300880586718        5418.665750909948        399016.8305710323        181.1577040582323        4.499993096759920    
    86.50000000000000        12825.60645553433        73.65880926612998        5426.847420283626        399916.7557558792        181.1591071438658        3.499994076270138    
    87.50000000000000        12582.99672208897        73.70002647256189        5432.892899332893        400581.9354654382        181.1605072360769        2.499995053690081    
    88.50000000000000        12326.57899870341        73.72662088163402        5436.792809971182        401010.9475434181        181.1619051951228        1.499996029620316    
    89.50000000000000        12057.87145094160        73.73855216592938        5438.538892726313        401202.6272799597        181.1633018760445       0.4999970046577332    
    90.50000000000000        11778.39094808690        73.73579087649887        5438.125775818338        401156.2691820264        181.1646981307637      -0.5000020206029189    
    91.50000000000000        11489.64184821748        73.71831267606900        5435.550114329343        400871.5307087707        181.1660948101633       -1.500001045567617    
    92.50000000000000        11193.11470015107        73.68610029262918        5430.810896558322        400348.4681676524        181.1674927661629       -2.500000069641654    
    93.50000000000000        10890.28601607991        73.63914402739820        5423.909526587077        399587.5463935584        181.1688928537987       -3.499999092228109    
    94.50000000000000        10582.55622549298        73.57743723626899        5414.849133660863        398589.5589331406        181.1702959333208       -4.499998112726422    
    95.50000000000000        10271.29385029630        73.50097929348512        5403.635028183201        397355.6797740827        181.1717028723168       -5.499997130530948    
    96.50000000000000        9957.801963362925        73.40977912939059        5390.275224393249        395887.5201539147        181.1731145478738       -6.499996145029383    
    97.50000000000000        9643.305221490704        73.30385126985792        5374.779832437733        394187.0571395500        181.1745318487910       -7.499995155601241    
    98.50000000000000        9328.958763853829        73.18321719347216        5357.161251771429        392256.6526245186        181.1759556778532       -8.499994161616279    
    99.50000000000000        9015.864937007042        73.04790853357964        5337.434638395823        390099.1025437760        181.1773869541792       -9.499993162432880    
    100.5000000000000        8705.012108643490        72.89796281266506        5315.617247751677        387717.5588409547        181.1788266156583       -10.49999215739628    
    101.5000000000000        8397.316669037173        72.73342523918205        5291.728686758814        385115.5535094664        181.1802756214876       -11.49999114583688    
    102.5000000000000        8093.605164357862        72.55434886385507        5265.790904767099        382296.9913375991        181.1817349548268       -12.49999012706832    
    103.5000000000000        7794.625352836153        72.36079556212390        5237.828311573840        379266.1572111116        181.1832056255857       -13.49998910038560    
    104.5000000000000        7501.041234829010        72.15283386182487        5207.867428269756        376027.6712279713        181.1846886733618       -14.49998806506295    
    105.5000000000000        7213.431211429211        71.93053884317655        5175.936827564658        372586.4739336614        181.1861851705473       -15.49998702035176    
    106.5000000000000        6932.290817751005        71.69399912095412        5142.068139469538        368947.9316686610        181.1876962256259       -16.49998596547820    
    107.5000000000000        6658.046772549872        71.44330834076213        5106.294736836969        365117.6809294465        181.1892229866817       -17.49998489964077    
    108.5000000000000        6391.066717430058        71.17857437341320        5068.653027498950        361101.7608873187        181.1907666451454       -18.49998382200777    
    109.5000000000000        6131.623983546580        70.89990845884698        5029.180829169475        356906.4273492802        181.1923284398046       -19.49998273171439    
    110.5000000000000        5879.943051195619        70.60743508617250        4987.918744341876        352538.2921927800        181.1939096611086       -20.49998162785976    
    111.5000000000000        5636.181468636310        70.30129155170260        4944.910011303307        348004.2943234235        181.1955116558006       -21.49998050950375    
    112.5000000000000        5400.436649976556        69.98162333602097        4900.199798293352        343311.6152368918        181.1971358319156       -22.49997937566341    
    113.5000000000000        5172.759046719788        69.64859713263715        4853.836967103432        338467.8538260331        181.1987836641834       -23.49997822530922    
    114.5000000000000        4953.141474910536        69.30237836084832        4805.870795506073        333480.6643493213        181.2004566998846       -24.49997705736107    
    115.5000000000000        4741.539530838611        68.94315087456485        4756.353723888106        328358.0398387311        181.2021565652105       -25.49997587068369    
    116.5000000000000        4537.869924150008        68.57110669960575        4705.339784856309        323108.1293806552        181.2038849721848       -26.49997466408197    
    117.5000000000000        4342.010430065329        68.18644623120893        4652.884574914540        317739.2257798446        181.2056437262131       -27.49997343629552    
    118.5000000000000        4153.819784904173        67.78938286687291        4599.045813936749        312259.8117289236        181.2074347343328       -28.49997218599308    
    119.5000000000000        3973.123921918213        67.38013198892044        4543.881717774023        306678.3770273232        181.2092600142476       -29.49997091176612    
    120.5000000000000        3799.737371374692        66.95892087996009        4487.452283896876        301003.5403145491        181.2111217042402       -30.49996961212188    
    121.5000000000000        3633.457459621961        66.52598336305593        4429.818505691997        295243.9603256223        181.2130220740700       -31.49996828547590    
    122.5000000000000        3474.070234678803        66.08155996493451        4371.042252503975        289408.3067250769        181.2149635369790       -32.49996693014352    
    123.5000000000000        3321.358875541649        65.62590231672738        4311.186825216450        283505.3103888928        181.2169486629424       -33.49996554433061    
    124.5000000000000        3175.101809801503        65.15926827148637        4250.316152993726        277543.6656807016        181.2189801933247       -34.49996412612348    
    125.5000000000000        3035.074108303304        64.68191900436584        4188.494364938616        271531.9821311930        181.2210610571230       -35.49996267347746    
    126.5000000000000        2901.045416143828        64.19411889492707        4125.785697934626        265478.7665542699        181.2231943890049       -36.49996118420420    
    127.5000000000000        2772.799731368798        63.69615848703052        4062.257363013607        259392.6900257157        181.2253835493846       -37.49995965595785    
    128.5000000000000        2650.108445224344        63.18831895990805        3997.974871645594        253282.1262592931        181.2276321468125       -38.49995808621937    
    129.5000000000000        2532.752634394389        62.67089130143423        3933.004434419833        247155.3767252063        181.2299440630032       -39.49995647227887    
    130.5000000000000        2420.522109618441        62.14417670087952        3867.412848437769        241020.6443000894        181.2323234808739       -40.49995481121638    
    131.5000000000000        2313.202993818617        61.60848263009222        3801.266998792920        234885.9868680694        181.2347749160297       -41.49995309987956    
    132.5000000000000        2210.596237189223        61.06413457710227        3734.635097920937        228759.4137696327        181.2373032522062       -42.49995133485912    
    133.5000000000000        2112.504464523895        60.51146253510031        3667.584978272233        222648.7254682579        181.2399137812632       -43.49994951246088    
    134.5000000000000        2018.727010142504        59.95077417193664        3600.180737610757        216561.2013596513        181.2426122484341       -44.49994762867414    
    135.5000000000000        1929.080843787506        59.38242309628233        3532.490987648186        210504.3499888638        181.2454049036559       -45.49994567913586    
    136.5000000000000        1843.388177984837        58.80675727826707        3464.582374557938        204485.3034499435        181.2482985599619       -46.49994365908995    
    137.5000000000000        1761.464407695248        58.22412928577294        3396.520821644002        198510.9342334204        181.2513006600985       -47.49994156334072    
    138.5000000000000        1683.148323801302        57.63490034709984        3328.372080467840        192587.9137360342        181.2544193527559       -48.49993938619960    
    139.5000000000000        1608.267073969692        57.03943881073590        3260.200973922304        186722.6020229086        181.2576635800758       -49.49993712142418    
    140.5000000000000        1536.668878665387        56.43810415928984        3192.070227786898        180921.0084309418        181.2610431784329       -50.49993476214781    
    141.5000000000000        1468.200801581919        55.83130326254734        3124.046036990298        175189.2026865983        181.2645689949075       -51.49993230079819    
    142.5000000000000        1402.718488213955        55.21939137668632        3056.187308715246        169532.4441655543        181.2682530223762       -52.49992972900325    
    143.5000000000000        1340.088302999235        54.60276068717028        2988.555421948824        163955.9958446822        181.2721085567937       -53.49992703748122    
    144.5000000000000        1280.160980618281        53.98181830699833        2921.211376023743        158464.8611599077        181.2761503810415       -54.49992421591223    
    145.5000000000000        1222.843291684434        53.35690598373087        2854.207638076918        153063.1726562571        181.2803949807348       -55.49992125278787    
    146.5000000000000        1167.974247701344        52.72849579752484        2787.608521164803        147755.7906197344        181.2848607986654       -56.49991813523341    
    147.5000000000000        1115.479910831136        52.09692320020440        2721.462005521619        142546.0799356791        181.2895685362037       -57.49991484879734    
    148.5000000000000        1065.219687060040        51.46260989813899        2655.823291961095        137437.7851974890        181.2945415120944       -58.49991137720109    
    149.5000000000000        1017.118664039018        50.82597816039552        2590.745557443321        132434.2935650012        181.2998060918206       -59.49990770203912    
    150.5000000000000        971.0590399285583        50.18740220705912        2526.275164931526        127538.2885109910        181.3053922042787       -60.49990380241830    
    151.5000000000000        926.9645747070099        49.54732384596723        2462.463210498243        122752.6255236639        181.3113339672127       -61.49989965452131    
    152.5000000000000        884.7402795443988        48.90608411497658        2399.348740686890        118079.0845956157        181.3176704490885       -62.49989523107475    
    153.5000000000000        844.3031186042904        48.26414519106838        2336.980824045984        113520.0284334239        181.3244466034516       -63.49989050069684    
    154.5000000000000        805.5857101408566        47.62189495268434        2275.399063699686        109076.9541040771        181.3317144231148       -64.49988542709177    
    155.5000000000000        768.5030640723676        46.97969883906499        2214.639052059837        104750.9275951687        181.3395343769830       -65.49987996804663    
    156.5000000000000        732.9972747692592        46.33799816239045        2154.741451608298        100543.2272283071        181.3479772137046       -66.49987407417213    
    157.5000000000000        698.9935659469495        45.69714977707179        2095.736953672476        96454.28962948809        181.3571262462691       -67.49986768730797    
    158.5000000000000        666.4422270275935        45.05757609120289        2037.660573506808        92484.74336140059        181.3670802741343       -68.49986073848277    
    159.5000000000000        635.2827979159582        44.41963050259804        1980.538660934264        88634.47774905393        181.3779573605691       -69.49985314527699    
    160.5000000000000        605.4455415954085        43.78374935468409        1924.403580915166        84903.71513328540        181.3898997722006       -70.49984480837480    
    161.5000000000000        576.9038006647536        43.15024950127512        1869.274879480010        81291.70138258833        181.4030805205017       -71.49983560699744    
    162.5000000000000        549.5894098704756        42.51955848402936        1815.179978996713        77798.11621117563        181.4177121459642       -72.49982539277059    
    163.5000000000000        523.4598913657707        41.89204403999018        1762.139465155928        74422.12556517536        181.4340586963521       -73.49981398136269    
    164.5000000000000        498.4706790500235        41.26808457183671        1710.172622681435        71162.71297484194        181.4524523414381       -74.49980114088571    
    165.5000000000000        474.5801693023190        40.64802820964119        1659.294925358824        68018.59114330680        181.4733168623791       -75.49978657549683    
    166.5000000000000        451.7438624615457        40.03221529625553        1609.519303925536        64988.24740750274        181.4972015800891       -76.49976990171247    
    167.5000000000000        429.9220073393047        39.42102576105627        1560.860284704516        62070.22426633177        181.5248315679414       -77.49975061335373    
    168.5000000000000        409.0782916659452        38.81477994020862        1513.326129503758        59262.65584555076        181.5571840600021       -78.49972802820325    
    169.5000000000000        389.1714695082184        38.21380471851136        1466.924343836500        56563.61965347653        181.5956085164058       -79.49970120418354    
    170.5000000000000        370.1701591936796        37.61841096236877        1421.659517872879        53970.98976810127        181.6420225097214       -80.49966880259990    
    171.5000000000000        352.0335940871127        37.02893592016473        1377.536951584290        51482.67644294442        181.6992458623068       -81.49962885486012    
    172.5000000000000        334.7328309011272        36.44566341953268        1334.557194251697        49096.35026792757        181.7716020410518       -82.49957834259813    
    173.5000000000000        318.2367720181147        35.86886210756158        1292.718079461539        46809.51401502275        181.8660745454472       -83.49951239029217    
    174.5000000000000        302.5099648455416        35.29884498004431        1252.019809105258        44619.82790947831        181.9947243834212       -84.49942257732631    
    175.5000000000000        287.5245695300977        34.73579722438209        1212.452411161778        42524.42505824411        182.1803293099483       -85.49929300027202    
    176.5000000000000        273.2497195297002        34.17998735616007        1174.011112103705        40520.75643923102        182.4716832790634       -86.49908958848631    
    177.5000000000000        259.6549625569882        33.63165888194904        1136.688523322903        38606.16802697508        182.9955678643607       -87.49872380160161    
    178.5000000000000        246.7191941168810        33.09099419040488        1100.472677976699        36777.82835393633        184.2160071630473       -88.49787143237891    
    179.5000000000000        234.4104224015743        32.55820927733131        1065.352858494198        35032.99585077864        190.2535792535291       -89.49364383728965    
    180.5000000000000        222.7048460423651        32.03350165236296        1031.317879114985        33369.03336789949        352.0745998307331       -89.49363394518338    
    181.5000000000000        211.5751293100479        31.51700676383442        998.3499084019293        31782.89455218841        358.1120131907926       -88.49786142868543    
    182.5000000000000        200.9980616200421        31.00892083187234        966.4366518176962        30271.99683671852        359.3324394793278       -87.49871378881710    
    183.5000000000000        190.9525614936390        30.50934071734096        935.5588853064336        28833.45530854555        359.8563204718794       -86.49907957319277    
    184.5000000000000        181.4116750389757        30.01839940444162        905.6993644018471        27464.54118603717       0.1476829793661676       -85.49928298394538    
    185.5000000000000        172.3548292971655        29.53625795462785        876.8426366831951        26162.68678422061       0.3332871567210327       -84.49941256047666    
    186.5000000000000        163.7609916565306        29.06293441864737        848.9644937015480        24924.99370683639       0.4619365637411676       -83.49950237314158    
    187.5000000000000        155.6078543124688        28.59851892106445        822.0453578289063        23748.85617014778       0.5564087977283033       -82.49956832525878    
    188.5000000000000        147.8753440048009        28.14309597981787        796.0654558139577        22631.73573896827       0.6287647957460353       -81.49961883739458    
    189.5000000000000        140.5446387926838        27.69668088563381        771.0014017609731        21571.01934809847       0.6859880216061127       -80.49965878504594    
    190.5000000000000        133.5975890882593        27.25931746101080        746.8314921940138        20564.23273855183       0.7324019226467710       -79.49969118656519    
    191.5000000000000        127.0149355005332        26.83099199533083        723.5315525907630        19608.89281725419       0.7708263097836551       -78.49971801053648    
    192.5000000000000        120.7816833836164        26.41175962552747        701.0815406936630        18702.76081944427       0.8031787485276267       -77.49974059564974    
    193.5000000000000        114.8789221893004        26.00157400878036        679.4562108614435        17843.45443431673       0.8308086944679680       -76.49975988397924    
    194.5000000000000        109.2915654221697        25.60042021233072        658.6326792552433        17028.77085865275       0.8546933786363587       -75.49977655774018    
    195.5000000000000        104.0045775341301        25.20828024745177        638.5885218241295        16256.60154823032       0.8755578723177162       -74.49979112311006    
    196.5000000000000        99.00138830572473        24.82508919607400        619.2992677197525        15524.82364328261       0.8939514949504479       -73.49980396357135    
    197.5000000000000        94.26878242354741        24.45080548488557        600.7424994125247        14831.47438856674       0.9102980266251121       -72.49981537496618    
    198.5000000000000        89.79365757854060        24.08538340632342        582.8960626715826        14174.66426969175       0.9249296363283161       -71.49982558918201    
    199.5000000000000        85.56146609156022        23.72872585282067        565.7358891493760        13552.49862671648       0.9381103712340376       -70.49983479055005    
    200.5000000000000        81.56089586438380        23.38077690774302        549.2407516013153        12963.25934384136       0.9500527713843985       -69.49984312744419    
    201.5000000000000        77.77896877396454        23.04143043896410        533.3874933793205        12405.21377095754       0.9609298479046455       -68.49985072064304    
    202.5000000000000        74.20430101825366        22.71060324541737        518.1548714867247        11876.76401563017       0.9708838671499393       -67.49985766946224    
    203.5000000000000        70.82588494215830        22.38818844563614        503.5211102755821        11376.34749147912       0.9800328921736520       -66.49986405632114    
    204.5000000000000        67.63298442329456        22.07407877151578        489.4652409389667        10902.49080500441       0.9884757222611677       -65.49986995019101    
    205.5000000000000        64.61563752577911        21.76817615063471        475.9672955625896        10453.80451527320       0.9962956702626641       -64.49987540923206    
    206.5000000000000        61.76430223326724        21.47035045718823        463.0065826769747        10028.92724135510        1.003563484713002       -63.49988048283348    
    207.5000000000000        59.06963284605860        21.18048645919159        450.5637298456504        9626.589847736232        1.010339634423935       -62.49988521320815    
    208.5000000000000        56.52312498112472        20.89844923048489        438.6191913129002        9245.564868941490        1.016676112130982       -61.49988963665179    
    209.5000000000000        54.11653096845437        20.62410686416563        427.1541930887941        8884.693489506726        1.022617871315386       -60.49989378454617    
    210.5000000000000        51.84196206172785        20.35733508942259        416.1509683603167        8542.892528171327        1.028203980389155       -59.49989768416464    
    211.5000000000000        49.69226768095412        20.09799337555794        405.5916384123265        8219.113002519936        1.033468557050567       -58.49990135932445    
    212.5000000000000        47.66031515868981        19.84594736896558        395.4592489141849        7912.374355164470        1.038441530157605       -57.49990483091876    
    213.5000000000000        45.73964927165139        19.60105923537090        385.7372547397693        7621.742469765873        1.043149265160202       -56.49990811735305    
    214.5000000000000        43.92403754628190        19.36319827266580        376.4100308221818        7346.346630780040        1.047615080775018       -55.49991123490589    
    215.5000000000000        42.20763243523736        19.13222411278968        367.4620556665852        7085.348407815271        1.051859678348044       -54.49991419802877    
    216.5000000000000        40.58485708479708        18.90799717785442        358.8784170545515        6837.958358336195        1.055901500650094       -53.49991701959641    
    217.5000000000000        39.05051027728413        18.69038614523799        350.6450552919625        6603.440228875153        1.059757033278043       -52.49991971111720    
    218.5000000000000        37.59964994503078        18.47925780641513        342.7483190000217        6381.095067654232        1.063441059097529       -51.49992228291100    
    219.5000000000000        36.22757642168839        18.27447473107661        335.1748747824573        6170.257480531081        1.066966874049330       -50.49992474425954    
    220.5000000000000        34.92990129845078        18.07590391227359        327.9120293496068        5970.303538262268        1.070346470997795       -49.49992710353494    
    221.5000000000000        33.70247075564305        17.88341710484028        320.9477188332485        5780.648735392243        1.073590697012350       -48.49992936830944    
    222.5000000000000        32.54134374023267        17.69688541709706        314.2702705885616        5600.739242914893        1.076709388458380       -47.49993154544972    
    223.5000000000000        31.44283642343354        17.51618092235991        307.8684528098366        5430.052118573183        1.079711487468974       -46.49993364119815    
    224.5000000000000        30.40345471014298        17.34117913203215        301.7315519359235        5268.096258295573        1.082605142727038       -45.49993566124335    
    225.5000000000000        29.41994801584363        17.17175636351813        295.8492536736381        5114.407711357253        1.085397796972198       -44.49993761078093    
    226.5000000000000        28.48925902094472        17.00779245230034        290.2117255971230        4968.550803337596        1.088096263231628       -43.49993949456703    
    227.5000000000000        27.60850303122908        16.84917110466587        284.8096099133012        4830.116741617657        1.090706791437243       -42.49994131696469    
    228.5000000000000        26.77497513029548        16.69577573681114        279.6338569044247        4698.718026778758        1.093235126817557       -41.49994308198458    
    229.5000000000000        25.98613805300015        16.54749498718810        274.6759032179125        4573.992212893521        1.095686561228182       -40.49994479332088    
    230.5000000000000        25.23960740032505        16.40421783845817        269.9274856647947        4455.596082472132        1.098065978400575       -39.49994645438287    
    231.5000000000000        24.53315688047327        16.26583778525594        265.3807735112233        4343.208315863485        1.100377893936556       -38.49994806832288    
    232.5000000000000        23.86470408157309        16.13225244510916        261.0283387637743        4236.527872278334        1.102626490750065       -37.49994963806100    
    233.5000000000000        23.23228412628083        16.00336255123221        256.8631027005562        4135.271716547981        1.104815650552764       -36.49995116630691    
    234.5000000000000        22.63404900708484        15.87907024881191        252.8782693166946        4039.172538154404        1.106948981892638       -35.49995265557976    
    235.5000000000000        22.06827907659450        15.75928232137576        249.0674220064217        3947.980562794699        1.109029845181344       -34.49995410822547    
    236.5000000000000        21.53336021458089        15.64390967816575        245.4244921826503        3861.462108243673        1.111061375084486       -33.49995552643225    
    237.5000000000000        21.02777244197991        15.53286412987694        241.9436336731910        3779.395677975836        1.113046500596985       -32.49995691224482    
    238.5000000000000        20.55010740154861        15.42606158402887        238.6193246161251        3701.574174043767        1.114987963081709       -31.49995826757695    
    239.5000000000000        20.09901955344325        15.32342093241139        235.4463167575316        3627.803056696229        1.116888332512248       -30.49995959422264    
    240.5000000000000        19.67324226720423        15.22486216291462        232.4195669157781        3557.898277891520        1.118750022128906       -29.49996089386659    
    241.5000000000000        19.27160333893740        15.13030933244653        229.5343213197729        3491.687860414571        1.120575301689908       -28.49996216809334    
    242.5000000000000        18.89301067781907        15.03968970313298        226.7860838572064        3429.010853544994        1.122366309476597       -27.49996341839553    
    243.5000000000000        18.53644342552272        14.95293398094447        224.1706098361595        3369.716686923512        1.124125063191500       -26.49996464618173    
    244.5000000000000        18.20095302626096        14.86997471636770        221.6838490975356        3313.663513240857        1.125853469871003       -25.49996585278330    
    245.5000000000000        17.88564616052443        14.79074756006162        219.3219773546194        3260.718627718508        1.127553334919666       -24.49996703946046    
    246.5000000000000        17.58968570306824        14.71519260430073        217.0814336234605        3210.759126062687        1.129226370360375       -23.49996820740842    
    247.5000000000000        17.31229873747741        14.64325252050914        214.9588489895323        3163.669796864711        1.130874202383558       -22.49996935776245    
    248.5000000000000        17.05275723070621        14.57487121721816        212.9510008339965        3119.341855969313        1.132498378269079       -21.49997049160262    
    249.5000000000000        16.81038127904690        14.50999500063664        211.0548454000613        3077.673544696734        1.134100372746066       -20.49997160995847    
    250.5000000000000        16.58454583383393        14.44857267332096        209.2675144495889        3038.569817770806        1.135681593848736       -19.49997271381299    
    251.5000000000000        16.37466560774606        14.39055615623722        207.5863294257063        3001.942483919152        1.137243388319880       -18.49997380410623    
    252.5000000000000        16.18020604904636        14.33590099971427        206.0088118103157        2967.710255528862        1.138787046608198       -17.49997488173909    
    253.5000000000000        16.00067115613610        14.28456541904921        204.5326484534112        2935.797768275629        1.140313807500782       -16.49997594757643    
    254.5000000000000        15.83561103938549        14.23650960367662        203.1556670161235        2906.134882780537        1.141824862427863       -15.49997700244988    
    255.5000000000000        15.68461370949363        14.19169702230933        201.8758714519308        2878.657354049436        1.143321359473158       -14.49997804716095    
    256.5000000000000        15.54730742697842        14.15009327188006        200.6914035291784        2853.305827060824        1.144804407119947       -13.49997908248353    
    257.5000000000000        15.42336225568258        14.11166584547447        199.6005310680034        2830.025417272607        1.146275077760108       -12.49998010916616    
    258.5000000000000        15.31248245603117        14.07638459262122        198.6016595632107        2808.765889690374        1.147734410990843       -11.49998112793463    
    259.5000000000000        15.21440581062631        14.04422162846122        197.6933264460839        2789.481430674946        1.149183416721624       -10.49998213949400    
    260.5000000000000        15.12890728716491        14.01515230184109        196.8742293375501        2772.131242715361        1.150623078111930       -9.499983144530514    
    261.5000000000000        15.05579470595941        13.98915438206506        196.1431980343368        2756.678804433299        1.152054354358699       -8.499984143713846    
    262.5000000000000        14.97693574372260        13.96635350812153        195.5032946910895        2743.178734234976        1.153478183350876       -7.499985137698785    
    263.5000000000000        14.94611097476848        13.94629558385896        194.9412890991682        2731.341506878152        1.154895484207227       -6.499986127126871    
    264.5000000000000        14.90931280624135        13.92940171138426        194.4686965295713        2721.403631604041        1.156307159712401       -5.499987112628390    
    265.5000000000000        14.88443479305967        13.91551407286937        194.0807614845142        2713.257870248672        1.157714098665319       -4.499988094823871    
    266.5000000000000        14.87142940874126        13.90462239420786        193.7769446643378        2706.887556765753        1.159117178153133       -3.499989074325509    
    267.5000000000000        14.87026718392800        13.89671804706447        193.5568066896098        2702.279276856142        1.160517265763301       -2.499990051739023    
    268.5000000000000        14.88093658775413        13.89179517625197        193.4200409960901        2699.423587486616        1.161915221745787       -1.499991027665012    
    269.5000000000000        14.90346383266029        13.88985003375250        193.3664552609680        2698.314620558300        1.163311901136914      -0.4999920027002825    
    270.5000000000000        14.93790475547671        13.89088114854630        193.3959744505248        2698.950106238629        1.164708155856080       0.5000070225603822    
    271.5000000000000        14.98435557603189        13.89488885471941        193.5086266261574        2701.331047147931        1.166104836786287        1.500006047522921    
    272.5000000000000        15.04294442013419        13.90187709530963        193.7045973221567        2705.462957036869        1.167502795849293        2.500005071592700    
    273.5000000000000        15.11383183925083        13.91185107018382        193.9841592243439        2711.354276623488        1.168902888086143        3.500004094172751    
    274.5000000000000        15.19719526987329        13.92481754388980        194.3476802581069        2719.016535946059        1.170305973753911        4.500003114662470    
    275.5000000000000        15.29326405052764        13.94078784215837        194.7957180869334        2728.466602054858        1.171712920449572        5.500002132456276    
    276.5000000000000        15.40228734053260        13.95977443096571        195.3289144932712        2739.724231479478        1.173124605272245        6.500001146941802    
    277.5000000000000        15.52455584893084        13.98179181624867        195.9480249505991        2752.812807538399        1.174541917035309        7.500000157498500    
    278.5000000000000        15.66038821889888        14.00685634491582        196.6539132025531        2767.759242442803        1.175965758540419        8.499999163496213    
    279.5000000000000        15.81015859210267        14.03498868016199        197.4476305052904        2784.595896652344        1.177397048925957        9.499998164293224    
    280.5000000000000        15.97426276316240        14.06621093946208        198.3303263639794        2803.358501193918        1.178836726103176        10.49999715923471    
    281.5000000000000        16.15314287695794        14.10054807250604        199.3032960401360        2824.087391711208        1.180285749294095        11.49999614765112    
    282.5000000000000        16.34728268509429        14.13802623449179        200.3679308465385        2846.826388887386        1.181745101686150        12.49999512885601    
    283.5000000000000        16.55720202737307        14.17867373191165        201.5257509992666        2871.623665930753        1.183215793219752        13.49999410214428    
    284.5000000000000        16.78347795560888        14.22252368253416        202.7784904939028        2898.533818763895        1.184698863526160        14.49999306679025    
    285.5000000000000        17.02674358509167        14.26961052329808        204.1279911107049        2927.615474637490        1.186195385034552        15.49999202204517    
    286.5000000000000        17.28767083574460        14.31996968095326        205.5761970405598        2958.931309920701        1.187706466268916        16.49999096713510    
    287.5000000000000        17.56698066015023        14.37364050065363        207.1252454009503        2992.550204186675        1.189233255357254        17.49998990125861    
    288.5000000000000        17.86544661052260        14.43066467139382        208.7774252565142        3028.546497913049        1.190776943777845        18.49998882358386    
    289.5000000000000        18.18391521371406        14.49108667028231        210.5351944402309        3067.000513223060        1.192338770369807        19.49998773324592    
    290.5000000000000        18.52328096993981        14.55495277928857        212.4011541832304        3107.998138157333        1.193920025638066        20.49998662934396    
    291.5000000000000        18.88452595900145        14.62231260580053        214.3781010228232        3151.632210597195        1.195522056386104        21.49998551093769    
    292.5000000000000        19.26868133661169        14.69321826728170        216.4690038082926        3198.002108959866        1.197146270713564        22.49998437704404    
    293.5000000000000        19.67685328519559        14.76772448611749        218.6770126816240        3247.214178197902        1.198794143420049        23.49998322663351    
    294.5000000000000        20.11024276026111        14.84589118081636        221.0055501870850        3299.384199683928        1.200467221861277        24.49998205862579    
    295.5000000000000        20.57016544683736        14.92777810205738        223.4581445524701        3354.633582283792        1.202167132309294        25.49998087188547    
    296.5000000000000        21.05802543938038        15.01344851675459        226.0385539219699        3413.092613887500        1.203895586874770        26.49997966521741    
    297.5000000000000        21.57533496776366        15.10296961445261        228.7507881611099        3474.901306350650        1.205654391056667        27.49997843736108    
    298.5000000000000        22.12372106153796        15.19641100891652        231.5990686466946        3540.208736787781        1.207445451992897        28.49997718698497    
    299.5000000000000        22.70489697608389        15.29384291532041        234.5877747656198        3609.172018699125        1.209270787495182        29.49997591268053    
    300.5000000000000        23.32073204434265        15.39533841016738        237.7215237032360        3681.958556200651        1.211132535962338        30.49997461295481    
    301.5000000000000        23.97326828191286        15.50098129461013        241.0054457152654        3758.753443343580        1.213032967279017        31.49997328622308    
    302.5000000000000        24.66468472695743        15.61085190161164        244.4447169421890        3839.748054618221        1.214974494821651        32.49997193080060    
    303.5000000000000        25.39730146375955        15.72503337142883        248.0447836266897        3925.146245093770        1.216959688710481        33.49997054489304    
    304.5000000000000        26.17362326392508        15.84361346337871        251.8114304430636        4015.166477987372        1.218991290466472        34.49996912658640    
    305.5000000000000        26.99634756596878        15.96668187397314        255.7507030886694        4110.040426068324        1.221072229255108        35.49996767383586    
    306.5000000000000        27.86837733609471        16.09433233719138        259.8689875852856        4210.015483035843        1.223205639926164        36.49996618445279    
    307.5000000000000        28.79275334065357        16.22666317702653        264.1730426471868        4315.356212662372        1.225394883090344        37.49996465609105    
    308.5000000000000        29.77280916373115        16.36377427516238        268.6699133216297        4426.342880796730        1.227643567510974        38.49996308623130    
    309.5000000000000        30.81217383855745        16.50577074515734        273.3670710964944        4543.275792040295        1.229955575132956        39.49996147216341    
    310.5000000000000        31.91463536531095        16.65275759682596        278.2722421462796        4666.471542321064        1.232335089123141        40.49995981096692    
    311.5000000000000        33.08434876948238        16.80484025008047        283.3934276141779        4796.264005242027        1.234786625357955        41.49995809948925    
    312.5000000000000        34.32563891121441        16.96213595341986        288.7393457554825        4933.017576540936        1.237315067867416        42.49995633432064    
    313.5000000000000        35.64327627655751        17.12475876404740        294.3188894075187        5077.112944648877        1.239925708832218        43.49995451176642    
    314.5000000000000        37.04223690176261        17.29282660699664        300.1414178552504        5228.956494854568        1.242624293835389        44.49995262781548    
    315.5000000000000        38.52795728509852        17.46646152931418        306.2167624049928        5388.980965111756        1.245417073196076        45.49995067810425    
    316.5000000000000        40.10626530097400        17.64578683113748        312.5551559440082        5557.645117466765        1.248310860365172        46.49994865787597    
    317.5000000000000        41.78351687928776        17.83093238235892        319.1674384557784        5735.440325430404        1.251313098546798        47.49994656193439    
    318.5000000000000        43.56644260273445        18.02202683022399        326.0647982353157        5922.885003004568        1.254431936934047        48.49994438459023    
    319.5000000000000        45.46232371057106        18.21919955260617        333.2588632425746        6120.528514109826        1.257676318221544        49.49994211960028    
    320.5000000000000        47.47905689059350        18.42258626746436        340.7618970882046        6328.957020956525        1.261056079394070        50.49993976009708    
    321.5000000000000        49.62513689069600        18.63232249282711        348.5866576710076        6548.793848610956        1.264582068205845        51.49993729850740    
    322.5000000000000        51.90963753904109        18.84853925621098        356.7460947862133        6780.687112541522        1.268266278280169        52.49993472645802    
    323.5000000000000        54.34234394082185        19.07138164331652        365.2543320270369        7025.348042468680        1.272122006401126        53.49993203466617    
    324.5000000000000        56.93370840993303        19.30098140559694        374.1253355041131        7283.504588336548        1.276164036373955        54.49992921281064    
    325.5000000000000        59.69529617395795        19.53747139048239        383.3736998891379        7555.932681494624        1.280408854845458        55.49992624938154    
    326.5000000000000        62.63838806244334        19.78100488960871        393.0154215058272        7843.481395528280        1.284874905763261        56.49992313150258    
    327.5000000000000        65.77730438016647        20.03169380914597        403.0652476375050        8146.988039044082        1.289582891796699        57.49991984472047    
    328.5000000000000        69.12477807546064        20.28971583390758        413.5413998936389        8467.437202597232        1.294556133155708        58.49991637275451    
    329.5000000000000        72.69636735572843        20.55516761312586        424.4591354134073        8805.748699981266        1.299820996981489        59.49991269719694    
    330.5000000000000        76.50868483228690        20.82821863682652        435.8375518427082        9163.007225541825        1.305407414055086        60.49990879715200    
    331.5000000000000        80.57766779219784        21.10898627375918        447.6940582055812        9540.278459206545        1.311349504270601        61.49990464879933    
    332.5000000000000        84.92302409881398        21.39760685800920        460.0475753190718        9938.721067539671        1.317686338558624        62.49990022486219    
    333.5000000000000        89.56527284265934        21.69421978994258        472.9178230203304        10359.56336157528        1.324462873303149        63.49989549395482    
    334.5000000000000        94.52379325738914        21.99894756095928        486.3244945524048        10804.08115582331        1.331731104602589        64.49989041977680    
    335.5000000000000        99.82379013186177        22.31191640890641        500.2880779290035        11273.62345714487        1.339551505186519        65.49988496010998    
    336.5000000000000        105.4880563795119        22.63322701175095        514.8286525599200        11769.57864496194        1.347994828181731        66.49987906555887    
    337.5000000000000        111.5445153132301        22.96302659432659        529.9691080617478        12293.48486356935        1.357144391855755        67.49987267795576    
    338.5000000000000        118.0198501221986        23.30138066104135        545.7292867347530        12846.83185103619        1.367099001930719        68.49986572832064    
    339.5000000000000        124.9442283131055        23.64842619589760        562.1330682254155        13431.30931952088        1.377976729167491        69.49985813422363    
    340.5000000000000        132.3526427418265        24.00422063701149        579.2012749761354        14048.56050072602        1.389919849229080        70.49984979633631    
    341.5000000000000        140.2754972683063        24.36889236726969        596.9588915991986        14700.44473164914        1.403101384586718        71.49984059386466    
    342.5000000000000        148.7518596180323        24.74246794236412        615.4265470957453        15388.72448792903        1.417733889256434        72.49983037841575    
    343.5000000000000        157.8213789605260        25.12507028850933        634.6303827971933        16115.43928725757        1.434081427821176        73.49981896563462    
    344.5000000000000        167.5249201019267        25.51668837417834        654.5904471773418        16882.46709577264        1.452476191235615        74.49980612360397    
    345.5000000000000        177.9055391139637        25.91744024748503        675.3339616056751        17692.03306697902        1.473341987713654        75.49979155644360    
    346.5000000000000        189.0143852074667        26.32731245733515        696.8820801094841        18546.20427117179        1.497228173289417        76.49977488062136    
    347.5000000000000        200.9011357086671        26.74639111097917        719.2616830766638        19447.34836544271        1.524859867764532        77.49975558989429    
    348.5000000000000        213.6186786583284        27.17462127895465        742.4927198868219        20397.63244538493        1.557214367890048        78.49973300195856    
    349.5000000000000        227.2262029681521        27.61209399147638        766.6036801366386        21399.65822116630        1.595641220538588        79.49970617461710    
    350.5000000000000        241.7858516529841        28.05870366104251        791.6125514742273        22455.66384859535        1.642058121828486        80.49967376900510    
    351.5000000000000        257.3634241026119        28.51451851797632        817.5476123866486        23568.41050187204        1.699285076320266        81.49963381627991    
    352.5000000000000        274.0272695770248        28.97940403300069        844.4256714945822        24740.23285496353        1.771645831243344        82.49958329769068    
    353.5000000000000        291.8561495676326        29.45340354981857        872.2747760841479        25974.06810319620        1.866124340895822        83.49951733709278    
    354.5000000000000        310.9226984923650        29.93636925344639        901.1111649605464        27272.37211255015        1.994782403147431        84.49942751279150    
    355.5000000000000        331.3164558392013        30.42824197680023        930.9571554841541        28637.98304592607        2.180399276225743        85.49929791931220    
    356.5000000000000        353.1272968290778        30.92892580189805        961.8328015289844        30073.70782395983        2.471772169663637        86.49909448160452    
    357.5000000000000        376.4468842150059        31.43824167824743        993.7526530271804        31582.15491059288        2.995691261468151        87.49872864774284    
    358.5000000000000        401.3769515952545        31.95610534157669        1026.737661175895        33166.33585929927        4.216213157532192        88.49787616743646    
    359.5000000000000        428.0249669417493        32.48234936317878        1060.802814869254        34829.01865865311        10.25423348291143        89.49364799197139    
