 # author: MA Kubiak / Space Research Center PAS Warsaw Poland, contact: mkubiak@cbk.waw.pl                          
 # code version Program.keplerV_ellipt_V2      , Dates: calkV:20/04/2026  ; part_pr:20/04/2026                       
 # czas no T v_mas, kier.naplywu(dl, szer) macierz obrotu (ecl to helio), r, theta, phi(ecl,spher), V_detector(ecl,cart), IBEX_energy_channel
 #     2026.065527000000        0.8088930000000000E-03     9480.000000000000        -11.28000000301609         251.5700000000000         11.95000000000000        0.2459841265748581        0.9692738567985851         0.000000000000000       -0.9615244635393438        0.2440174711049008        0.1261989691358298        0.1223213615382913       -0.3104294319752456E-01    0.9920049496797150        0.9754669999999999         124.5490450000000       -0.1291700000000000E-01    -24.68100000000000        -16.81800000000000        0.4799999999999999E-01 00
 # routs_end= 150.00;    Maxwellian,    elliptOrb=Off                                                                                        
 # Numerical parameters: GridKl=10  GridKf=09  GridKV=05  epsV= 0.0000100  epssJon=.0010000                                                  
 # Numerical parameters: GridKl=10  GridKf=09  GridKV=05  epsV= 0.0000100  epssJon=.0010000; tessel128                                                                                                                                                                                                                                                                                                                                                                                                                                                                 
# Axis to the Sun: alpha_ecl= 300.6660000000000000 delta_Ecl= -0.2890000000000000 delta_Ax= 90.0000000000000000  repoint= 00136
 #  flag_atom: He                                                   
 #  flag_general:                                                   
 #                                                                  
 #                                                                  
  # Ly_a_Profil: zero                                               
  # flag_Itot: zero                                                 
 #  v_SW_Eqtr: speed3D.hybrid2026c_patched.dat                      
 #  n_SW_Eqtr: density3D.hybrid2026c_patched.dat                    
 #  phot_Eqtr: 0.8500000  phion_Helium_T12F107_2026c.dat            
 #  sigma_SW: p+He->H +He+, He + alpha (2 chnls);src:simuLosses.nb  
 #  flag_el:slow  swEqtrElectrons5.2026c.patched.dat                
 #  SW_lati: interpolation                                          
 #  phot_lati: analit pole-flattened after Pryor & Auchere          
 #
 #
 #
 #Spin  flux speed	speed^2 speed^3    long_ecl lat_ecl
   0.5000000000000000        69.05219003947121        32.39060873846409        1054.536404441029        34506.74492405094        240.6931785184892        89.42248656076163    
    1.500000000000000        73.84468094561225        32.93934218170699        1090.547295055962        36288.13968797489        221.5688851165807        88.47241708286451    
    2.500000000000000        78.99563493982878        33.49643520769406        1127.719270877720        38157.73308457388        217.2559489492694        87.48335926412391    
    3.500000000000000        84.53309097367914        34.06171285561735        1166.068102831376        40118.71946526625        215.3804221738769        86.48810098746617    
    4.500000000000000        90.48750892949028        34.63494601998502        1205.605210321258        42174.12390223488        214.3330645602257        85.49074598430684    
    5.500000000000000        96.89305708246395        35.21595204426957        1246.344783270746        44327.18306172378        213.6646285347500        84.49243321578217    
    6.500000000000000        103.7864854892633        35.80443809299868        1288.292290877589        46580.71071264375        213.2008568493408        83.49360353459723    
    7.500000000000000        111.2073338058632        36.40022294488823        1331.460841251133        48938.00423991212        212.8600927801913        82.49446331037963    
    8.500000000000000        119.1980250417839        37.00301064128199        1375.854112073227        51401.87464043947        212.5990045006077        81.49512199055029    
    9.500000000000000        127.8089272417639        37.61252964804604        1421.476415303463        53975.19141482480        212.3924681106170        80.49564300962658    
    10.50000000000000        137.0899677562664        38.22849227461322        1468.330115292280        56660.75959387025        212.2249152880322        79.49606566586068    
    11.50000000000000        147.0998698523668        38.85058926666632        1516.414360016727        59461.19276683154        212.0861856505506        78.49641560208723    
    12.50000000000000        157.9002385852202        39.47848338495648        1565.725002781570        62378.93118908086        211.9693665582838        77.49671026225236    
    13.50000000000000        169.5625934126086        40.11185260485922        1616.257667069711        65416.39576097560        211.8695916324861        76.49696192541531    
    14.50000000000000        182.1603848887616        40.75035380674740        1668.004788930912        68575.80213522048        211.7833358391627        75.49717948543683    
    15.50000000000000        195.7793828862999        41.39362909751583        1720.955971589598        71859.16725199523        211.7079831616199        74.49736954228945    
    16.50000000000000        210.5114125074802        42.04131331196928        1775.098730942059        75268.35638967378        211.6415513422478        73.49753709679402    
    17.50000000000000        226.4586684117666        42.69305476567753        1830.419970391819        78805.15328017433        211.5825109245863        72.49768600730108    
    18.50000000000000        243.7330255184907        43.34845089682352        1886.900151672049        82470.85428213472        211.5296629438309        71.49781929833601    
    19.50000000000000        262.4605139889570        44.00710570140782        1944.518628780464        86266.63111520244        211.4820542278431        70.49793937432054    
    20.50000000000000        282.7774639203747        44.66862338758867        2003.252581630167        90193.41988912720        211.4389174744171        69.49804817076726    
    21.50000000000000        304.8359714909878        45.33258146426466        2063.074734454850        94251.76247340511        211.3996280428352        68.49814726329656    
    22.50000000000000        328.8039049003879        45.99856408584895        2123.956416008993        98442.01313099125        211.3636722624586        67.49823794759192    
    23.50000000000000        354.8666872641949        46.66610013074512        2185.861346617998        102763.8575440206        211.3306238293945        66.49832129894750    
    24.50000000000000        383.2299663668313        47.33483950201376        2248.762949901879        107217.5837184538        211.3001259813724        65.49839821723698    
    25.50000000000000        414.1215296210431        48.00428475054436        2312.617902156969        111802.1080675555        211.2718778652891        64.49846946130424    
    26.50000000000000        447.7922293295132        48.67403389361925        2377.389979179992        116516.7277865306        211.2456239903330        63.49853567556930    
    27.50000000000000        484.5208927680560        49.34358726826345        2443.030756504046        121359.6570552114        211.2211459815338        62.49859741083093    
    28.50000000000000        524.6148061292988        50.01252604516169        2509.497628738504        126329.3855295783        211.1982560688970        61.49865514069054    
    29.50000000000000        568.4142162617181        50.68033434665958        2576.735586185686        131423.2603113177        211.1767919004095        60.49870927463646    
    30.50000000000000        616.2918817913904        51.34657118398678        2644.694920874947        136638.8475793955        211.1566123751569        59.49876016855485    
    31.50000000000000        668.6642393137273        52.01075832208478        2713.319701435586        141973.0292450493        211.1375942699190        58.49880813323883    
    32.50000000000000        725.9809459910923        52.67239671364641        2782.549218747679        147422.0829476300        211.1196294883778        57.49885344132716    
    33.50000000000000        788.7441087313641        53.33100438635394        2852.322016131514        152981.9915578207        211.1026228028683        56.49889633300044    
    34.50000000000000        857.4970689574750        53.98607471176211        2922.571466011750        158648.0793901294        211.0864899887544        55.49893702068686    
    35.50000000000000        932.8395730159974        54.63712814888711        2993.231419126780        164415.4635612984        211.0711562740255        54.49897569297281    
    36.50000000000000        1015.422546772957        55.28367420936833        3064.232171498993        170278.7215172108        211.0565550436683        53.49901251787098    
    37.50000000000000        1105.956800547043        55.92522821729356        3135.502282418563        176232.0298388272        211.0426267512637        52.49904764556554    
    38.50000000000000        1205.216308312679        56.56132245120047        3206.969934016252        182269.2759948639        211.0293180001358        51.49908121072979    
    39.50000000000000        1314.032384966270        57.19146638711781        3278.558381525199        188383.6561841780        211.0165807640066        50.49911333449187    
    40.50000000000000        1433.301989137553        57.81517716943902        3350.189516048304        194567.9789697236        211.0043717230489        49.49914412610940    
    41.50000000000000        1563.987578819918        58.43198518994396        3421.784655484933        200814.7373666362        210.9926516958706        48.49917368440216    
    42.50000000000000        1707.117362674221        59.04141734030193        3493.262654382818        207115.9400503591        210.9813851516313        47.49920209898269    
    43.50000000000000        1863.780503767341        59.64302616446496        3564.543571833643        213463.4497020641        210.9705397893957        46.49922945131716    
    44.50000000000000        2035.126603516815        60.23636972988705        3635.546345810173        219848.7740272085        210.9600861741451        45.49925581564350    
    45.50000000000000        2222.355239531948        60.82100611445723        3706.188153104813        226263.0034716311        210.9499974207299        44.49928125976849    
    46.50000000000000        2426.702288650355        61.39650179177295        3776.385599024070        232696.9290850454        210.9402489185447        43.49930584576227    
    47.50000000000000        2649.441017896332        61.96244471738074        3846.056518731115        239141.2227003529        210.9308180909213        42.49932963056501    
    48.50000000000000        2891.860873871642        62.51843847687354        3915.119362842706        245586.3855867885        210.9216841842282        41.49935266651907    
    49.50000000000000        3155.249504929836        63.06410448085012        3983.493642692001        252022.8030240203        210.9128280824719        40.49937500183645    
    50.50000000000000        3440.869487911170        63.59908537993638        4051.100561935332        258440.8211667709        210.9042321438632        39.49939668101101    
    51.50000000000000        3749.936880319569        64.12304594938638        4117.863344042170        264830.7970860145        210.8958800563597        38.49941774518292    
    52.50000000000000        4083.572758451443        64.63565811189777        4183.705391432901        271182.9284607776        210.8877567096519        37.49943823246138    
    53.50000000000000        4442.782726850319        65.13662110051109        4248.553098888902        277487.5465255413        210.8798480814368        36.49945817821154    
    54.50000000000000        4828.413489074129        65.62565019282707        4312.334562754510        283735.0083352440        210.8721411361427        35.49947761530996    
    55.50000000000000        5241.109745069666        66.10247892090970        4374.980005558996        289915.7527342779        210.8646237345284        34.49949657437254    
    56.50000000000000        5681.260277376015        66.56686142387973        4436.422227421789        296020.3610254921        210.8572845528083        33.49951508395853    
    57.50000000000000        6148.962928373699        67.01857849301372        4496.597636578579        302039.6853829907        210.8501130101379        32.49953317075341    
    58.50000000000000        6643.971831730690        67.45743750074540        4555.446435683799        307964.8906954572        210.8430992034566        31.49955085973326    
    59.50000000000000        7165.649396436802        67.88327041601508        4612.912414576826        313787.4432955933        210.8362338488157        30.49956817431267    
    60.50000000000000        7712.916764699950        68.29592120627241        4668.941396405015        319498.9719410978        210.8295082284391        29.49958513647833    
    61.50000000000000        8284.219712989381        68.69525581866806        4723.482746771460        325091.4420259692        210.8229141428574        28.49960176690973    
    62.50000000000000        8877.489592469552        69.08115294012084        4776.488176617286        330557.0442976785        210.8164438675425        27.49961808508847    
    63.50000000000000        9490.140724032539        69.45351487044468        4827.913381833800        335888.3840381279        210.8100901135417        26.49963410939765    
    64.50000000000000        10119.01249878302        69.81224970146552        4877.715652112410        341078.2452522949        210.8038459916702        25.49964985721213    
    65.50000000000000        10760.39694560666        70.15728030449311        4925.855171712695        346119.7370402911        210.7977049798773        24.49966534498078    
    66.50000000000000        11410.03082564556        70.48853795813240        4972.294181168553        351006.2160181431        210.7916608934449        23.49968058830174    
    67.50000000000000        12063.10583199787        70.80595982071061        5016.996729545629        355731.2766947324        210.7857078577167        22.49969560199117    
    68.50000000000000        12714.32934493955        71.10949477779032        5059.929511661198        360288.8465253247        210.7798402830951        21.49971040014623    
    69.50000000000000        13357.96078011707        71.39909954817315        5101.061355088084        364673.1403088477        210.7740528420670        20.49972499620315    
    70.50000000000000        13987.87200605075        71.67473514086835        5140.362764642159        368878.6215894787        210.7683404480510        19.49973940299050    
    71.50000000000000        14597.67367341992        71.93636958430841        5177.806313660227        372900.0494003642        210.7626982358779        18.49975363277840    
    72.50000000000000        15180.77718829664        72.18398200168373        5213.367286618805        376732.5582036420        210.7571215437388        17.49976769732414    
    73.50000000000000        15730.57550898744        72.41755675548701        5247.022849571308        380371.5741452834        210.7516058964508        16.49978160791431    
    74.50000000000000        16240.50442092727        72.63708172769027        5278.751802835292        383812.7923397906        210.7461469899066        15.49979537540401    
    75.50000000000000        16704.22764367814        72.84254623118856        5308.534302455289        387052.1531633123        210.7407406765879        14.49980901025344    
    76.50000000000000        17115.77630362129        73.03394836731647        5336.352951074704        390085.9674304039        210.7353829520329        13.49982252256204    
    77.50000000000000        17469.71078676126        73.21128217613945        5362.190902795229        392910.7099944818        210.7300699421601        12.49983592210035    
    78.50000000000000        17761.23492196808        73.37454333859161        5386.032722374427        395523.1201603680        210.7247978913596        11.49984921834017    
    79.50000000000000        17986.32715396647        73.52372999048316        5407.864517630500        397920.2207396493        210.7195631512693        10.49986242048282    
    80.50000000000000        18141.87896215748        73.65883324400184        5427.672502904496        400099.1575251853        210.7143621701626        9.499875537485874    
    81.50000000000000        18225.71075268276        73.77984029146401        5445.443495317635        402057.2611034721        210.7091914828789        8.499888578088605    
    82.50000000000000        18236.68214069290        73.88673496358072        5461.164980432544        403792.0545857523        210.7040477012343        7.499901550836149    
    83.50000000000000        18174.71279827078        73.97949778067787        5474.825133308917        405301.2595327281        210.6989275048542        6.499914464102599    
    84.50000000000000        18040.76918480168        74.05810485381109        5486.412635452851        406582.7751459127        210.6938276323726        5.499927326113262    
    85.50000000000000        17836.84160689385        74.12252470159011        5495.916208485772        407634.6286143375        210.6887448729492        4.499940144966013    
    86.50000000000000        17565.90290871275        74.17272807956597        5503.326107511705        408455.1467246457        210.6836760580546        3.499952928651986    
    87.50000000000000        17231.78262146897        74.20867444671131        5508.632067384630        409042.7230549782        210.6786180534795        2.499965685075799    
    88.50000000000000        16839.09979312883        74.23032459738667        5511.825223687154        409396.0380585406        210.6735677515239        1.499978422075210    
    89.50000000000000        16393.13833771697        74.23763629014650        5512.897465804516        409513.9877931598        210.6685220633246       0.4999911474404398    
    90.50000000000000        15899.69121426240        74.23056357924847        5511.841339749753        409395.6736732800        210.6634779112812      -0.4999961310666588    
    91.50000000000000        15359.39827013799        74.20884064006070        5508.617798316383        409036.7930738338        210.6584322215403       -1.499983405693679    
    92.50000000000000        14795.31539635579        74.17308153503264        5503.320398083242        408448.0314461929        210.6533819164991       -2.499970668678793    
    93.50000000000000        14197.38414196154        74.12257898700848        5495.846678114687        407618.2546855077        210.6483239072897       -3.499957912231723    
    94.50000000000000        13577.69113588063        74.05750864400831        5486.227261787920        406551.3725148151        210.6432550862050       -4.499945128514668    
    95.50000000000000        12942.63704912082        73.97782765662502        5474.461441980920        405247.9241421855        210.6381723190261       -5.499932309623007    
    96.50000000000000        12298.35650828639        73.88348951083022        5460.549233532923        403708.6646909165        210.6330724372116       -6.499919447565504    
    97.50000000000000        11650.67536897684        73.77445966501026        5444.493761692293        401934.8374466529        210.6279522299068       -7.499906534244222    
    98.50000000000000        11004.97525455864        73.65069782846165        5426.298592225216        399927.8701276927        210.6228084357286       -8.499893561433773    
    99.50000000000000        10366.15739418421        73.51217060420237        5405.969632026834        397689.5871585469        210.6176377342827       -9.499880520759969    
    100.5000000000000        9738.612216375088        73.35885232631422        5383.515251477314        395222.2207321855        210.6124367373628       -10.49986740367756    
    101.5000000000000        9126.178246547179        73.19072462094255        5358.946233338674        392528.4040899302        210.6072019797833       -11.49985420144713    
    102.5000000000000        8532.117916836214        73.00777463312325        5332.275482450383        389611.1330934800        210.6019299097894       -12.49984090511099    
    103.5000000000000        7959.150579495164        72.80999716026790        5303.518342383781        386473.7983608901        210.5966168789882       -13.49982750546765    
    104.5000000000000        7409.448771978302        72.59740121829331        5272.693561520544        383120.2884856765        210.5912591317353       -14.49981399304515    
    105.5000000000000        6884.657657782252        72.36999770196394        5239.821406526530        379554.7701256062        210.5858527939121       -15.49980035807275    
    106.5000000000000        6385.962724943404        72.12781892238982        5204.926555575460        375782.0056401953        210.5803938610160       -16.49978659045082    
    107.5000000000000        5914.088166417338        71.87090597083517        5168.036182158141        371807.1310499938        210.5748781854840       -17.49977267971892    
    108.5000000000000        5469.365817206538        71.59931140370814        5129.180306300804        367635.6858006837        210.5693014631609       -18.49975861502173    
    109.5000000000000        5051.781043810728        71.31310451041428        5088.392477958196        363273.6738495798        210.5636592188115       -19.49974438507238    
    110.5000000000000        4661.013426268130        71.01237194710106        5045.709827270171        358727.5600729284        210.5579467905706       -20.49972997811330    
    111.5000000000000        4296.486675664264        70.69722022756893        5001.173349929925        354004.2884597370        210.5521593132081       -21.49971538187409    
    112.5000000000000        3957.421097922592        70.36776722047608        4954.826577518344        349111.1222991047        210.5462917000769       -22.49970058352583    
    113.5000000000000        3642.858310139827        70.02415631744171        4906.717548775034        344055.8455562718        210.5403386235934       -23.49968556963193    
    114.5000000000000        3351.722751404001        69.66655403430144        4856.898354721412        338846.6973104174        210.5342944940838       -24.49967032609486    
    115.5000000000000        3082.836664241991        69.29513669904775        4805.423111904670        333492.1367234490        210.5281534368100       -25.49965483809804    
    116.5000000000000        2834.971053443803        68.91010560572019        4752.350019316315        328001.0480335638        210.5219092669658       -26.49963909004295    
    117.5000000000000        2606.859624172868        68.51167520414006        4697.739549852624        322382.5298841500        210.5155554624058       -27.49962306548015    
    118.5000000000000        2397.226595162771        68.10007773283360        4641.655026556841        316645.9445216997        210.5090851338435       -28.49960674703431    
    119.5000000000000        2204.812419922373        67.67555638325031        4584.161539225651        310800.7874302060        210.5024909922167       -29.49959011632185    
    120.5000000000000        2028.383756715916        67.23838003002642        4525.327822449599        304856.8622220699        210.4957653128793       -30.49957315386047    
    121.5000000000000        1866.750720221824        66.78882170333857        4465.223160252061        298823.9444348265        210.4888998962351       -31.49955583897010    
    122.5000000000000        1718.769861493415        66.32716514905039        4403.918201022630        292711.8543000095        210.4818860243715       -32.49953814966342    
    123.5000000000000        1583.351704654563        65.85370886407908        4341.485393423151        286530.4877928197        210.4747144131927       -33.49952006252499    
    124.5000000000000        1459.472661605895        65.36876442535986        4277.998597763836        280289.7592606978        210.4673751594794       -34.49950155257804    
    125.5000000000000        1346.171853314355        64.87265379394492        4213.532659129314        273999.5505974272        210.4598576822161       -35.49948259313620    
    126.5000000000000        1242.550311289056        64.36569969539359        4148.161953810499        267669.5478114699        210.4521506574323       -36.49946315563926    
    127.5000000000000        1147.773776501263        63.84823249621867        4081.961273441019        261309.3267221821        210.4442419456873       -37.49944320947036    
    128.5000000000000        1061.070321319740        63.32059811984585        4015.006681940912        254928.4195575508        210.4361185111930       -38.49942272175190    
    129.5000000000000        981.7271570549150        62.78314334354661        3947.373548453393        248536.1184768293        210.4277663314126       -39.49940165711750    
    130.5000000000000        909.0928516617846        62.23622620792850        3879.137779798451        242141.5855832242        210.4191702957826       -40.49937997745668    
    131.5000000000000        842.5682047389248        61.68019805953758        3810.373404481560        235753.6115839608        210.4103140919852       -41.49935764162800    
    132.5000000000000        781.6036282392276        61.11542419414891        3741.155070214831        229380.8446485315        210.4011800779314       -42.49933460513598    
    133.5000000000000        725.7006087727555        60.54227806793637        3671.557230445811        223031.7089832979        210.3917491373016       -43.49931081976705    
    134.5000000000000        674.4016523429988        59.96112661755617        3601.652326905173        216714.2392159790        210.3820005161082       -44.49928623317714    
    135.5000000000000        627.2931401220359        59.37236440663025        3531.514763908669        210436.4305483949        210.3719116372944       -45.49926078842402    
    136.5000000000000        583.9952458002145        58.77638248030289        3461.216972607624        204205.8713452888        210.3614578898293       -46.49923442343550    
    137.5000000000000        544.1664676948851        58.17356046077366        3390.828638781967        198029.6946049685        210.3506123880971       -47.49920707040249    
    138.5000000000000        507.4919521303115        57.56430612333594        3320.421031237583        191914.9361850838        210.3393456965669       -48.49917865508448    
    139.5000000000000        473.6928333817260        56.94901583272996        3250.062533616405        185868.1620848826        210.3276255137393       -49.49914909601247    
    140.5000000000000        442.5087123344134        56.32809429989682        3179.820616946610        179895.6205373042        210.3154163081520       -50.49911830357091    
    141.5000000000000        413.7119689810982        55.70196070041506        3109.762903109868        174003.3702039699        210.3026788977252       -51.49908617893652    
    142.5000000000000        387.0864438647089        55.07100437447085        3039.951352267586        168196.7268898163        210.2893699618692       -52.49905261284790    
    143.5000000000000        362.4470977515942        54.43563657347368        2970.448992732269        162480.9160338671        210.2754414734591       -53.49901748417275    
    144.5000000000000        339.6166610481330        53.79626626609233        2901.316234355794        156860.6898358884        210.2608400348748       -54.49898065823302    
    145.5000000000000        318.4439259188007        53.15329661889519        2832.611201301116        151340.4235865340        210.2455060986424       -55.49894198483931    
    146.5000000000000        298.7820337834858        52.50714936585450        2764.391736572175        145924.2345397790        210.2293730485663       -56.49890129597313    
    147.5000000000000        280.5069043009717        51.85821988782136        2696.710972885949        140615.6670265884        210.2123661113057       -57.49885840304138    
    148.5000000000000        263.5011209964122        51.20693066228870        2629.622864063464        135418.1309493889        210.1944010607237       -58.49881309360850    
    149.5000000000000        247.6589333836636        50.55366559555388        2563.175222753221        130334.3571796219        210.1753826674553       -59.49876512748546    
    150.5000000000000        232.8876934817175        49.89886409620268        2497.419675233571        125367.1983183715        210.1552028332491       -60.49871423202386    
    151.5000000000000        219.0998183648680        49.24290868017882        2432.399651900083        120518.6763953246        210.1337383326768       -61.49866009641971    
    152.5000000000000        206.2191318952669        48.58625537743197        2368.164179565805        115791.0872009444        210.1108480622915       -62.49860236477430    
    153.5000000000000        194.1735771127412        47.92926940046021        2304.750848509348        111185.6839459659        210.0863696671602       -63.49854062758484    
    154.5000000000000        182.8986218623837        47.27239427548786        2242.203023728806        106704.0047704686        210.0601153739056       -64.49847441123319    
    155.5000000000000        172.3362835211350        46.61599228736288        2180.553922116830        102346.6879722676        210.0318668036153       -65.49840316490116    
    156.5000000000000        162.4330016484756        45.96050111201173        2119.842004461786        98114.61881526819        210.0013684608567       -66.49832624414584    
    157.5000000000000        153.1416360134803        45.30626808566406        2060.095214900865        94007.81180969562        209.9683194870737       -67.49824289009653    
    158.5000000000000        144.4170371476280        44.65373674301247        2001.348325983927        90026.63424398351        209.9323631135154       -68.49815220284765    
    159.5000000000000        136.2206973099116        44.00326594947139        1943.626331437222        86170.66842009191        209.8930730285280       -69.49805310706672    
    160.5000000000000        128.5137025707555        43.35525149881256        1886.955730555838        82439.50806289661        209.8499355520972       -70.49794430702426    
    161.5000000000000        121.2646251820736        42.71005712549729        1831.358208336239        78832.33253592667        209.8023260320747       -71.49782422704378    
    162.5000000000000        114.4413059524497        42.06807326019470        1776.855925998558        75348.27317644667        209.7494771521724       -72.49769093154349    
    163.5000000000000        108.0171732650185        41.42965376684558        1723.466115600669        71986.07427874644        209.6904357227031       -73.49754201601583    
    164.5000000000000        101.9657383184578        40.79518240811638        1671.206599984379        68744.44748333262        209.6240027567112       -74.49737445582709    
    165.5000000000000        96.26305218098304        40.16500112651439        1620.090139063519        65621.74235093387        209.5486487693704       -75.49718439248829    
    166.5000000000000        90.88739514752794        39.53946119832022        1570.128632633429        62616.21659750692        209.4623914661468       -76.49696682499864    
    167.5000000000000        85.82009066644339        38.91891495886298        1521.332275531460        59725.97915872937        209.3626147813786       -77.49671515314772    
    168.5000000000000        81.04119587164510        38.30367621678237        1473.706887549508        56948.86737854831        209.2457936147183       -78.49642048275298    
    169.5000000000000        76.53308498228368        37.69409636902588        1427.259835267734        54282.79735954275        209.1070614952272       -79.49607053430958    
    170.5000000000000        72.28056350044753        37.09047430172334        1381.992920882452        51725.34854717358        208.9395056510699       -80.49564786323585    
    171.5000000000000        68.26863562857754        36.49315643033223        1337.910251363303        49274.23492687479        208.7329655042721       -81.49512682575804    
    172.5000000000000        64.48239211307661        35.90240675439258        1295.008779308568        46926.79014165123        208.4718724295991       -82.49446812217677    
    173.5000000000000        60.91008146388954        35.31849778354565        1253.284738175237        44680.31425833664        208.1311020315487       -83.49360831562143    
    174.5000000000000        57.53934128021565        34.74170034994597        1212.733500607604        42532.10323312409        207.6673216144999       -84.49243795457345    
    175.5000000000000        54.35776719762156        34.17226716674771        1173.348176974300        40479.36131600096        206.9988727815404       -85.49075066158410    
    176.5000000000000        51.35590057055379        33.61043839228362        1135.120156948961        38519.24332851962        205.9514946082269       -86.48810556695604    
    177.5000000000000        48.52283010724252        33.05641801257927        1098.037735557828        36648.79626766645        204.0759296360781       -87.48336366452627    
    178.5000000000000        45.84976606872472        32.51041294466814        1062.088830193906        34865.10350755715        199.7628998382375       -88.47242105358802    
    179.5000000000000        43.32732793263181        31.97262805018349        1027.260397861219        33165.24124156370        180.6381475450695       -89.42248839073022    
    180.5000000000000        40.94742491351770        31.44325330062356        993.5388790556859        31546.37115287892        60.69336508645852       -89.42247971748846    
    181.5000000000000        38.70219437567194        30.92242843850470        960.9061216344788        30005.43852992318        41.56903907509403       -88.47241121663843    
    182.5000000000000        36.58475830166402        30.41031714369618        929.3462199363847        28539.63703629019        37.25605417341018       -87.48335371293196    
    183.5000000000000        34.58771308723333        29.90704087596204        898.8397590296023        27146.01205861206        35.38050194290452       -86.48809558306506    
    184.5000000000000        32.70446605514620        29.41270907150555        869.3667980335251        25821.68135804354        34.33312906130669       -85.49074066431081    
    185.5000000000000        30.92894213363081        28.92747787093559        840.9104552852508        24563.99209105235        33.66468291783675       -84.49242795050539    
    186.5000000000000        29.25481502838676        28.45134419318950        813.4441127200670        23369.91723491608        33.20090405095154       -83.49359830763916    
    187.5000000000000        27.67676493993987        27.98441342552239        786.9481149387683        22236.83995574964        32.86013462671802       -82.49445811173644    
    188.5000000000000        26.18944042891595        27.52677381971947        761.4019061101229        21162.17883683949        32.59904220338763       -81.49511681367389    
    189.5000000000000        24.78795765337785        27.07840095656665        736.7786906039320        20143.16164155769        32.39250251354465       -80.49563784999862    
    190.5000000000000        23.46723299965364        26.63935183855518        713.0568968778775        19177.33226851216        32.22494700224127       -79.49606052023259    
    191.5000000000000        22.22312363230855        26.20963761602263        690.2127720946582        18262.22242022525        32.08621513267677       -78.49641046804537    
    192.5000000000000        21.05118295926158        25.78926500052419        668.2227969805906        17395.45485247696        31.96939415843193       -77.49670513795468    
    193.5000000000000        19.94725859003393        25.37820350274110        647.0619529639274        16574.67076814358        31.86961762494461       -76.49695680942399    
    194.5000000000000        18.90750729490226        24.97641614714075        626.7055647036703        15797.60890708870        31.78336044280453       -75.49717437660819    
    195.5000000000000        17.92824291524284        24.58387065502161        607.1298551259298        15062.12258440504        31.70800655387990       -74.49736443969876    
    196.5000000000000        17.00611510493387        24.20051546763169        588.3105488020345        14366.11605248583        31.64157366895820       -73.49753199968296    
    197.5000000000000        16.13766283275387        23.82628178126971        570.2233827836832        13707.57604887711        31.58253230705984       -72.49768091504018    
    198.5000000000000        15.32008695975991        23.46110877902906        552.8450315668521        13084.59055985273        31.52968348406577       -71.49781421039694    
    199.5000000000000        14.55018282960488        23.10492010604884        536.1521749465586        12495.31968727997        31.48207401241743       -70.49793429025540    
    200.5000000000000        13.82532610526865        22.75760755389649        520.1207037890599        11937.96286486245        31.43893657744981       -69.49804309019329    
    201.5000000000000        13.14287519885592        22.41909296875938        504.7286338401674        11410.85912567110        31.39964652826881       -68.49814218588389    
    202.5000000000000        12.50023702874039        22.08924832571374        489.9523949011009        10912.35438595319        31.36369018584263       -67.49823287305428    
    203.5000000000000        11.89519009970137        21.76797304806469        475.7704574773474        10440.92629834922        31.33064123929508       -66.49831622703489    
    204.5000000000000        11.32540088040611        21.45513248377917        462.1604142798631        9995.077338216468        31.30014292049779       -65.49839314772976    
    205.5000000000000        10.78884274397333        21.15060324858640        449.1012064370688        9573.413818167348        31.27189437139755       -64.49846439400834    
    206.5000000000000        10.28350664329452        20.85425164289385        436.5719741905054        9174.598227057621        31.24564009697153       -63.49853061031249    
    207.5000000000000        9.807622967673977        20.56595022675469        424.5528736621020        8797.376803240322        31.22116171864413       -62.49859234745960    
    208.5000000000000        9.359427691143541        20.28555976056068        413.0242348229051        8440.547544586378        31.19827146331660       -61.49865007906700    
    209.5000000000000        8.937284429664919        20.01294589381370        401.9672846823748        8102.981723488834        31.17680697628835       -60.49870421463702    
    210.5000000000000        8.539647439753997        19.74796977983291        391.3637165629449        7783.606617081326        31.15662715430716       -59.49875511006776    
    211.5000000000000        8.165020558028228        19.49049330855830        381.1959118506307        7481.410837792059        31.13760877210928       -58.49880307616288    
    212.5000000000000        7.812074849218909        19.24037718380403        371.4468105547184        7195.436612963182        31.11964373158283       -57.49884838557041    
    213.5000000000000        7.479488030320748        18.99748877203426        362.1002486596792        6924.788995389882        31.10263680348164       -56.49889127847906    
    214.5000000000000        7.166052848969017        18.76168388959674        353.1401729647392        6668.608680742727        31.08650376177084       -55.49893196732414    
    215.5000000000000        6.870594349214621        18.53282844591617        344.5515072122070        6426.096568149415        31.07116983319761       -54.49897064069852    
    216.5000000000000        6.592012132190722        18.31077759923786        336.3193042637104        6196.486308863657        31.05656840164214       -53.49900746662053    
    217.5000000000000        6.329284322251874        18.09539151020763        328.4293544479296        5979.060591326156        31.04263991969657       -52.49904259527938    
    218.5000000000000        6.081440525528023        17.88652467595015        320.8677365821072        5773.135691810337        31.02933098979824       -51.49907616135297    
    219.5000000000000        5.847581701392833        17.68403562844080        313.6211914786812        5578.071092638660        31.01659358487253       -50.49910828597348    
    220.5000000000000        5.626866380212747        17.48778402753609        306.6769664774911        5393.262631813879        31.00438438437400       -49.49913907840221    
    221.5000000000000        5.418494304913676        17.29762541276581        300.0226181964432        5218.135889047995        30.99266420626169       -48.49916863746233    
    222.5000000000000        5.221746139569214        17.11342590052366        293.6465291370052        5052.158838376502        30.98139751910764       -47.49919705276930    
    223.5000000000000        5.035932603853884        16.93504801309605        287.5373595405567        4894.825056973339        30.97055202144299       -46.49922440579205    
    224.5000000000000        4.860425348632905        16.76235974868714        281.6843614357817        4745.661076846398        30.96009827776378       -45.49925077077102    
    225.5000000000000        4.694636530639511        16.59523556589846        276.0773944682845        4604.225528605955        30.95000940247834       -44.49927621551524    
    226.5000000000000        4.538013910590654        16.43355084103154        270.7066958535344        4470.101396036772        30.94026078457730       -43.49930080209685    
    227.5000000000000        4.390039436881351        16.27718571052932        265.5630113667655        4342.898763863944        30.93082984702311       -42.49932458745803    
    228.5000000000000        4.250227101434005        16.12602201655706        260.6374654563360        4222.250187370330        30.92169583584560       -41.49934762394279    
    229.5000000000000        4.118115710663534        15.97994329312893        255.9215420890855        4107.809175025380        30.91283963474055       -40.49936995976471    
    230.5000000000000        3.993274161351888        15.83883768059687        251.4071727695399        3999.251663294507        30.90424360163309       -39.49939163941913    
    231.5000000000000        3.875300916602943        15.70259737843369        247.0866976256274        3896.274038584922        30.89589142421801       -38.49941270404754    
    232.5000000000000        3.763820339065613        15.57111673816856        242.9527869522678        3798.590380491222        30.88776799194329       -37.49943319176046    
    233.5000000000000        3.658478975553102        15.44429330594899        238.9984622047068        3705.932266112691        30.87985928228247       -36.49945313792408    
    234.5000000000000        3.558946611844513        15.32202817406354        235.2170921327940        3618.047937990498        30.87215225945696       -35.49947257541604    
    235.5000000000000        3.464915470096276        15.20422490030195        231.6023467885846        3534.700586951388        30.86463478403449       -34.49949153485328    
    236.5000000000000        3.376096741015941        15.09079020755539        228.1482064354366        3455.667940726900        30.85729553205243       -33.49951004479586    
    237.5000000000000        3.292220905237829        14.98163417196582        224.8489548445941        3380.741526511097        30.85012392250242       -32.49952813193015    
    238.5000000000000        3.213035077456602        14.87666990906335        221.6991581564230        3309.725649817033        30.84311005217150       -31.49954582123303    
    239.5000000000000        3.138302383187030        14.77581410785233        218.6936705388080        3242.437037943478        30.83624463696995       -30.49956313611973    
    240.5000000000000        3.067801636033574        14.67898688723653        215.8276193656246        3178.704041647325        30.82951895899055       -29.49958009857766    
    241.5000000000000        3.001326771841498        14.58611224666176        213.0964085749582        3118.366276302108        30.82292481864197       -28.49959672928695    
    242.5000000000000        2.938686096132503        14.49711626479457        210.4956554657123        3061.272805428879        30.81645449128286       -27.49961304772972    
    243.5000000000000        2.879698582063689        14.41192849683151        208.0212235467024        3007.282510977419        30.81010068785503       -26.49962907228964    
    244.5000000000000        2.824193555216715        14.33048128729084        205.6691943341173        2956.263138045017        30.80385651907586       -25.49964482034210    
    245.5000000000000        2.772013939078553        14.25270949424796        203.4358519069674        2908.090651120128        30.79771546280359       -24.49966030833637    
    246.5000000000000        2.723010170689173        14.17854984039904        201.3176546023022        2862.648277121177        30.79167133423503       -23.49967555187105    
    247.5000000000000        2.677044483716986        14.10794305456045        199.3112951715833        2819.827660714889        30.78571825863521       -22.49969056576273    
    248.5000000000000        2.633990793718365        14.04083283158800        197.4136617776625        2779.527712861855        30.77985064633311       -21.49970536410890    
    249.5000000000000        2.593733678960428        13.97716630499049        195.6218464702827        2741.654586888373        30.77406316974755       -20.49971996034615    
    250.5000000000000        2.556165199941969        13.91689217170902        193.9330828300425        2706.120060678776        30.76835074223373       -19.49973436730340    
    251.5000000000000        2.521183980732584        13.85996194611348        192.3447775379824        2672.842044358764        30.76270849856377       -18.49974859725103    
    252.5000000000000        2.488695791555988        13.80633080357151        190.8545315418166        2641.744902871245        30.75713177687431       -17.49976266194662    
    253.5000000000000        2.458615929986637        13.75595647938826        189.4601026008379        2612.758456725995        30.75161610193208       -16.49977657267705    
    254.5000000000000        2.430863787679397        13.70879937526118        188.1594040946537        2585.817808914786        30.74615716958334       -15.49979034029759    
    255.5000000000000        2.405366391014666        13.66482127290823        186.9504642570196        2560.862333041135        30.74075083226678       -14.49980397526870    
    256.5000000000000        2.382059287177225        13.62398838254269        185.8315123526137        2537.837458661078        30.73539308548110       -13.49981748769005    
    257.5000000000000        2.360881212777581        13.58626807782472        184.8008775872644        2516.692292838422        30.73008005510876       -12.49983088733229    
    258.5000000000000        2.341776722979104        13.55163093503832        183.8570467892690        2497.380809356783        30.72480798550681       -11.49984418366743    
    259.5000000000000        2.324695121457307        13.52004873652737        182.9986036417199        2479.860433032121        30.71957322828311       -10.49985738589698    
    260.5000000000000        2.309591039931632        13.49149584667133        182.2242670914281        2464.092817437715        30.71437223168394       -9.499870502978576    
    261.5000000000000        2.296425251775521        13.46594980077147        181.5329049469199        2450.044044202850        30.70920153052442       -8.499883543651647    
    262.5000000000000        2.285163227913874        13.44339010330920        180.9234969617768        2437.683754013748        30.70405773659910       -7.499896516461484    
    263.5000000000000        2.275778383629366        13.42379884490236        180.3951521305571        2426.985490968971        30.69893752951413       -6.499909429782196    
    264.5000000000000        2.268249631980382        13.40716069225032        179.9471056050672        2417.926561339396        30.69383764788713       -5.499922291839213    
    265.5000000000000        2.262562588535369        13.39346064968723        179.5786539255174        2410.486612128264        30.68875488086374       -4.499935110730520    
    266.5000000000000        2.258705906724672        13.38268803533821        179.2892656794285        2404.649935106584        30.68368605990300       -3.499947894447236    
    267.5000000000000        2.256674663945037        13.37483486074570        179.0785359657847        2400.404494627785        30.67862805078637       -2.499960650894061    
    268.5000000000000        2.256466532692317        13.36989487218250        178.9461575702992        2397.741271264483        30.67357774580685       -1.499973387908830    
    269.5000000000000        2.258084170346021        13.36786324596626        178.8919122118730        2396.654067596513        30.66853205609674      -0.4999861132817063    
    270.5000000000000        2.261533609620495        13.36873816462847        178.9157145119325        2397.140427087480        30.66348790405335       0.5000011652254050    
    271.5000000000000        2.266830239857922        13.37252134959261        179.0176279073668        2399.201989015198        30.65844221582325        1.499988439860059    
    272.5000000000000        2.273993613218362        13.37921638406299        179.1978163043446        2402.843441454530        30.65339191380596        2.499975702860517    
    273.5000000000000        2.283046254171207        13.38882740669773        179.4565069749908        2408.071731662457        30.64833390913818        3.499962946436484    
    274.5000000000000        2.293955064543691        13.40136489928440        179.7941528450617        2414.899493413086        30.64326509411963        4.499950162750160    
    275.5000000000000        2.306935923225557        13.41683161303836        180.2110517099109        2423.337315235854        30.63818233454070        5.499937343897043    
    276.5000000000000        2.321835957833134        13.43524746685826        180.7080169198654        2433.407313025682        30.63308246187164        6.499924481885921    
    277.5000000000000        2.338754011649911        13.45662386683743        181.2856867754300        2445.129199759538        30.62796226527166        7.499911568618876    
    278.5000000000000        2.357732906630570        13.48097689484850        181.9448805850043        2458.527517481202        30.62281848337435        8.499898595870720    
    279.5000000000000        2.378822793782940        13.50832601295774        182.6865679921764        2473.631125299147        30.61764779580424        9.499885555267284    
    280.5000000000000        2.402077926175841        13.53869232823587        183.5118208406368        2490.472214369751        30.61244681437679        10.49987243826338    
    281.5000000000000        2.427554246467676        13.57209965087557        184.4218457664604        2509.087078341556        30.60721207393066        11.49985923611986    
    282.5000000000000        2.455311605777142        13.60857435887062        185.4179812828401        2529.516094797368        30.60194002273829        12.49984593987906    
    283.5000000000000        2.485422485473326        13.64814565610471        186.5017081608100        2551.804038552641        30.59662701243656        13.49983254033963    
    284.5000000000000        2.517970174009475        13.69084514203066        187.6746401921949        2575.999977448947        30.59126928741437        14.49981902802988    
    285.5000000000000        2.553042186619053        13.73670654511992        188.9385197291159        2602.157279973167        30.58586297358911        15.49980539317918    
    286.5000000000000        2.590731344864361        13.78576647171024        190.2952425734596        2630.334262345961        30.58040406649757        16.49979162568807    
    287.5000000000000        2.631140583303142        13.83806384054387        191.7468446475947        2660.594006362296        30.57488841861981        17.49977771509644    
    288.5000000000000        2.674381618679068        13.89364101913674        193.2955378140609        2693.005250126278        30.56931172584704        18.49976365054911    
    289.5000000000000        2.720577223194966        13.95254224790588        194.9436696759246        2727.641679524385        30.56366951299454        19.49974942075945    
    290.5000000000000        2.769862898827799        14.01481480627251        196.6937622561875        2764.582938239833        30.55795711825145        20.49973501397029    
    291.5000000000000        2.822382714218294        14.08050870188305        198.5485060824480        2803.914630099707        30.55216967644647        21.49972041791143    
    292.5000000000000        2.878293602136218        14.14967658049620        200.5107643874498        2845.728634206685        30.54630210099583        22.49970561975424    
    293.5000000000000        2.937759494457561        14.22237377041492        202.5835789612470        2890.123411716460        30.54034906438396        23.49969060606262    
    294.5000000000000        3.000953501815251        14.29865920884777        204.7702027474160        2937.204932547620        30.53430497701044        24.49967536273929    
    295.5000000000000        3.068058916980335        14.37859612381730        207.0741265243829        2987.087511544163        30.52816396421620        25.49965987496808    
    296.5000000000000        3.139283943936155        14.46224889441624        209.4989950126354        3039.892245254467        30.52191984127963        26.49964412715094    
    297.5000000000000        3.214853636578253        14.54968477774645        212.0486641291753        3095.748545444595        30.51556608614659        27.49962810283892    
    298.5000000000000        3.295010472854103        14.64097397150106        214.7272109320860        3154.794673157127        30.50909580962862        28.49961178465710    
    299.5000000000000        3.380007366915461        14.73619037958088        217.5389638192452        3217.178729477489        30.50250172276870        29.49959515422250    
    300.5000000000000        3.470114896324998        14.83541256211521        220.4885395446537        3283.059839427995        30.49577610103420        30.49957819205343    
    301.5000000000000        3.565628985006048        14.93872449662607        223.5808763541103        3352.609314751619        30.48891074495068        31.49956087747034    
    302.5000000000000        3.666872444633171        15.04621176610388        226.8211265928253        3426.008572949987        30.48189693673662        32.49954318848665    
    303.5000000000000        3.774188950632913        15.15796189145244        230.2146817349689        3503.450281643029        30.47472539243757        33.49952510168768    
    304.5000000000000        3.887948062355225        15.27406431815003        233.7671821929914        3585.139054731225        30.46738620898620        34.49950659209730    
    305.5000000000000        4.008543106133149        15.39460910766424        237.4844843882018        3671.291110825429        30.45986880553107        35.49948763303009    
    306.5000000000000        4.136402603772614        15.51969019624554        241.3727744977382        3762.137502527587        30.45216185827874        36.49946819592674    
    307.5000000000000        4.271982488223263        15.64940655622969        245.4386146355681        3857.925751877035        30.44425322797956        37.49944825017128    
    308.5000000000000        4.415765696784089        15.78385886610370        249.6888523238836        3958.918368698914        30.43612987905218        38.49942776288725    
    309.5000000000000        4.568277713351044        15.92315402280740        254.1307798203243        4065.397402286414        30.42777778918341        39.49940669870940    
    310.5000000000000        4.730072217971005        16.06740078341612        258.7720113978050        4177.662296890559        30.41918184805219        40.49938501952843    
    311.5000000000000        4.901759717850869        16.21670966037072        263.6204875593104        4296.030590950698        30.41032574360356        41.49936268420429    
    312.5000000000000        5.083986403685008        16.37120031048042        268.6847552664132        4420.846339324359        30.40119183403430        42.49933964824298    
    313.5000000000000        5.277450527105510        16.53098405129060        273.9733444401230        4552.463716400718        30.39176100333534        43.49931586343244    
    314.5000000000000        5.482921295360309        16.69619650770573        279.4959976649794        4691.282425459700        30.38201249785781        44.49929127743040    
    315.5000000000000        5.701188288479567        16.86694543833682        285.2617440139220        4837.694622537868        30.37192374091434        45.49926583329652    
    316.5000000000000        5.933143907612648        17.04338173016606        291.2815587998165        4992.160524036622        30.36147012187785        46.49923946896060    
    317.5000000000000        6.179720415828554        17.22561706927491        297.5653221932157        5155.124416230967        30.35062475557485        47.49921211661589    
    318.5000000000000        6.441926577153645        17.41380467723935        304.1248686448033        5327.102075496151        30.33935820695952        48.49918370202434    
    319.5000000000000        6.720835474064325        17.60805785917227        310.9709108419267        5508.594007509459        30.32763817506600        49.49915414371964    
    320.5000000000000        7.017652160322711        17.80853953659228        318.1165159001026        5700.187882585476        30.31542912901961        50.49912335208929    
    321.5000000000000        7.333601733477131        18.01536635058330        325.5733864777192        5902.450876633063        30.30269188738938        51.49909122831336    
    322.5000000000000        7.670074305154572        18.22869384294073        333.3552272183595        6116.030766296992        30.28938313030385        52.49905766313404    
    323.5000000000000        8.028505700615336        18.44865643857447        341.4753934078723        6341.587667838591        30.27545483143495        53.49902253542322    
    324.5000000000000        8.410468182591245        18.67539316618883        349.9479070967753        6579.825381821523        30.26085359404897        54.49898571050732    
    325.5000000000000        8.817630939840511        18.90906845680345        358.7883809185781        6831.523155559370        30.24551987166102        55.49894703820200    
    326.5000000000000        9.251809968246500        19.14980672406499        368.0113332381634        7097.454137915685        30.22938704918195        56.49890635049452    
    327.5000000000000        9.714919712783670        19.39775657707124        377.6328457598645        7378.469523455926        30.21238035451315        57.49886345879817    
    328.5000000000000        10.20915502547225        19.65309279073143        387.6707185546350        7675.507327677768        30.19441556291669        58.49881815068443    
    329.5000000000000        10.73658357657538        19.91590671418909        398.1398040765780        7989.444426846420        30.17539744660848        59.49877018597256    
    330.5000000000000        11.29988793935867        20.18640683316810        409.0606202181529        8321.376625963585        30.15521790913103        60.49871929202335    
    331.5000000000000        11.90144993654666        20.46468162472254        420.4492198264744        8672.295068930907        30.13375372709967        61.49866515804322    
    332.5000000000000        12.54413625322816        20.75089220210655        432.3253804959651        9043.350012832196        30.11086379940537        62.49860742814568    
    333.5000000000000        13.23107948770526        21.04519030070756        444.7092589201919        9435.750764728340        30.08638577380260        63.49854569284167    
    334.5000000000000        13.96525109654958        21.34769623410789        457.6203187626218        9850.729314419625        30.06013188001823        64.49847947852908    
    335.5000000000000        14.75039727471350        21.65854784846324        471.0795098648792        10289.61544491193        30.03188374274523        65.49840823440840    
    336.5000000000000        15.59010082385820        21.97787935270025        485.1084004227865        10753.81296559603        30.00138587076220        66.49833131605851    
    337.5000000000000        16.48845076574928        22.30583016096963        499.7295239723632        11244.81238155533        29.96833741046309        67.49824796463420    
    338.5000000000000        17.44988102311550        22.64251756557351        514.9652013084465        11764.15570830800        29.93238159895490        68.49815728026036    
    339.5000000000000        18.47883837582549        22.98806131430273        530.8386047941267        12313.47330839515        29.89309213156715        69.49805818764074    
    340.5000000000000        19.58043899347523        23.34255849849548        547.3727147521392        12894.45649798087        29.84995533667879        70.49794939108941    
    341.5000000000000        20.76001057371028        23.70610454556772        564.5909663243108        13508.86868183050        29.80234657231750        71.49782931498289    
    342.5000000000000        22.02324987396953        24.07879648137121        582.5179558203886        14158.59749863300        29.74949853465488        72.49769602380444    
    343.5000000000000        23.37627513143859        24.46070037273403        601.1771108134120        14845.54168824532        29.69045804942359        73.49754711312688    
    344.5000000000000        24.82600639906573        24.85191584237614        620.5946886338389        15571.79714813237        29.62402614898253        74.49737955841783    
    345.5000000000000        26.37940428120866        25.25246241154693        640.7932217718790        16339.37714265779        29.54867337302514        75.49718950131702    
    346.5000000000000        28.04382554468378        25.66245194514869        661.8009708181203        17150.60708468151        29.46241745862020        76.49697194099002    
    347.5000000000000        29.82823740816051        26.08187573921492        683.6405682163264        18007.67048355905        29.36264238154413        77.49672027744548    
    348.5000000000000        31.74047703474869        26.51081448757087        706.3398753765737        18913.03650775605        29.24582309686503        78.49642561679494    
    349.5000000000000        33.79069000937930        26.94922771544481        729.9208844219576        19869.02105735118        29.10709320946067        79.49607567993783    
    350.5000000000000        35.98921124640560        27.39717020415919        754.4115452898313        20878.27991123169        28.93954005402725        80.49565302286396    
    351.5000000000000        38.34682077552222        27.85464247378030        779.8372735212886        21943.44848130341        28.73300320708876        81.49513200263465    
    352.5000000000000        40.87551715637753        28.32157116523651        806.2196362786877        23067.07829928009        28.47191427617270        82.49447332082023    
    353.5000000000000        43.58820640711039        28.79791642251308        833.5826479985921        24251.92130768520        28.13114923322095        83.49361354257975    
    354.5000000000000        46.49884181191509        29.28367434866163        861.9528070480027        25500.92896650411        27.66737599767078        84.49244321985068    
    355.5000000000000        49.62257521390416        29.77876278796133        891.3523826275958        26816.95847724573        26.99893728274340        85.49075598158080    
    356.5000000000000        52.97581557036141        30.28312290977853        921.8051924161185        28203.02157657508        25.95157437744603        86.48811097135815    
    357.5000000000000        56.57541357579050        30.79661092392962        953.3300479488554        29661.98943807200        24.07603486055713        87.48336921572030    
    358.5000000000000        60.44087665029886        31.31910344577411        985.9468550881588        31196.85674517686        19.76305379743685        88.47242691981916    
    359.5000000000000        64.59218816131101        31.85048303889278        1019.675873582896        32810.71770802294       0.6383341098722427        89.42249523401969    
