 # author: MA Kubiak / Space Research Center PAS Warsaw Poland, contact: mkubiak@cbk.waw.pl                          
 # code version Program.keplerV_ellipt_V2      , Dates: calkV:20/04/2026  ; part_pr:20/04/2026                       
 # czas no T v_mas, kier.naplywu(dl, szer) macierz obrotu (ecl to helio), r, theta, phi(ecl,spher), V_detector(ecl,cart), IBEX_energy_channel
 #     2026.106692000000        0.8088930000000000E-03     9480.000000000000        -11.28000000301609         251.5700000000000         11.95000000000000        0.2459841265748581        0.9692738567985851         0.000000000000000       -0.9615244635393438        0.2440174711049008        0.1261989691358298        0.1223213615382913       -0.3104294319752456E-01    0.9920049496797150        0.9771800000000001         139.7395190000000        0.1165800000000000E-01    -19.47900000000000        -22.60700000000000        0.4699999999999999E-01 00
 # routs_end= 150.00;    Maxwellian,    elliptOrb=Off                                                                                        
 # Numerical parameters: GridKl=10  GridKf=09  GridKV=05  epsV= 0.0000100  epssJon=.0010000                                                  
 # Numerical parameters: GridKl=10  GridKf=09  GridKV=05  epsV= 0.0000100  epssJon=.0010000; tessel128                                                                                                                                                                                                                                                                                                                                                                                                                                                                 
# Axis to the Sun: alpha_ecl= 315.6780000000000000 delta_Ecl= 0.3190000000000000 delta_Ax= 105.0000000000000000  repoint= 00151
 #  flag_atom: He                                                   
 #  flag_general:                                                   
 #                                                                  
 #                                                                  
  # Ly_a_Profil: zero                                               
  # flag_Itot: zero                                                 
 #  v_SW_Eqtr: speed3D.hybrid2026c_patched.dat                      
 #  n_SW_Eqtr: density3D.hybrid2026c_patched.dat                    
 #  phot_Eqtr: 0.8500000  phion_Helium_T12F107_2026c.dat            
 #  sigma_SW: p+He->H +He+, He + alpha (2 chnls);src:simuLosses.nb  
 #  flag_el:slow  swEqtrElectrons5.2026c.patched.dat                
 #  SW_lati: interpolation                                          
 #  phot_lati: analit pole-flattened after Pryor & Auchere          
 #
 #
 #
 #Spin  flux speed	speed^2 speed^3    long_ecl lat_ecl
   0.5000000000000000        11.61077223524006        31.42691438746842        992.5189556051330        31498.19980707020        137.5054325087824        74.67302323869663    
    1.500000000000000        12.39252931169659        31.95166302578750        1025.931287666286        33101.52685675695        141.1449727448641        74.60937798760763    
    2.500000000000000        13.23881837447730        32.48482808486030        1060.440681566678        34784.85221466918        144.7393192282564        74.48287095180127    
    3.500000000000000        14.15600748984131        33.02624807262636        1096.063137616653        36551.14194042362        148.2607545590851        74.29502182949115    
    4.500000000000000        15.15120941668167        33.57579003360458        1132.816291878410        38403.51492471644        151.6848834871962        74.04799854576349    
    5.500000000000000        16.23257650836101        34.13323622490208        1170.711472375519        40344.82315369695        154.9914346593240        73.74449986693158    
    6.500000000000000        17.40897967007673        34.69836612841561        1209.759262774142        42377.93614242692        158.1646632471082        73.38762242532501    
    7.500000000000000        18.69068693301298        35.27094427340577        1249.968611000702        44505.69105166237        161.1933787269753        72.98072566797549    
    8.500000000000000        20.08908073510280        35.85071666346458        1291.346349686054        46730.85396094798        164.0706687001586        72.52730586966230    
    9.500000000000000        21.61668632303012        36.43742653205010        1333.898442476119        49056.19177514102        166.7934123835832        72.03088685376713    
    10.50000000000000        23.28809959059792        37.03076902011399        1377.626116414878        51484.22632899001        169.3616783788185        71.49493140893537    
    11.50000000000000        25.11927218225208        37.63045369247320        1422.530568614231        54017.49779205801        171.7780873585008        70.92277426982790    
    12.50000000000000        27.12880968776544        38.23614850367397        1468.608946870750        56658.34480240959        174.0471992395441        70.31757528514872    
    13.50000000000000        29.33704675414346        38.84753619209240        1515.858148216424        59409.09122415288        176.1749625888124        69.68229006409962    
    14.50000000000000        31.76766697846899        39.46431273795235        1564.274736129728        62272.03683027753        178.1682453237166        69.01965482675524    
    15.50000000000000        34.44752524941850        40.08613389657193        1613.850825321704        65249.21391858586        180.0344518454638        68.33218216468141    
    16.50000000000000        37.40678888861762        40.71263581339372        1664.575290062511        68342.42898751263        181.7812226161439        67.62216472980542    
    17.50000000000000        40.67954860412883        41.34344662748659        1716.434578299958        71553.29584825266        183.4162070681969        66.89168433972783    
    18.50000000000000        44.30528880216360        41.97816793891688        1769.411124526442        74883.12703806325        184.9468985482208        66.14262449760099    
    19.50000000000000        48.32820740978008        42.61638928321447        1823.484580667499        78333.00466882526        186.3805197355378        65.37668480353308    
    20.50000000000000        52.79914784792864        43.25769800949899        1878.632305996654        81903.78213434429        187.7239478307643        64.59539614727534    
    21.50000000000000        57.77621030615244        43.90166728891026        1934.828481212586        85596.02546864236        188.9836702040683        63.80013590748949    
    22.50000000000000        63.32589985815621        44.54790159194701        1992.048262665938        89410.29330873661        190.1657627534995        62.99214264368887    
    23.50000000000000        69.52415004941342        45.19598772904217        2050.263096740372        93346.78898032743        191.2758847325811        62.17252996229308    
    24.50000000000000        76.45831052711593        45.84544296751103        2109.435404190625        97404.94484455293        192.3192851523297        61.34229937977304    
    25.50000000000000        84.22751373633432        46.49581166231209        2169.528156082043        101584.1225626499        193.3008170033205        60.50235210510263    
    26.50000000000000        92.94636939433188        47.14665214369442        2230.503134025255        105883.4444710549        194.2249564754354        59.65349973085631    
    27.50000000000000        102.7449078420653        47.79741673701719        2292.309606135311        110300.9802432590        195.0958250942881        58.79647386572054    
    28.50000000000000        113.7735403708572        48.44767234883654        2354.905541941442        114835.2672276765        195.9172132706021        57.93193476757828    
    29.50000000000000        126.2043339004144        49.09694520934195        2418.242601460870        119484.2098735543        196.6926042004564        57.06047905077252    
    30.50000000000000        140.2354285746503        49.74477760557726        2482.271525783244        124245.4504800008        197.4251973870136        56.18264654744885    
    31.50000000000000        156.0929620643843        50.39063596040649        2546.932775627460        129115.6419559996        198.1179313014036        55.29892640378199    
    32.50000000000000        174.0355149803978        51.03397465054910        2612.162909769418        134090.9144056614        198.7735048813085        54.40976248938054    
    33.50000000000000        194.3615762083494        51.67433302238575        2677.904927037441        139167.6899838002        199.3943976962276        53.51555819361850    
    34.50000000000000        217.4109358296823        52.31119138525381        2744.093180535511        144341.4862597328        199.9828887008432        52.61668067701120    
    35.50000000000000        243.5724264123070        52.94405434195930        2810.662167008025        149607.6005448725        200.5410735620540        51.71346463966974    
    36.50000000000000        273.2895856088795        53.57242110472349        2877.543312340225        154960.8357066359        201.0708805885326        50.80621566274563    
    37.50000000000000        307.0683590975748        54.19576839358452        2944.662922449928        160395.3058306144        201.5740853197340        49.89521317287090    
    38.50000000000000        345.4849805190253        54.81359667789194        3011.947633552137        165904.9058825414        202.0523238483937        48.98071307406079    
    39.50000000000000        389.1915584406606        55.42538080217623        3079.319046522421        171482.8654729622        202.5071049598624        48.06295008644904    
    40.50000000000000        438.9295421573965        56.03065807701255        3146.703527957361        177122.5572250511        202.9398211754787        47.14213982660462    
    41.50000000000000        495.5324948233556        56.62893428821958        3214.021817342421        182816.6251879063        203.3517587873074        46.21848066002731    
    42.50000000000000        559.9368344625344        57.21971491326533        3281.192422810177        188557.2518971781        203.7441069692084        45.29215535272127    
    43.50000000000000        633.1913687157427        57.80252634056794        3348.134300958387        194336.4032154085        204.1179660452727        44.36333254546955    
    44.50000000000000        716.4606689853688        58.37687448191023        3414.762116162438        200145.4131770699        204.4743549917943        43.43216807154163    
    45.50000000000000        811.0401076473551        58.94233176500840        3480.996746531427        205975.9304988805        204.8142182436077        42.49880613602524    
    46.50000000000000        918.3521014089223        59.49845000170266        3546.755093053506        211819.0186027887        205.1384318701187        41.56338037274377    
    47.50000000000000        1039.954850499450        60.04482864684901        3611.958357813270        217665.9037455559        205.4478091809009        40.62601479276836    
    48.50000000000000        1177.534173305693        60.58106372930134        3676.526059317296        223507.4456987326        205.7431058154715        39.68682463682656    
    49.50000000000000        1332.907069117024        61.10679575988743        3740.382031831500        229334.6972916245        206.0250243668662        38.74591714241574    
    50.50000000000000        1508.000235740493        61.62164856775729        3803.447092758322        235138.2439715761        206.2942185839753        37.80339223512593    
    51.50000000000000        1704.845477068088        62.12530423045587        3865.648532718192        240909.1034073535        206.5512971932803        36.85934315253656    
    52.50000000000000        1925.553319305205        62.61746159853878        3926.915210893147        246638.2919764800        206.7968273766674        35.91385700805624    
    53.50000000000000        2172.278492336081        63.09784638081526        3987.178968921881        252316.9726417452        207.0313379383721        34.96701530120370    
    54.50000000000000        2447.189604087079        63.56622152913824        4046.376167881418        257936.6227643017        207.2553221908179        34.01889438006700    
    55.50000000000000        2752.404275935765        64.02235428322165        4104.443577947254        263488.6511797930        207.4692405861298        33.06956586101151    
    56.50000000000000        3089.938954748610        64.46604047873528        4161.321729262773        268964.7462972350        207.6735231174117        32.11909701012392    
    57.50000000000000        3461.645459514402        64.89710694446586        4216.955345752166        274356.9327640760        207.8685715114490        31.16755109036756    
    58.50000000000000        3869.121326938387        65.31539799544478        4271.291765480368        279657.4386149391        208.0547612323163        30.21498767797624    
    59.50000000000000        4313.634561758829        65.72077976776592        4324.281613613844        284858.7750278598        208.2324433134045        29.26146295121865    
    60.50000000000000        4796.014522071749        66.11313664130590        4375.878500395179        289953.7279773791        208.4019460336229        28.30702995432047    
    61.50000000000000        5316.560171931743        66.49237432767910        4426.039539853804        294935.4251789750        208.5635764519476        27.35173883902486    
    62.50000000000000        5874.939086522028        66.85841510911305        4474.724760983961        299797.2863442512        208.7176218130724        26.39563708600492    
    63.50000000000000        6470.085044501394        67.21119698263047        4521.897114222065        304533.0408560794        208.8643508356408        25.43876970810403    
    64.50000000000000        7100.114136686709        67.55066681233173        4567.521600221574        309136.6497144769        209.0040148934016        24.48117943717183    
    65.50000000000000        7762.247812886248        67.87679455329027        4611.567311598373        313602.5299969364        209.1368490986008        23.52290689607808    
    66.50000000000000        8452.738993298610        68.18955802325013        4654.005386422418        317925.3531510072        209.2630732960073        22.56399075732435    
    67.50000000000000        9166.826929544037        68.48894296858373        4694.809036350744        322100.0545672646        209.3828929751395        21.60446788952812    
    68.50000000000000        9898.729355127300        68.77495111787123        4733.954702202224        326121.9626724746        209.4965001075207        20.64437349292624    
    69.50000000000000        10641.66701795216        69.04759245913284        4771.421037333174        329986.7032663251        209.6040739151217        19.68374122493110    
    70.50000000000000        11387.92332275105        69.30687933062325        4807.188078152621        333690.1163717580        209.7057815755465        18.72260331667173    
    71.50000000000000        12128.94654219847        69.55283309098044        4841.238217425743        337228.3672179413        209.8017788689791        17.76099068136264    
    72.50000000000000        12855.48664207021        69.78548484138700        4873.556344413470        340597.9690651963        209.8922107714139        16.79893301526386    
    73.50000000000000        13557.79487081866        70.00486814420418        4904.128786728677        343795.6718906143        209.9772119982571        15.83645889192429    
    74.50000000000000        14225.81333681547        70.21101932709784        4932.943373213125        346818.4746586701        210.0569075019816        14.87359585033792    
    75.50000000000000        14849.41668357553        70.40397053518667        4959.988408670712        349663.5154631950        210.1314129271583        13.91037047758634    
    76.50000000000000        15418.70017672579        70.58375776054373        4985.253859040028        352328.2059214821        210.2008350258571        12.94680848649088    
    77.50000000000000        15924.27907964008        70.75041355733994        5008.730266873677        354810.1133352706        210.2652720361105        11.98293478875349    
    78.50000000000000        16357.49857627390        70.90396420626432        5030.408376491046        357106.9263528695        210.3248140258623        11.01877356402631    
    79.50000000000000        16710.76862968049        71.04443223109853        5050.279443645873        359216.4855424265        210.3795432045707        10.05434832531420    
    80.50000000000000        16977.75863913033        71.17183223562036        5068.334650603510        361136.7241405108        210.4295342044116        9.089681981083878    
    81.50000000000000        17153.61613721440        71.28617562566367        5084.565756487830        362865.7371508677        210.4748543328110        8.124796894426007    
    82.50000000000000        17235.11233973059        71.38746631402890        5098.964466664735        364401.7139990381        210.5155637978486        7.159714939591582    
    83.50000000000000        17220.74461316683        71.47569938196264        5111.522236855516        365742.9186923915        210.5517159078872        6.194457556203306    
    84.50000000000000        17110.82408871866        71.55086570962696        5122.230941309739        366887.7636411734        210.5833572466230        5.229045801423822    
    85.50000000000000        16907.41142656701        71.61294638646442        5131.082043428526        367834.7187152914        210.6105278245874        4.263500400346146    
    86.50000000000000        16614.25943969277        71.66191304137666        5138.066662970455        368582.3217966110        210.6332612079896        3.297841794858096    
    87.50000000000000        16236.71589318247        71.69773704548187        5143.176894576973        369129.3213802737        210.6515846256476        2.332090191220613    
    88.50000000000000        15781.50305713193        71.72038169701850        5146.404672228431        369474.5534864306        210.6655190546209        1.366265606589718    
    89.50000000000000        15256.52300590693        71.72979977848615        5147.741440573976        369616.9092553141        210.6750792850333       0.4003879147041578    
    90.50000000000000        14670.63227132284        71.72594341062373        5147.179595167680        369555.4931439496        210.6802739644503      -0.5655231090454858    
    91.50000000000000        14033.35011975958        71.70876159996959        5144.712130779033        369289.5851671342        210.6811056220535       -1.531447742955285    
    92.50000000000000        13354.61246439709        71.67819493071745        5140.331882210227        368818.5594132807        210.6775706727400       -2.497366274545733    
    93.50000000000000        12644.48134975893        71.63417919178025        5134.032075164067        368141.9463659122        210.6696594011535       -3.463258956091739    
    94.50000000000000        11912.89021721026        71.57664780867273        5125.806690166097        367259.4730945769        210.6573559255405       -4.429105959937847    
    95.50000000000000        11169.44296864004        71.50553584409812        5115.651063473842        366171.1301979781        210.6406381412052       -5.394887333389400    
    96.50000000000000        10423.17586059470        71.42077408094927        5103.561054493171        364877.0830389511        210.6194776432151       -6.360582952966878    
    97.50000000000000        9682.394526459697        71.32228651598956        5089.532678495083        363377.6300013310        210.5938396278890       -7.326172477805692    
    98.50000000000000        8954.571693723183        71.21000981404612        5073.564976634521        361673.5187795106        210.5636827724676       -8.291635301976417    
    99.50000000000000        8246.227315488975        71.08387363556082        5055.657165326329        359765.6344435688        210.5289590922378       -9.256950505491981    
    100.5000000000000        7562.880460261659        70.94381251443436        5035.810359390599        357655.1851379527        210.4896137742368       -10.22209680375723    
    101.5000000000000        6909.035260318832        70.78976267052542        5014.027132274312        355343.6544376142        210.4455849865182       -11.18705249520414    
    102.5000000000000        6288.212538646339        70.62166140092801        4990.311426864591        352832.7889481105        210.3968036618038       -12.15179540684044    
    103.5000000000000        5702.967529530898        70.43945485162718        4964.669715863371        350124.7254618094        210.3431932541724       -13.11630283742229    
    104.5000000000000        5154.982152954737        70.24310566967571        4937.112088752527        347222.1038400006        210.2846694672618       -14.08055149794189    
    105.5000000000000        4645.122313842970        70.03257967689544        4907.650309867900        344127.8512883168        210.2211399522587       -15.04451744909788    
    106.5000000000000        4173.546782078494        69.80785124719188        4876.298592554027        340845.2626402380        210.1525039737411       -16.00817603539042    
    107.5000000000000        3739.810424423312        69.56891747556915        4843.075585742350        337378.2054371121        210.0786520412063       -16.97150181545397    
    108.5000000000000        3342.939876691695        69.31577103903172        4808.000489295116        333730.6987527255        209.9994655038625       -17.93446848820692    
    109.5000000000000        2981.563014359765        69.04843258921970        4771.097602406779        329907.3884587958        209.9148161059877       -18.89704881436003    
    110.5000000000000        2653.982057420239        68.76692053001061        4732.392004933609        325913.0799225039        209.8245654998525       -19.85921453278369    
    111.5000000000000        2358.267951795326        68.47129519191479        4691.915726350613        321753.3802832501        209.7285647128696       -20.82093627118577    
    112.5000000000000        2092.347110057466        68.16163173455621        4649.703869101189        317434.2780108695        209.6266535652611       -21.78218345049864    
    113.5000000000000        1854.053556890070        67.83801608787203        4605.793975607495        312962.0651896714        209.5186600341262       -22.74292418231365    
    114.5000000000000        1641.198447124084        67.50057020830137        4560.229386810044        308343.6673855507        209.4043995593395       -23.70312515863290    
    115.5000000000000        1451.611149062133        67.14943319341673        4513.056593718348        303586.3611199965        209.2836742862051       -24.66275153313210    
    116.5000000000000        1283.183497482551        66.78476414878895        4464.325426394411        298697.7673529488        209.1562722392325       -25.62176679304176    
    117.5000000000000        1133.888664043385        66.40674868775976        4414.089930462699        293685.9363842861        209.0219664207830       -26.58013262065627    
    118.5000000000000        1001.813559512408        66.01557206700271        4362.404534457923        288558.9346416140        208.8805138276360       -27.53780874337155    
    119.5000000000000        885.1663284018294        65.61145138732873        4309.328336865320        283325.2690417617        208.7316543777578       -28.49475277102653    
    120.5000000000000        782.2921079899304        65.19463875742144        4254.925461473676        277993.9125246976        208.5751097386912       -29.45092001918426    
    121.5000000000000        691.6690142944701        64.76537323202218        4199.258302628888        272573.5897431751        208.4105820480224       -30.40626331682978    
    122.5000000000000        611.9097597790493        64.32391161775888        4142.391643547448        267073.1875976879        208.2377525153038       -31.36073279678070    
    123.5000000000000        541.7592922743278        63.87053528304007        4084.393450492105        261501.8213882254        208.0562798936087       -32.31427566690400    
    124.5000000000000        480.0886912019741        63.40553757946990        4025.333079073050        255868.6423136440        207.8657988075453       -33.26683595999923    
    125.5000000000000        425.8864938209040        62.92922814721619        3965.281632563572        250182.8512147372        207.6659179230475       -34.21835425994585    
    126.5000000000000        378.2506227756737        62.44191459280508        3904.309510830971        244453.4511957813        207.4562179425704       -35.16876740141162    
    127.5000000000000        336.3797204096583        61.94392869588150        3842.489667362791        238689.5512571142        207.2362494074223       -36.11800814007841    
    128.5000000000000        299.5643701330087        61.43558764176640        3779.892571552472        232899.8754087371        207.0055302868457       -37.06600478995016    
    129.5000000000000        267.1798238772231        60.91726275275602        3716.594741422679        227093.5568173352        206.7635433310812       -38.01268082386402    
    130.5000000000000        238.6744336840138        60.38927544116607        3652.665627502988        221278.8998145448        206.5097331629915       -38.95795443281567    
    131.5000000000000        213.5657868513379        59.85201345823001        3588.181944825515        215464.7063390955        206.2435030798457       -39.90173803912673    
    132.5000000000000        191.4291209138684        59.30584159155519        3523.216498782306        209659.2296178415        205.9642115335443       -40.84393775781472    
    133.5000000000000        171.8937925803901        58.75113163593702        3457.841719408060        203870.4887981094        205.6711682538632       -41.78445279975949    
    134.5000000000000        154.6343304268550        58.18825390593341        3392.128690304351        198106.1900596312        205.3636299751697       -42.72317480938022    
    135.5000000000000        139.3683852806962        57.61763106263735        3326.153326309823        192374.2612245508        205.0407957224995       -43.65998712852641    
    136.5000000000000        125.8476699029719        57.03963867752826        3259.984650027481        186681.8200836886        204.7018016078280       -44.59476397712380    
    137.5000000000000        113.8566050981820        56.45466931498287        3193.692179679857        181035.8166835497        204.3457150818209       -45.52736953977851    
    138.5000000000000        103.2070605265908        55.86313974031386        3127.346641936759        175443.0896371232        203.9715285802819       -46.45765694600367    
    139.5000000000000        93.73443775333796        55.26543657243931        3061.013545777200        169909.8039615366        203.5781524979460       -47.38546712996049    
    140.5000000000000        85.29606094510677        54.66197426095934        2994.759950920566        164442.0496067528        203.1644074152329       -48.31062755356614    
    141.5000000000000        77.76750357860061        54.05316456852971        2928.650812754204        159045.5218318649        202.7290154961527       -49.23295077447375    
    142.5000000000000        71.03962353664426        53.43944429497706        2862.752065645364        153725.7856026818        202.2705909678981       -50.15223283773267    
    143.5000000000000        65.01738737095674        52.82124547411129        2797.127151942408        148487.9805651827        201.7876295849863       -51.06825146683946    
    144.5000000000000        59.61774294794287        52.19899795311215        2731.837307094682        143336.8531199608        201.2784969735046       -51.98076402634283    
    145.5000000000000        54.76777646498481        51.57312545689615        2666.940958301125        138276.7018645421        200.7414157445886       -52.88950522411216    
    146.5000000000000        50.40408235920943        50.94406290942765        2602.495652204099        133311.5484674549        200.1744512615265       -53.79418451676725    
    147.5000000000000        46.47101649590412        50.31223521590828        2538.555898605745        128444.9825083656        199.5754959429392       -54.69448317654563    
    148.5000000000000        42.91982335949882        49.67807932940690        2475.175415511743        123680.3422752506        198.9422519869527       -55.59005097201675    
    149.5000000000000        39.70790291285577        49.04204716790927        2412.407267404744        119020.7226158051        198.2722124103645       -56.48050240851884    
    150.5000000000000        36.79762647878052        48.40457596284369        2350.300852105868        114468.7548538789        197.5626403156088       -57.36541246701875    
    151.5000000000000        34.15618038849613        47.76611916449330        2288.904899245958        110026.8342404872        196.8105463310868       -58.24431177235262    
    152.5000000000000        31.75444836389241        47.12711108712829        2228.264089807006        105696.8890008082        196.0126642229329       -59.11668111367086    
    153.5000000000000        29.56680302798683        46.48799168539610        2168.421428042887        101480.5604388888        195.1654247563265       -59.98194523169993    
    154.5000000000000        27.57037210882708        45.84915114995837        2109.412933139816        97378.83102961497        194.2649280024854       -60.83946577966855    
    155.5000000000000        25.74529075406472        45.21101475054326        2051.275911872445        93392.63977307497        193.3069144572695       -61.68853335826245    
    156.5000000000000        24.07403729685932        44.57397643533639        1994.042741061846        89522.45724301816        192.2867355768710       -62.52835852104077    
    157.5000000000000        22.54117926828400        43.93850529236879        1937.750733343569        85768.97952548131        191.1993246684093       -63.35806164726516    
    158.5000000000000        21.13275921162046        43.30499291182090        1882.427955942356        82132.14657800054        190.0391695272040       -64.17666158681125    
    159.5000000000000        19.83643109051163        42.67384731046612        1828.102051258637        78611.77468597642        188.8002888230018       -64.98306300067678    
    160.5000000000000        18.64152536203884        42.04547940412393        1774.798670892876        75207.43719363793        187.4762150448008       -65.77604235602917    
    161.5000000000000        17.53811757699022        41.42028951262076        1722.540920310415        71918.47623833481        186.0599878612848       -66.55423259417350    
    162.5000000000000        16.51764587016382        40.79863960678363        1671.346702350799        68743.82221246054        184.5441630810657       -67.31610658308280    
    163.5000000000000        15.57253256108097        40.18092279416440        1621.234555897851        65682.37133729713        182.9208440286856       -68.05995960570438    
    164.5000000000000        14.69558603003598        39.56750185967368        1572.219064394069        62732.73851992905        181.1817440776466       -68.78389133625335    
    165.5000000000000        13.88096751146571        38.95871143233284        1524.310601773642        59893.22083118372        179.3182912203916       -69.48578803604858    
    166.5000000000000        13.12292670432370        38.35486557405459        1477.516817472178        57161.94798269368        177.3217877077816       -70.16330607464216    
    167.5000000000000        12.41654739008063        37.75631878038224        1431.846737709526        54537.08964742457        175.1836395706609       -70.81385836261485    
    168.5000000000000        11.75741026965166        37.16337227707115        1387.304098290973        52016.50737092530        172.8956715892213       -71.43460586811425    
    169.5000000000000        11.14155694096580        36.57637566711794        1343.895062869409        49598.19793342716        170.4505420067029       -72.02245705328546    
    170.5000000000000        10.56531903525136        35.99560900443603        1301.619137386398        47279.77435124036        167.8422666356287       -72.57407873994337    
    171.5000000000000        10.02557538645608        35.42129051821370        1260.470476986586        45058.58206768811        165.0668523721584       -73.08592246467646    
    172.5000000000000        9.519343550502358        34.85379419880842        1220.453601642109        42932.55669054123        162.1230240251042       -73.55427060251085    
    173.5000000000000        9.044133128559317        34.29330068409876        1181.557819693291        40898.81631756038        159.0130051232105       -73.97530613892542    
    174.5000000000000        8.597294946895920        33.74007191728651        1143.778021101682        38954.84685542466        155.7432842634499       -74.34520862701079    
    175.5000000000000        8.176878889293304        33.19435551844891        1107.106887289895        37098.03108096192        152.3252680503744       -74.66027631027472    
    176.5000000000000        7.780875718375807        32.65631179333031        1071.530594111739        35325.47051225462        148.7756980891257       -74.91707056534254    
    177.5000000000000        7.407464630815416        32.12615545866188        1037.038827005814        33634.51347784462        145.1167042304538       -75.11257406537418    
    178.5000000000000        7.055232354416322        31.60405630815676        1003.617497050539        32022.36025244075        141.3753904643864       -75.24434925265096    
    179.5000000000000        6.722349910360910        31.09019118751924        971.2528382896619        30486.29723254962        137.5829087461670       -75.31068016611127    
    180.5000000000000        6.407870178768279        30.58467020189308        939.9266890138758        29023.46987669083        133.7730631341950       -75.31067983311050    
    181.5000000000000        6.110424079380579        30.08768004160722        909.6253811127851        27631.29648607153        129.9805817623154       -75.24434825814139    
    182.5000000000000        5.828894277283649        29.59923901411869        880.3247023581429        26306.77302402273        126.2392686706181       -75.11257242253605    
    183.5000000000000        5.562208613152180        29.11950174624613        852.0091582212381        25047.38761902967        122.5802757800867       -74.91706829519450    
    184.5000000000000        5.309426304383461        28.64854041183595        824.6581459614440        23850.46028639571        119.0307070347054       -74.66027344039681    
    185.5000000000000        5.069772527343437        28.18641954781882        798.2507788031282        22713.37581005845        115.6126922324764       -74.34520519001013    
    186.5000000000000        4.842590238896263        27.73317761387530        772.7648541955710        21633.53732938301        112.3429729241215       -73.97530217082426    
    187.5000000000000        4.626865264325277        27.28887055738883        748.1797692795052        20608.50754300588        109.2329556623328       -73.55426614121215    
    188.5000000000000        4.422111074704588        26.85350810457303        724.4722811257228        19635.79903205749        106.2891289977993       -73.08591754861851    
    189.5000000000000        4.227809208932850        26.42709428457467        701.6195064728420        18713.02837094849        103.5137164202801       -72.57407340700468    
    190.5000000000000        4.043086589261389        26.00966887464650        679.6007160740978        17837.96738180229        100.9054427074919       -72.02245133995719    
    191.5000000000000        3.867638919403730        25.60114618901566        658.3892330598247        17008.23623824912        98.46031473213915       -71.43459980892527    
    192.5000000000000        3.700917208676611        25.20156910326317        637.9655275719571        16221.80669471331        96.17234829014748       -70.81385198977593    
    193.5000000000000        3.542491348554464        24.81085574178692        618.3040934581005        15476.48836888683        94.03420161396913       -70.16329941786660    
    194.5000000000000        3.391895959392659        24.42900489375554        599.3844296836810        14770.36705298413        92.03769947770050       -69.48578112250691    
    195.5000000000000        3.248708574234043        24.05591870035436        581.1813509506425        14101.40324606863        90.17424790972390       -68.78388419062409    
    196.5000000000000        3.112570951653978        23.69155951304116        563.6736577736555        13467.78986565133        88.43514916114020       -68.05995225028862    
    197.5000000000000        2.983104228570095        23.33585007807106        546.8386938563883        12867.72495668596        86.81183122655536       -67.31609903795770    
    198.5000000000000        2.860018546826965        22.98871852226362        530.6546911183667        12299.50159554704        85.29600748293461       -66.55422487736635    
    199.5000000000000        2.742935768226026        22.65005530169909        515.0988196373578        11761.43881885059        83.87978125910020       -65.77603448369831    
    200.5000000000000        2.631576375986357        22.31978304876928        500.1504596943254        11251.99382690761        82.55570836839794       -64.98305498729053    
    201.5000000000000        2.525675175969223        21.99779696689155        485.7883040421656        10769.65327182231        81.31682848443518       -64.17665344531908    
    202.5000000000000        2.424965778030824        21.68399555199487        471.9919601193558        10312.99297459801        80.15667410113494       -63.35805338925768    
    203.5000000000000        2.329145332682802        21.37824817293604        458.7403363785931        9880.615048782118        79.06926389304265       -62.52835015689678    
    204.5000000000000        2.238022138789364        21.08045156135606        446.0142467542355        9471.235941562625        78.04908566006777       -61.68852489728241    
    205.5000000000000        2.151333493107535        20.79048584915522        433.7944650102714        9083.619138931650        77.09107271365995       -60.83945723019487    
    206.5000000000000        2.068871886937133        20.50822581371478        422.0621577445641        8716.585141886131        76.19057651405627       -59.98193660122431    
    207.5000000000000        1.990437006183876        20.23355097592059        410.7993187302822        8369.023401763832        75.34333756086600       -59.11667240892996    
    208.5000000000000        1.915826377488870        19.96632679856944        399.9879797711374        8039.865464379691        74.54545592876293       -58.24430299941285    
    209.5000000000000        1.844853703333719        19.70642405169560        389.6110293238145        7728.108949648788        73.79336238609827       -57.36540363135125    
    210.5000000000000        1.777344195489412        19.45370775039790        379.6517088860311        7432.798479559679        73.08379070190799       -56.48049351506565    
    211.5000000000000        1.713127509551188        19.20804988685067        370.0940961140762        7153.037832040558        72.41375150724194       -55.59004202524925    
    212.5000000000000        1.652040923437276        18.96932056251643        360.9227722572527        6887.978868127376        71.78050790694726       -54.69447418051610    
    213.5000000000000        1.593936047168425        18.73737770056383        352.1224039098418        6636.807123061040        71.18155292001792       -53.79417547515424    
    214.5000000000000        1.538665692060718        18.51208897171792        343.6785323909448        6398.761646258762        70.61458874657767       -52.88949614026054    
    215.5000000000000        1.486086850114223        18.29332450133023        335.5773221998228        6173.127172155196        70.07750780706380       -51.98075490329921    
    216.5000000000000        1.436066726267466        18.08095120004553        327.8053023728128        5959.224182733316        69.56837546641569       -51.06824230738344    
    217.5000000000000        1.388480214324507        17.87483884209901        320.3495770549720        5756.413131759072        69.08541433727083       -50.15222364440432    
    218.5000000000000        1.343209731946824        17.67485518227964        313.1976405979434        5564.088093893441        68.62699004708234       -49.23294154959822    
    219.5000000000000        1.300141276750738        17.48087142260527        306.3375422553124        5381.679227029602        68.19159835161084       -48.31061829927518    
    220.5000000000000        1.259168528522768        17.29276088490699        299.7578223387276        5208.649636887057        67.77785347918118       -47.38545784821172    
    221.5000000000000        1.220187933502635        17.11039759130810        293.4474575636912        5044.492911372333        67.38447759483560       -46.45764763859772    
    222.5000000000000        1.183104554821706        16.93365980576157        287.3959495494526        4888.733608130024        67.01029127993509       -45.52736020837410    
    223.5000000000000        1.147826462557514        16.76242583938417        281.5931698577971        4740.922206878994        66.65420493007417       -44.59475462325133    
    224.5000000000000        1.114266369844516        16.59657736136176        276.0294574060980        4600.636444061644        66.31521098184203       -43.65997775360007    
    225.5000000000000        1.082341554118904        16.43599700687781        270.6955124379842        4467.477289059245        65.99237688662305       -42.72316541470872    
    226.5000000000000        1.051973312600465        16.28057093071493        265.5824780954981        4341.070282482357        65.68483875705071       -41.78444338655572    
    227.5000000000000        1.023087963589352        16.13018846854535        260.6819057041943        4221.063476800490        65.39179561876395       -40.84392832720449    
    228.5000000000000       0.9956154370614966        15.98474156718743        255.9857191239594        4107.125599136470        65.11250420668391       -39.90172859215649    
    229.5000000000000       0.9694888307699202        15.84412444742951        251.4861940840016        3998.944806115246        64.84627425109511       -38.95794497045947    
    230.5000000000000       0.9446456309686891        15.70823430555275        247.1759623293061        3896.227871573968        64.59246420436637       -38.01267134702982    
    231.5000000000000       0.9210260121499443        15.57697092559105        243.0479861244349        3798.698830742479        64.35047736419767       -37.06599529948556    
    232.5000000000000       0.8985738475533543        15.45023681911167        239.0955510461282        3706.098142226546        64.11975835384914       -36.11799863677580    
    233.5000000000000       0.8772349276886075        15.32793825153607        235.3122832459911        3618.182373933488        63.89978992392845       -35.16875788601264    
    234.5000000000000       0.8569591724848186        15.20998337804691        231.6920808394626        3534.722020468959        63.69009004401720       -34.21834473314571    
    235.5000000000000       0.8376993147942208        15.09628343699991        228.2291397018111        3455.501536552963        63.49020925573758       -33.26682642245070    
    236.5000000000000       0.8194102713362003        14.98675307851310        224.9179506958504        3380.318693575483        63.29972826183537       -32.31426611922046    
    237.5000000000000       0.8020495488067375        14.88130939418043        221.7532603472357        3308.983199834165        63.11825572851436       -31.36072323953964    
    238.5000000000000       0.7855768640856425        14.77987254409233        218.7300800549920        3241.316449465366        62.94542628063335       -30.40625375057557    
    239.5000000000000       0.7699546709356191        14.68236587431636        215.8436792770484        3177.150918194325        62.78089867149870       -29.45091044443069    
    240.5000000000000       0.7551471055570661        14.58871512377276        213.0895530472451        3116.329039073850        62.62435411087988       -28.49474318825926    
    241.5000000000000       0.7411210247887999        14.49884864495560        210.4634198898802        3058.702779813296        62.47549473656550       -27.53779915305044    
    242.5000000000000       0.7278450102851583        14.41269830211118        207.9612407385854        3004.133728743988        62.33404221628752       -26.58012302321707    
    243.5000000000000       0.7152893711540928        14.33019841810099        205.5791799159081        2952.491902555092        62.19973646818902       -25.62175718889826    
    244.5000000000000       0.7034262083008315        14.25128580890755        203.3135981870541        2903.655280831533        62.07233448921493       -24.66274192267776    
    245.5000000000000       0.6922293754250913        14.17590029907831        201.1610620608639        2857.509758185436        61.95160928188169       -23.70311554224223    
    246.5000000000000       0.6816743853519438        14.10398457432844        199.1183323091410        2813.948623062677        61.83734887084493       -22.74291456034387    
    247.5000000000000       0.6717381524530731        14.03548364787290        197.1823427986396        2772.871868388166        61.72935540154570       -21.78217382329098    
    248.5000000000000       0.6623992263297351        13.97034506421402        195.3502004439206        2734.185968456180        61.62744431398792       -20.82092663906654    
    249.5000000000000       0.6536377090570675        13.90851910554610        193.6191851630246        2697.803662965763        61.53144358539299       -19.85920489606563    
    250.5000000000000       0.6454348642610412        13.84995857102175        191.9867398468301        2663.643583580498        61.44119303609821       -18.89703917334331    
    251.5000000000000       0.6377733025317109        13.79461893138612        190.4504688478883        2631.630024077595        61.35654369362550       -17.93445884318002    
    252.5000000000000       0.6306368965358393        13.74245821502027        189.0081305946360        2601.692630569864        61.27735721034925       -16.97149216669475    
    253.5000000000000       0.6240102921248245        13.69343665893095        187.6576241930042        2573.765983201488        61.20350533064611       -16.00816638316696    
    254.5000000000000       0.6178794990695441        13.64751703195498        186.3969942570198        2547.789555093280        61.13486940381819       -15.04450779366918    
    255.5000000000000       0.6122316887979754        13.60466446530619        185.2244228268692        2523.707423736423        61.07133993945229       -14.08054183955878    
    256.5000000000000       0.6070551780365440        13.56484623092376        184.1382199414408        2501.467961839269        61.01281620221231       -13.11629317632810    
    257.5000000000000       0.6022437301381819        13.52807415907908        183.1379629803502        2481.046760590705        60.95920584336728       -12.15178574327159    
    258.5000000000000       0.5980739603045625        13.49419399907717        182.2188212257880        2462.331829127535        60.91042456663405       -11.18704282939089    
    259.5000000000000       0.5942506306555302        13.46330643205878        181.3828917409433        2445.352622437439        60.86639582616782       -10.22208713592429    
    260.5000000000000       0.5908614467070638        13.43534601398054        180.6278575519940        2430.050732351224        60.82705055476372       -9.256940835858993    
    261.5000000000000       0.5878996881082159        13.41029146317233        179.9526485313321        2416.394225055728        60.79232692054696       -8.291625630758610    
    262.5000000000000       0.5853593088113590        13.38812360781679        179.3563069715316        2404.354650696584        60.76217011062406       -7.326162805214408    
    263.5000000000000       0.5832353092460507        13.36882572343994        178.8379952872887        2393.907150824079        60.73653214034927       -6.360573279210005    
    264.5000000000000       0.5815238017797867        13.35238318000648        178.3969848607703        2385.030181401964        60.71537168702947       -5.394877658671958    
    265.5000000000000       0.5802216176256490        13.33878335165300        178.0326521790404        2377.705390637443        60.69865394704801       -4.429096284462489    
    266.5000000000000       0.5793261968447322        13.32801614888463        177.7444926291728        2371.917874800490        60.68635051553602       -3.463249280059068    
    267.5000000000000       0.5788362084265890        13.32007352338944        177.5321059844824        2367.655850368653        60.67843928786029       -2.497356598154940    
    268.5000000000000       0.5787505774816380        13.31494931812023        177.3951911494314        2364.910514553545        60.67490438232948       -1.531438066404579    
    269.5000000000000       0.5790695616028096        13.31263987242322        177.3335628128767        2363.676384392406        60.67573608364887      -0.5655134325323843    
    270.5000000000000       0.5797941016595284        13.31314379811195        177.3471445497437        2363.951135406998        60.68093080677667       0.4003975909821927    
    271.5000000000000       0.5809259148591889        13.31646171066353        177.4359615331479        2365.735451576142        60.69049108095587        1.366275282434872    
    272.5000000000000       0.5824683388005631        13.32259627561608        177.6001421660574        2369.033067004745        60.70442555381326        2.332099866434422    
    273.5000000000000       0.5844251697015364        13.33155201687527        177.8399120732049        2373.850628527252        60.72274901553449        3.297851469240811    
    274.5000000000000       0.5868000754610655        13.34333607786231        178.1556164512923        2380.198190831267        60.74548244324129        4.263510073696318    
    275.5000000000000       0.5895986830860801        13.35795775855907        178.5477078043708        2388.088979268439        60.77265306581452        5.229055473537985    
    276.5000000000000       0.5928278171857552        13.37542816792869        179.0167369837078        2397.539225214902        60.80429444952758        6.194467226875326    
    277.5000000000000       0.5964940919328755        13.39576077644315        179.5633684727548        2408.568493493742        60.84044660497699        7.159724608612205    
    278.5000000000000       0.6006065735059156        13.41897137929597        180.1883820391989        2421.199784968639        60.88115611592534        8.124806561582519    
    279.5000000000000       0.6051748829964538        13.44507785778235        180.8926666080604        2435.459433028286        60.92647629080393        9.089691646159395    
    280.5000000000000       0.6102090176927271        13.47410017766679        181.6772220644502        2451.377197137665        60.97646733776225        10.05435798808718    
    281.5000000000000       0.6157201176937511        13.50606063652367        182.5431670086383        2468.986462426281        61.03119656429879        11.01878322427016    
    282.5000000000000       0.6217214131859499        13.54098401509591        183.4917469762288        2488.324517757253        61.09073860266375        11.98294444623576    
    283.5000000000000       0.6282267473929766        13.57889752227415        184.5243337197485        2509.432583498445        61.15517566239289        12.94681814097274    
    284.5000000000000       0.6352512631303219        13.61983046255030        185.6424180082516        2532.355732125718        61.22459781151002        13.91038012882208    
    285.5000000000000       0.6428116080315008        13.66381374259817        186.8475983995435        2557.142737498096        61.29910328813126        14.87360549807406    
    286.5000000000000       0.6509252781494047        13.71088142109791        188.1416279068589        2583.847162682564        61.37879884441355        15.83646853589893    
    287.5000000000000       0.6596116959828896        13.76106981361404        189.5263938289164        2612.527079033398        61.46380012501898        16.79894265520609    
    288.5000000000000       0.6688909907082684        13.81441834307138        191.0039430656689        2643.245675259478        61.55423208251592        17.76100031699153    
    289.5000000000000       0.6787860504674357        13.87096878122672        192.5764645198363        2676.071014898805        61.65022943241070        18.72261294769551    
    290.5000000000000       0.6893202790611439        13.93076505777613        194.2462883593873        2711.076172459541        61.75193715080330        19.68375085104639    
    291.5000000000000       0.7005200120486500        13.99385344165191        196.0158956290392        2748.339596655474        61.85951101798861        20.64438311381693    
    292.5000000000000       0.7124134216395364        14.06028266253790        197.8879247138970        2787.945377161212        61.97311821168821        21.60447750486431    
    293.5000000000000       0.7250292001501830        14.13010401597632        199.8651805923672        2829.983653183696        62.09293795399684        22.56400036676141    
    294.5000000000000       0.7384001306716652        14.20337119478926        201.9506345439758        2874.550785012728        62.21916221656930        23.52291649925521    
    295.5000000000000       0.7525602738212172        14.28014091631135        204.1474485287232        2921.750109052586        62.35199648906351        24.48118903371083    
    296.5000000000000       0.7675456724458574        14.36047277115539        206.4589772716250        2971.692222059060        62.49166061639652        25.43877929760804    
    297.5000000000000       0.7833967862425785        14.44442854274540        208.8887529790798        3024.494852222281        62.63838971097226        26.39564666805667    
    298.5000000000000       0.8001546661105518        14.53207359240572        211.4405326172410        3080.284162163659        62.79243514670758        27.35174841318512    
    299.5000000000000       0.8178633584384217        14.62347328199506        214.1182013672157        3139.192940795449        62.95406564242561        28.30703952012629    
    300.5000000000000       0.8365700686406225        14.71869833739412        216.9259376171705        3201.364551543577        63.12356844301181        29.26147250818136    
    301.5000000000000       0.8563241755890708        14.81782109125393        219.8681095904763        3266.950967032095        63.30125060764783        30.21499722557926    
    302.5000000000000       0.8771786083360233        14.92091705202346        222.9493269533173        3336.114194113874        63.48744041546291        31.16756062806430    
    303.5000000000000       0.8991890913784657        15.02806711878108        226.1745261889759        3409.028828834413        63.68248890008408        32.11910653733500    
    304.5000000000000       0.9224161624952682        15.13935372433346        229.5488566928907        3485.879726100851        63.88677152583951        33.06957537712211    
    305.5000000000000       0.9469242904001922        15.25486453114993        233.0778051549088        3566.865339054059        64.10069001978759        34.01890388442390    
    306.5000000000000       0.9727843181836226        15.37468990736279        236.7671316544599        3652.196810650925        64.32467437532590        34.96702479311184    
    307.5000000000000        1.000070930558911        15.49892000870716        240.6227846743131        3742.096374295106        64.55918504489624        35.91386648677511    
    308.5000000000000        1.028864156089810        15.62764787742625        244.6510065773533        3836.800308312822        64.80471534126410        36.85935261727628    
    309.5000000000000        1.059248462897567        15.76097238404382        248.8584476781542        3936.562487794990        65.06179406903465        37.80340168504274    
    310.5000000000000        1.091313794427716        15.89899245533728        253.2519919455292        4041.650768728778        65.33098841049382        38.74592657660711    
    311.5000000000000        1.125158215024065        16.04181042162728        257.8388735249365        4152.350376291547        65.61290709255617        39.68683405432597    
    312.5000000000000        1.160883306492887        16.18953020187380        262.6266296184110        4268.963440262975        65.90820386458157        40.62602419253925    
    313.5000000000000        1.198599491576424        16.34226344603006        267.6233258780661        4391.815587255289        66.21758132011553        41.56338975367294    
    314.5000000000000        1.238426755110279        16.50012154061673        272.8373076152936        4521.250612430813        66.54179509922889        42.49881549691567    
    315.5000000000000        1.280488401735576        16.66321649447722        278.2772318089713        4657.631847298519        66.88165851209784        43.43217741110427    
    316.5000000000000        1.324917714874889        16.83166343644800        283.9521750938679        4801.346049376393        67.23804762878392        44.36334186231434    
    317.5000000000000        1.371858555567766        17.00558496330741        289.8718062426854        4952.809076688589        67.61190688483660        45.29216464534727    
    318.5000000000000        1.421461453366259        17.18510169474221        296.0460606990240        5112.458069506498        68.00425525732956        46.21848992681129    
    319.5000000000000        1.473892707340287        17.37034070568010        302.4854632711890        5280.761360301338        68.41619307120503        47.14214906578868    
    320.5000000000000        1.529328196400587        17.56142885308362        309.2009299154925        5458.215007043193        68.84890950125319        48.06295929612676    
    321.5000000000000        1.587959033181068        17.75849786131153        316.2039097352222        5645.346301222952        69.30369084055577        48.98072225216149    
    322.5000000000000        1.649985481088143        17.96167600358157        323.5061973808350        5842.712650405165        69.78192961156438        49.89522231714208    
    323.5000000000000        1.715625866760128        18.17109483834190        331.1200987495611        6050.904843216625        70.28513460084788        50.80622477073347    
    324.5000000000000        1.785107018061429        18.38688849594917        339.0584830210508        6270.551756482450        70.81494190247611        51.71347370869696    
    325.5000000000000        1.858677154775315        18.60919302234603        347.3347700511870        6502.321333849459        71.37312705736568        52.61668970415210    
    326.5000000000000        1.936599354238557        18.83814775804435        355.9629953076578        6746.924064457953        71.96161837579047        53.51556717567128    
    327.5000000000000        2.019163484489138        19.07389238227583        364.9577224812631        7005.112373929587        72.58251152640335        54.40977142283549    
    328.5000000000000        2.106673327532976        19.31656030102939        374.3338025450011        7277.675604929183        73.23808546580710        55.29893528478610    
    329.5000000000000        2.199451453958756        19.56629117681888        384.1068945768003        7565.457428259109        73.93081976560246        56.18265537176580    
    330.5000000000000        2.297851385505514        19.82322401552584        394.2931763110618        7869.348515489516        74.66341336576781        57.06048781373740    
    331.5000000000000        2.402261020736634        20.08750078303853        404.9095591996743        8190.296707358326        75.43880473993804        57.93194346404650    
    332.5000000000000        2.513088057253964        20.35925714241939        415.9732882319499        8529.295761274572        76.26019339400271        58.79648249001050    
    333.5000000000000        2.630760078998609        20.63862831305835        427.5022325194329        8887.397801968647        77.13106252699949        59.65350827668455    
    334.5000000000000        2.755739681243448        20.92574735239820        439.5148014735890        9265.712319170823        78.05520255284904        60.50236056551091    
    335.5000000000000        2.888581777962351        21.22073447487990        452.0295367541657        9665.396595026306        79.03673500060161        61.34230774704678    
    336.5000000000000        3.029771774511622        21.52373586619986        465.0667323851053        10087.70872068300        80.08013606380632        62.17253822786990    
    337.5000000000000        3.179914552696639        21.83486362086675        478.6458930999290        10533.92918225593        81.19025873691584        62.99215079805681    
    338.5000000000000        3.339636447205093        22.15423289120716        492.7873765358775        11005.41772680203        82.37235203499563        63.80014394007460    
    339.5000000000000        3.509641403925705        22.48196682032907        507.5125604397139        11503.61996541931        83.63207521572674        64.59540404631808    
    340.5000000000000        3.690669890900330        22.81818980258166        522.8435807331075        12030.06234780885        84.97550418132968        65.37669255595422    
    341.5000000000000        3.883549768192030        23.16299135254204        538.8017910449870        12586.30598101609        86.40912630601846        66.14263208885825    
    342.5000000000000        4.089092493368006        23.51649480350822        555.4107274323972        13174.04512964232        87.93981879413660        66.89169175366537    
    343.5000000000000        4.308289845934127        23.87877611710199        572.6924577788832        13794.98694974526        89.57480432815034        67.62217194850066    
    344.5000000000000        4.542106719668109        24.24992529762979        590.6704810066302        14450.95769304694        91.32157625687056        68.33218916829514    
    345.5000000000000        4.791717573267333        24.63002661487498        609.3686623290160        15143.86331002090        93.18778401356769        69.01966159339459    
    346.5000000000000        5.058340179213563        25.01916850179825        628.8118047569418        15875.71657484930        95.18106805921758        69.68229656970668    
    347.5000000000000        5.343274672117338        25.41738994124418        649.0229475242561        16648.53827553724        97.30883279128901        70.31758150343293    
    348.5000000000000        5.647935672152593        25.82475704423611        670.0270777566571        17464.49519205404        99.57794612004395        70.92278017226404    
    349.5000000000000        5.973905313352971        26.24129499505820        691.8477333616872        18325.77608819955        101.9943566009293        71.49493696485527    
    350.5000000000000        6.322945086252707        26.66704529212698        714.5098784461858        19234.70332416546        104.5626241343154        72.03089203057718    
    351.5000000000000        6.697016413295002        27.10201341908941        738.0372280663253        20193.63438289296        107.2853693704209        72.52731063321974    
    352.5000000000000        7.098068988449152        27.54620453836077        762.4537785410234        21205.00957555253        110.1626608820550        72.98072998315484    
    353.5000000000000        7.528455176884405        27.99959792543338        787.7828415879804        22271.33477286214        113.1913778510561        73.38762625679703    
    354.5000000000000        7.990696816923047        28.46219590569594        814.0493206892118        23395.26071026357        116.3646078379667        73.74450318015793    
    355.5000000000000        8.487592419779618        28.93389285282316        841.2722234091899        24579.26334129899        119.6711602745392        74.04800130818488    
    356.5000000000000        9.022165633920430        29.41469991761914        869.4777436070310        25826.22001054261        123.0952902863496        74.29502401185067    
    357.5000000000000        9.597769137886399        29.90448980054307        898.6841874884815        27138.74229710026        126.6167264761372        74.48287252950819    
    358.5000000000000        10.21826833997889        30.40320074356730        928.9138460089739        28519.69854223320        130.2110735557945        74.60937894201496    
    359.5000000000000        10.88766026664382        30.91071074295413        960.1854874248166        29971.87781597345        133.8506140974501        74.67302355815190    
