 # author: MA Kubiak / Space Research Center PAS Warsaw Poland, contact: mkubiak@cbk.waw.pl                          
 # code version Program.keplerV_ellipt_V2      , Dates: calkV:20/04/2026  ; part_pr:20/04/2026                       
 # czas no T v_mas, kier.naplywu(dl, szer) macierz obrotu (ecl to helio), r, theta, phi(ecl,spher), V_detector(ecl,cart), IBEX_energy_channel
 #     2026.043609000000        0.8088930000000000E-03     9480.000000000000        -11.28000000301609         251.5700000000000         11.95000000000000        0.2459841265748581        0.9692738567985851         0.000000000000000       -0.9615244635393438        0.2440174711049008        0.1261989691358298        0.1223213615382913       -0.3104294319752456E-01    0.9920049496797150        0.9749670000000000         116.4271880000000       -0.2534200000000000E-01    -26.78600000000000        -13.23400000000000        0.4200000000000001E-01 00
 # routs_end= 150.00;    Maxwellian,    elliptOrb=Off                                                                                        
 # Numerical parameters: GridKl=10  GridKf=09  GridKV=05  epsV= 0.0000100  epssJon=.0010000                                                  
 # Numerical parameters: GridKl=10  GridKf=09  GridKV=05  epsV= 0.0000100  epssJon=.0010000; tessel128                                                                                                                                                                                                                                                                                                                                                                                                                                                                 
# Axis to the Sun: alpha_ecl= 292.5200000000000000 delta_Ecl= 0.1070000000000000 delta_Ax= 90.0000000000000000  repoint= 00128
 #  flag_atom: He                                                   
 #  flag_general:                                                   
 #                                                                  
 #                                                                  
  # Ly_a_Profil: zero                                               
  # flag_Itot: zero                                                 
 #  v_SW_Eqtr: speed3D.hybrid2026c_patched.dat                      
 #  n_SW_Eqtr: density3D.hybrid2026c_patched.dat                    
 #  phot_Eqtr: 0.8500000  phion_Helium_T12F107_2026c.dat            
 #  sigma_SW: p+He->H +He+, He + alpha (2 chnls);src:simuLosses.nb  
 #  flag_el:slow  swEqtrElectrons5.2026c.patched.dat                
 #  SW_lati: interpolation                                          
 #  phot_lati: analit pole-flattened after Pryor & Auchere          
 #
 #
 #
 #Spin  flux speed	speed^2 speed^3    long_ecl lat_ecl
   0.5000000000000000        116.4065031057936        32.53074946281876        1063.768588227996        34965.21049608081        190.4412026361722        89.48867694108638    
    1.500000000000000        124.5492755064661        33.08003554695782        1099.969646061816        36763.79484196576        198.4407463143921        88.49618687433654    
    2.500000000000000        133.3057900162031        33.63762485705251        1137.331365857331        38650.98190149132        200.0707939208709        87.49771019510548    
    3.500000000000000        142.7242445495806        34.20331783221391        1175.867699866402        40629.87865266429        200.7711123118836        86.49836433989833    
    4.500000000000000        152.8570169378906        34.77690747533327        1215.591426498498        42703.58554464483        201.1606944126026        85.49872817999572    
    5.500000000000000        163.7611021760003        35.35813407314593        1256.510659909227        44874.99402271982        201.4089048750437        84.49895997387561    
    6.500000000000000        175.4957867593947        35.94679159837593        1298.637239035279        47147.28367406785        201.5809600756627        83.49912064353447    
    7.500000000000000        188.1294839941271        36.54260150603104        1341.976229860827        49523.26857988414        201.7073116515914        82.49923863138564    
    8.500000000000000        201.7344041545477        37.14531127067436        1386.534063404248        52005.89847603556        201.8040862976119        81.49932899885637    
    9.500000000000000        216.3913798903328        37.75465667958875        1432.315396865252        54598.06054411112        201.8806224410880        80.49940046707248    
    10.50000000000000        232.1847016630174        38.37027698758622        1479.315947987238        57302.12376362541        201.9427018256777        79.49945843540220    
    11.50000000000000        249.2121322062648        38.99195221458524        1527.541716953078        60121.10772861467        201.9940955405095        78.49950642545002    
    12.50000000000000        267.5729567509832        39.61925928010162        1576.981017480126        63056.96416797683        202.0373681303598        77.49954683205573    
    13.50000000000000        287.3844877117291        40.25191570591995        1627.632047621973        66112.23894485255        202.0743243935169        76.49958134056574    
    14.50000000000000        308.7672086160584        40.88952968992646        1679.482570586834        69288.82111599592        202.1062713283572        75.49961117146134    
    15.50000000000000        331.8534677724599        41.53172187281579        1732.519687191011        72588.52749231797        202.1341786956216        74.49963723030243    
    16.50000000000000        356.7943184625268        42.17811818858749        1786.729060767155        76013.03502145190        202.1587812015913        73.49966020315132    
    17.50000000000000        383.7454401795844        42.82833584500828        1842.094153345736        79563.85247029050        202.1806456508098        72.49968061928242    
    18.50000000000000        412.8844719023444        43.48193463498220        1898.590864991470        83241.88676644971        202.2002163216260        71.49969889355489    
    19.50000000000000        444.4026910216938        44.13858198739587        1956.203387914369        87048.57668205712        202.2178463812243        70.49971535574883    
    20.50000000000000        478.5074067073232        44.79778431267346        2014.898757831658        90984.06945596203        202.2338201067227        69.49973027131543    
    21.50000000000000        515.4315769731503        45.45920569528912        2074.656704727871        95049.31846750410        202.2483689054718        68.49974385633669    
    22.50000000000000        555.4234918083333        46.12235712310324        2135.440522621170        99244.01548243087        202.2616830635526        67.49975628849640    
    23.50000000000000        598.7544458918941        46.78681130890399        2197.216847559159        103567.9518220646        202.2739204948419        66.49976771524966    
    24.50000000000000        645.7259624440035        47.45214952080809        2259.951125801655        108020.7192348910        202.2852133475742        65.49977825999235    
    25.50000000000000        696.6589486862348        48.11787408178754        2323.598753856444        112601.0277053068        202.2956730565068        64.49978802677849    
    26.50000000000000        751.9109174475959        48.78358199923166        2388.121842432018        117307.9098054174        202.3053942512635        63.49979710396997    
    27.50000000000000        811.8656063775834        49.44875584467623        2453.469110820719        122139.2566309324        202.3144578119979        62.49980556708980    
    28.50000000000000        876.9444278162050        50.11297545491720        2519.596367607633        127093.2970902036        202.3229332817980        61.49981348107474    
    29.50000000000000        947.6004933035598        50.77574525061489        2586.449505190935        132167.3248632999        202.3308807884650        60.49982090206987    
    30.50000000000000        1024.325422742694        51.43661345793172        2653.976356895004        137358.5742760703        202.3383525882639        59.49982787887015    
    31.50000000000000        1107.651936859707        52.09509502303581        2722.118842189168        142663.6053234244        202.3453943156511        58.49983445408721    
    32.50000000000000        1198.153900087179        52.75072108984099        2790.818173807275        148078.7048549002        202.3520460023049        57.49984066510103    
    33.50000000000000        1296.451022159871        53.40302936652635        2860.013846787508        153599.7949979699        202.3583429136635        56.49984654484108    
    34.50000000000000        1403.205024669006        54.05154088014567        2929.641188331532        159222.2274480984        202.3643162399979        55.49985212243158    
    35.50000000000000        1519.127148949937        54.69578058976570        2999.633642843593        164940.9634196335        202.3699936707017        54.49985742372771    
    36.50000000000000        1644.969691536296        55.33529887150577        3069.925223119461        170750.7728659019        202.3753998741965        53.49986247176384    
    37.50000000000000        1781.540083311796        55.96963289261465        3140.446272964210        176645.8749607557        202.3805569010695        52.49986728712985    
    38.50000000000000        1929.681086910186        56.59831859052538        3211.124744251826        182620.0302832762        202.3854845244035        51.49987188828902    
    39.50000000000000        2090.286957743071        57.22090152685085        3281.887609896924        188666.6667827592        202.3902005284282        50.49987629184750    
    40.50000000000000        2264.285557586564        57.83694166479438        3352.661494373291        194778.9332033706        202.3947209544279        49.49988051278394    
    41.50000000000000        2452.644382411579        58.44599819096663        3423.370988884181        200949.5498295386        202.3990603111131        48.49988456464593    
    42.50000000000000        2656.358587369187        59.04765182187931        3493.941436193901        207171.0619417899        202.4032317553125        47.49988845971877    
    43.50000000000000        2876.445098216611        59.64148283131858        3564.296433318331        213435.6193784664        202.4072472477608        46.49989220917084    
    44.50000000000000        3113.929905165563        60.22708319641483        3634.359313223413        219735.1068022374        202.4111176878999        45.49989582317956    
    45.50000000000000        3369.838054756421        60.80406154832588        3704.053995091566        226061.2380485379        202.4148530309255        44.49989931104064    
    46.50000000000000        3645.182931327623        61.37203773377902        3773.304411024448        232405.5069642877        202.4184623897495        43.49990268126334    
    47.50000000000000        3940.933738782612        61.93063467480441        3842.033565058252        238759.1022394191        202.4219541241052        42.49990594165356    
    48.50000000000000        4258.018164872452        62.47950113315959        3910.166570580935        245113.2065197824        202.4253359186499        41.49990909938688    
    49.50000000000000        4597.275194728882        63.01829567182347        3977.628787661857        251458.8329194231        202.4286148516227        40.49991216107266    
    50.50000000000000        4959.448766472279        63.54669793759060        4044.347404514369        257786.9875014866        202.4317974553673        39.49991513281049    
    51.50000000000000        5345.142809404208        64.06439304065866        4110.249563913305        264088.5005589480        202.4348897698279        38.49991802024020    
    52.50000000000000        5754.805196869747        64.57109163802227        4175.265132767262        270354.3116361485        202.4378973899541        37.49992082858608    
    53.50000000000000        6188.685752585496        65.06651473056073        4239.324850903057        276575.3009626074        202.4408255078158        36.49992356269624    
    54.50000000000000        6646.792478663149        65.55039915478544        4302.361148203217        282742.3799378002        202.4436789501058        35.49992622707763    
    55.50000000000000        7128.875971763960        66.02250099828572        4364.308749016892        288846.5676772136        202.4464622116163        34.49992882592727    
    56.50000000000000        7634.379648678753        66.48258876071954        4425.103932129413        294878.9355485753        202.4491794851872        33.49993136316023    
    57.50000000000000        8162.415868030068        66.93045634485355        4484.686393422885        300830.8093402016        202.4518346885579        32.49993384243470    
    58.50000000000000        8711.740669092500        67.36591532737853        4542.998359475786        306693.6977712524        202.4544314884958        31.49993626717456    
    59.50000000000000        9280.724851949790        67.78879492547622        4599.984693841825        312459.3177663807        202.4569733225218        30.49993864058956    
    60.50000000000000        9867.332803947822        68.19893825648383        4655.592494490240        318119.5678003723        202.4594634185136        29.49994096569377    
    61.50000000000000        10469.12620201419        68.59620838669862        4709.772048498241        323666.6429130855        202.4619048124305        28.49994324532200    
    62.50000000000000        11083.23641382093        68.98048015486208        4762.475781803988        329092.9378417959        202.4643003643707        27.49994548214487    
    63.50000000000000        11706.37595016947        69.35163259387089        4813.657279793763        334390.9567845097        202.4666527731485        26.49994767868238    
    64.50000000000000        12334.85874546230        69.70956177353159        4863.273198111889        339553.5305210731        202.4689645895534        25.49994983731638    
    65.50000000000000        12964.62816593564        70.05417142004740        4911.281988809572        344573.6910225029        202.4712382284335        24.49995196030168    
    66.50000000000000        13591.23764979316        70.38537005393550        4957.643555302819        349444.6456295623        202.4734759797313        23.49995404977654    
    67.50000000000000        14209.95092834653        70.70307260865424        5002.319514484368        354159.8129609568        202.4756800185810        22.49995610777199    
    68.50000000000000        14815.76026445471        71.00719763726043        5045.272879349542        358712.8020125143        202.4778524145669        21.49995813622048    
    69.50000000000000        15403.42917491746        71.29767099949856        5086.468581480248        363097.4722266348        202.4799951402304        20.49996013696387    
    70.50000000000000        15967.58977609259        71.57442800559106        5125.873869697245        367307.9906385397        202.4821100789022        19.49996211176074    
    71.50000000000000        16502.84603802592        71.83740930728048        5163.457723619640        371338.7732618435        202.4841990319303        18.49996406229306    
    72.50000000000000        17003.81925579956        72.08656210918706        5199.191065336712        375184.5162632126        202.4862637253637        17.49996599017254    
    73.50000000000000        17465.25521098803        72.32184117747961        5233.046944058066        378840.2242492633        202.4883058161491        16.49996789694635    
    74.50000000000000        17882.15967519188        72.54320738551972        5265.000343185005        382301.1950742372        202.4903268978887        15.49996978410249    
    75.50000000000000        18249.86287080498        72.75062635154715        5295.027997901921        385563.0054111722        202.4923285062039        14.49997165307484    
    76.50000000000000        18564.13779375821        72.94406458268234        5323.107861728814        388621.4590844426        202.4943121237466        13.49997350524783    
    77.50000000000000        18815.69458690075        73.12304204244505        5349.153195860602        391465.3057674249        202.4962791848920        12.49997534196078    
    78.50000000000000        19018.32894605631        73.28888093348522        5373.343931502655        394112.8782608504        202.4982310801487        11.49997716451208    
    79.50000000000000        19152.86112600665        73.44020287912801        5395.463210806743        396538.7503889155        202.5001691603142        10.49997897416304    
    80.50000000000000        19223.31991522387        73.57743033437808        5415.560663674932        398747.0674786782        202.5020947404043        9.499980772141500    
    81.50000000000000        19228.91105518542        73.70053197868049        5433.620196836101        400734.8220215977        202.5040091033815        8.499982559645442    
    82.50000000000000        19169.63686190207        73.80947568942290        5449.626753617384        402499.2381781623        202.5059135037054        7.499984337846212    
    83.50000000000000        19046.31375418921        73.90422505711426        5463.565790251674        404037.7147862714        202.5078091707274        6.499986107891676    
    84.50000000000000        18860.56941863589        73.98474444990856        5475.424070916384        405347.9206979919        202.5096973119489        5.499987870909335    
    85.50000000000000        18614.75929090107        74.05099324184556        5485.188778380304        406427.6936155484        202.5115791161624        4.499989628009221    
    86.50000000000000        18311.92397309594        74.10293291324365        5492.848603097312        407275.1667733070        202.5134557564928        3.499991380286694    
    87.50000000000000        17955.71036622506        74.14051971323330        5498.392642012381        407888.6460100251        202.5153283933565        2.499993128825292    
    88.50000000000000        17550.29602783570        74.16371230913093        5501.811562961034        408266.7436524663        202.5171981773530        1.499994874699376    
    89.50000000000000        17100.28457755240        74.17246872398084        5503.097153860302        408408.3293442533        202.5190662521058       0.4999966189767618    
    90.50000000000000        16610.62841218827        74.16675027659700        5502.242941709331        408312.6032781422        202.5209337570669      -0.5000016372785971    
    91.50000000000000        16086.50205676608        74.14651373562779        5499.242998624476        407978.9599683767        202.5228018302992       -1.499999893004044    
    92.50000000000000        15533.23458622257        74.11171927578192        5494.093167738140        407407.1297648974        202.5246716112522       -2.499998147135666    
    93.50000000000000        14956.22073888864        74.06232870399653        5486.790793993467        406597.1477728584        202.5265442435448       -3.499996398605621    
    94.50000000000000        14360.78697675517        73.99830651515092        5477.334898533119        405549.3746044753        202.5284208777697       -4.499994646339556    
    95.50000000000000        13752.13161093108        73.91962153512026        5465.726437827456        404264.5260351326        202.5303026743339       -5.499992889253996    
    96.50000000000000        13135.24503908397        73.82624255470147        5451.967641441549        402743.5964070689        202.5321908063504       -6.499991126253559    
    97.50000000000000        12514.86854243843        73.71814808124473        5436.063493985054        400988.0260590447        202.5340864625978       -7.499989356228256    
    98.50000000000000        11895.41134764574        73.59531968720123        5418.020731312474        398999.5859191915        202.5359908505606       -8.499987578050616    
    99.50000000000000        11280.92063524028        73.45774233264484        5397.847884892735        396780.3800007896        202.5379051995709       -9.499985790572804    
    100.5000000000000        10675.05893511762        73.30540996583217        5375.556118233291        394332.9367682791        202.5398307640667       -10.49998399262352    
    101.5000000000000        10081.06252292809        73.13832133909141        5351.158586598461        391660.1330915072        202.5417688269858       -11.49998218300483    
    102.5000000000000        9501.778797029921        72.95648496639460        5324.671181713258        388765.2753727634        202.5437207033166       -12.49998036048895    
    103.5000000000000        8939.592737731362        72.75991515185252        5296.111904734585        385652.0223823638        202.5456877438261       -13.49997852381460    
    104.5000000000000        8396.494177809396        72.54863678850714        5265.501576880698        382324.4609091254        202.5476713389897       -14.49997667168348    
    105.5000000000000        7874.085982831984        72.32268574909305        5232.863848302756        378787.0977576284        202.5496729231461       -15.49997480275634    
    106.5000000000000        7373.586970615906        72.08210373009214        5198.224423109128        375044.7685866266        202.5516939789071       -16.49997291564880    
    107.5000000000000        6895.874615370727        71.82694456258896        5161.611924620463        371102.7225820192        202.5537360418509       -17.49997100892709    
    108.5000000000000        6441.491973468917        71.55727582832574        5123.058106548603        366966.6388324919        202.5558007055326       -18.49996908110329    
    109.5000000000000        6010.695924804883        71.27317763332559        5082.597610764397        362642.5885398832        202.5578896268479       -19.49996713063030    
    110.5000000000000        5603.496393445347        70.97474936540735        5040.268880182976        358137.1228331297        202.5600045317908       -20.49996515589655    
    111.5000000000000        5219.674989194900        70.66210355515621        4996.113201836098        353457.1569725687        202.5621472216498       -21.49996315522015    
    112.5000000000000        4858.813017064613        70.33536750398248        4950.174855039306        348609.9725221375        202.5643195796916       -22.49996112684266    
    113.5000000000000        4520.328053527584        69.99468405030969        4902.501152715088        343603.2101651807        202.5665235783887       -23.49995906892235    
    114.5000000000000        4203.510225025345        69.64021093833618        4853.142221088393        338444.8276375088        202.5687612872512       -24.49995697952690    
    115.5000000000000        3907.544700553764        69.27212949544848        4802.152184458052        333143.2169455944        202.5710348813334       -25.49995485662542    
    116.5000000000000        3631.531655357626        68.89062825870450        4749.586725118746        327706.9278718952        202.5733466504919       -26.49995269807986    
    117.5000000000000        3374.517992469954        68.49591367806174        4695.504470749886        322144.7979083288        202.5756990094827       -27.49995050163550    
    118.5000000000000        3135.518612141921        68.08821031367984        4639.966952740257        316465.9371639680        202.5780945089959       -28.49994826491074    
    119.5000000000000        2913.535169392396        67.66775680709382        4583.037881640978        310679.6317740930        202.5805358477392       -29.49994598538578    
    120.5000000000000        2707.563828739750        67.23479665466309        4524.781794046698        304795.1923644288        202.5830258856961       -30.49994366039018    
    121.5000000000000        2516.609911698818        66.78959179617236        4465.265796689666        298822.1184435913        202.5855676587024       -31.49994128708938    
    122.5000000000000        2339.695495418954        66.33240848258751        4404.557538967440        292769.8778690258        202.5881643945029       -32.49993886246958    
    123.5000000000000        2175.881942422864        65.86352361245360        4342.725944076108        286647.9659437465        202.5908195304755       -33.49993638332124    
    124.5000000000000        2024.263385956745        65.38322608621351        4279.841320812066        280465.9079991981        202.5935367332333       -34.49993384622081    
    125.5000000000000        1883.977648928851        64.89182093119659        4215.975799796295        274233.2900772506        202.5963199203495       -35.49993124751045    
    126.5000000000000        1754.206402470105        64.38961399355463        4151.201147389772        267959.5247367639        202.5991732844844       -36.49992858327533    
    127.5000000000000        1634.171856529617        63.87691936160812        4085.589655499910        261653.9299281184        202.6021013202364       -37.49992584931886    
    128.5000000000000        1523.141350188809        63.35406098990373        4019.214236637478        255325.7267763578        202.6051088540886       -38.49992304113449    
    129.5000000000000        1420.430813632036        62.82136518467411        3952.147344932082        248983.9251354831        202.6082010778838       -39.49992015387450    
    130.5000000000000        1325.398811505353        62.27916445961542        3884.461459430746        242637.3698941431        202.6113835863258       -40.49991718231507    
    131.5000000000000        1237.448547256212        61.72781202106708        3816.230660574485        236294.8681174960        202.6146624190914       -41.49991412081691    
    132.5000000000000        1156.029846271749        61.16765272018452        3747.527076524408        229964.8641490300        202.6180441082346       -42.49991096328091    
    133.5000000000000        1080.625717844135        60.59905368698062        3678.424398641253        223655.7437283043        202.6215357316784       -43.49990770309834    
    134.5000000000000        1010.763059082996        60.02237613362728        3608.994470549921        217375.5269309347        202.6251449737363       -44.49990433309429    
    135.5000000000000        946.0016537941896        59.43801085900110        3539.311314204516        211132.2120604856        202.6288801937656       -45.49990084546349    
    136.5000000000000        885.9336680530565        58.84633565067324        3469.445964144884        204933.3108769887        202.6327505042678       -46.49989723169751    
    137.5000000000000        830.1840790967763        58.24770804162452        3399.465697682289        198785.7921529934        202.6367658599883       -47.49989348250150    
    138.5000000000000        778.4085295205698        57.64254258760042        3329.442894001684        192696.8483928514        202.6409371598753       -48.49988958769891    
    139.5000000000000        730.2911828094234        57.03120488909607        3259.442665992811        186672.8189890361        202.6452763641199       -49.49988553612241    
    140.5000000000000        685.5435069068900        56.41411030511280        3189.534286173357        180720.1886357415        202.6497966289524       -50.49988131548785    
    141.5000000000000        643.8944739852643        55.79163889922672        3119.781140306493        174844.7030188524        202.6545124624218       -51.49987691224882    
    142.5000000000000        605.1041716767669        55.16422395948530        3050.250847432316        169052.2471144984        202.6594399050799       -52.49987231142808    
    143.5000000000000        568.9432966478122        54.53223708476192        2981.002296783336        163347.7523511242        202.6645967403433       -53.49986749642102    
    144.5000000000000        535.2108155236430        53.89610379613637        2912.098411889876        157736.2646199888        202.6700027403899       -54.49986244876605    
    145.5000000000000        503.7129336363394        53.25622505317935        2843.597495533997        152222.2351098163        202.6756799547966       -55.49985714787517    
    146.5000000000000        474.2842789014356        52.61300291144216        2775.556006710479        146809.7551081944        202.6816530508538       -56.49985157071617    
    147.5000000000000        446.7591797932697        51.96687709116174        2708.032375018745        141502.8647378795        202.6879497166846       -57.49984569143620    
    148.5000000000000        421.0009542143922        51.31824458486773        2641.078314547094        136304.8555218376        202.6946011411279       -58.49983948091379    
    149.5000000000000        396.8714267631946        50.66756081533785        2574.749690079640        131219.1597178342        202.7016425880023       -59.49983290622252    
    150.5000000000000        374.2512305034503        50.01519160501419        2509.090886312135        126248.1157511443        202.7091140871468       -60.49982592998582    
    151.5000000000000        353.0294892689311        49.36159144034876        2444.153468927274        121394.4502596753        202.7170612709211       -61.49981850959602    
    152.5000000000000        333.1038137224426        48.70713560626668        2379.978797629779        116659.9304724389        202.7255363931885       -62.49981059626270    
    153.5000000000000        314.3836445400783        48.05224654660210        2316.610707908962        112046.3358675027        202.7345995789871       -63.49980213384598    
    154.5000000000000        296.7822485305206        47.39734328192787        2254.090763501210        107555.1307149866        202.7443203682099       -64.49979305741509    
    155.5000000000000        280.2234170567154        46.74281823109063        2192.455619542336        103187.2556561897        202.7547796372950       -65.49978329145404    
    156.5000000000000        264.6328241745776        46.08906148992557        2131.739738103853        98943.36005799143        202.7660720115208       -66.49977274760911    
    157.5000000000000        249.9484102193601        45.43648065330000        2071.977340981065        94823.95742729426        202.7783089205300       -67.49976132183589    
    158.5000000000000        236.1098289953211        44.78544469421347        2013.196809647240        90829.01454484036        202.7916225064947       -68.49974889075004    
    159.5000000000000        223.0626458350023        44.13636236665979        1955.428283505560        86958.51676311994        202.8061706760522       -69.49973530691000    
    160.5000000000000        210.7553849905668        43.48963564065497        1898.699306366360        83212.16760671757        202.8221437065670       -70.49972039264850    
    161.5000000000000        199.1441348041995        42.84560808838935        1843.030310221397        79589.10408632731        202.8397729947988       -71.49970393190350    
    162.5000000000000        188.1839642933040        42.20471160539499        1788.447678750973        76088.77805632040        202.8593428048689       -72.49968565924834    
    163.5000000000000        177.8357660818963        41.56730072443217        1734.968996030898        72709.97820572086        202.8812062878347       -73.49966524493350    
    164.5000000000000        168.0636255567985        40.93371938025962        1682.609430352338        69451.29290010629        202.9058077017858       -74.49964227413805    
    165.5000000000000        158.8326253355848        40.30435908621129        1631.386252430389        66311.37993626647        202.9337138254604       -75.49961621763649    
    166.5000000000000        150.1126342463844        39.67957483572537        1581.311954467294        63288.54935251305        202.9656593317516       -76.49958638942985    
    167.5000000000000        141.8727732250534        39.05968862675268        1532.394859390814        60380.83013266243        203.0026139374249       -77.49955188404162    
    168.5000000000000        134.0876549390828        38.44506090695697        1484.644837448006        57586.31848744043        203.0458845817365       -78.49951148110287    
    169.5000000000000        126.7303204241301        37.83600321554349        1438.066388228505        54902.77235946744        203.0972759815792       -79.49946349542209    
    170.5000000000000        119.7770930266468        37.23282754235194        1392.662802927770        52327.87972019800        203.1593525664799       -80.49940553237920    
    171.5000000000000        113.2051820938131        36.63583388509096        1348.435071036720        49859.19286285245        203.2358852568277       -81.49933407069217    
    172.5000000000000        106.9947971253025        36.04534307604318        1305.384596502782        47494.30037404525        203.3326555389640       -82.49924371148596    
    173.5000000000000        101.1271549060230        35.46161134386484        1263.507160956225        45230.51113157382        203.4590014274985       -83.49912573442847    
    174.5000000000000        95.58154604005840        34.88496153982437        1222.802019211149        43065.32882199833        203.6310489108976       -84.49896507945751    
    175.5000000000000        90.34106768452486        34.31557864306670        1183.257766159493        40995.72328761722        203.8792483094144       -85.49873330672172    
    176.5000000000000        85.39030671423157        33.75373733188656        1144.868602467933        39019.00770210480        204.2688132323441       -86.49836949966398    
    177.5000000000000        80.71407876585718        33.19964147620063        1107.623051081832        37132.24189922528        204.9691013719528       -87.49771541372799    
    178.5000000000000        76.29638558733099        32.65349209396119        1071.508766985941        35332.49118709471        206.5990818947806       -88.49619222702827    
    179.5000000000000        72.12462696955306        32.11549838059711        1036.513506379024        33616.88801798929        214.5983709683811       -89.48868288732324    
    180.5000000000000        68.18539265326704        31.58589169365889        1002.627011487777        31982.78088661172        10.44187395322854       -89.48867309119633    
    181.5000000000000        64.46677741055700        31.06476801619916        969.8273744314997        30426.86000215894        18.44095528606619       -88.49618223451016    
    182.5000000000000        60.95628612426317        30.55233078475381        938.1018554447589        28946.49124765995        20.07091846038585       -87.49770540498349    
    183.5000000000000        57.64378070103266        30.04867328188318        907.4295647055525        27538.65537731180        20.77120180047182       -86.49835948643505    
    184.5000000000000        54.51829018554940        29.55391211615202        877.7913263728437        26200.50799424369        21.16076474579152       -85.49872329164567    
    185.5000000000000        51.56913913566238        29.06822127092426        849.1711986087723        24929.41891911059        21.40896314269131       -84.49895506344598    
    186.5000000000000        48.78775336732847        28.59158093469757        821.5418213737273        23722.32766511645        21.58101004984523       -83.49911571787884    
    187.5000000000000        46.16474272460047        28.12416399689810        794.8874230370172        22576.77203986095        21.70735557677852       -82.49923369459871    
    188.5000000000000        43.69084800985316        27.66591559670527        769.1792130080669        21489.80151108116        21.80412561722685       -81.49932405357923    
    189.5000000000000        41.35833842129359        27.21697349503608        744.3999437925320        20459.05399354807        21.88065813809826       -80.49939551510796    
    190.5000000000000        39.16008662070166        26.77731619294733        720.5235071584270        19481.86404418718        21.94273459959169       -79.49945347803566    
    191.5000000000000        37.08815020886772        26.34698638635753        697.5280255819714        18555.83452808561        21.99412590679635       -78.49950146362991    
    192.5000000000000        35.13566139630203        25.92591432805915        675.3857092055978        17678.39675481424        22.03739647980077       -77.49954186650208    
    193.5000000000000        33.29576869275144        25.51413170986866        654.0751725501486        16847.33915418164        22.07435102941927       -76.49957637183796    
    194.5000000000000        31.56292017238321        25.11162232055512        633.5726597421350        16060.41839035720        22.10629649085015       -75.49960620000272    
    195.5000000000000        29.92997036935101        24.71831062510030        613.8522864146688        15315.39997274821        22.13420257806595       -74.49963225647022    
    196.5000000000000        28.39235926568485        24.33420921171152        594.8930369087889        14610.30177720142        22.15880396198648       -73.49965522723762    
    197.5000000000000        26.94381193317961        23.95915938629452        576.6660522957693        13942.92347993385        22.18066741992392       -72.49967564152911    
    198.5000000000000        25.58004607267534        23.59317550397213        559.1517546093984        13311.48354674511        22.20023720891621       -71.49969391416458    
    199.5000000000000        24.29538581307347        23.23609342964344        542.3225082986696        12713.97282734911        22.21786647923188       -70.49971037489284    
    200.5000000000000        23.08607625790928        22.88790627252430        526.1590677259825        12148.75703735328        22.23383949439076       -69.49972528914002    
    201.5000000000000        21.94715066903033        22.54846023637962        510.6357955697752        11614.03355956269        22.24838765068778       -68.49973887296768    
    202.5000000000000        20.87495900353064        22.21770975999889        495.7330091488124        11108.27749523145        22.26170122512341       -67.49975130404276    
    203.5000000000000        19.86544159622440        21.89550583074580        481.4267692954481        10629.86854548305        22.27393812404678       -66.49976272980656    
    204.5000000000000        18.91474274961540        21.58174092238369        467.6959195506196        10177.34476351363        22.28523048939951       -65.49977327364321    
    205.5000000000000        18.01953052285802        21.27631632696290        454.5203852922668        9749.334187699922        22.29568975063788       -64.49978303959693    
    206.5000000000000        17.17632522630133        20.97905881876186        441.8773684385883        9344.421235445659        22.30541053288846       -63.49979211602132    
    207.5000000000000        16.38221619428391        20.68990890465817        429.7500825379151        8961.449305508097        22.31447371246482       -62.49980057843224    
    208.5000000000000        15.63401725173650        20.40865086825197        418.1152279795318        8599.080915948654        22.32294882915657       -61.49980849176033    
    209.5000000000000        14.92923343757528        20.13522900443083        406.9575222030163        8256.298296821107        22.33089600791567       -60.49981591214546    
    210.5000000000000        14.26506756499918        19.86943547722940        396.2554638999023        7931.912056012325        22.33836750253358       -59.49982288837793    
    211.5000000000000        13.63921174386621        19.61116430140376        385.9928156439531        7624.950384254223        22.34540894530883       -58.49982946306537    
    212.5000000000000        13.04939003545169        19.36026601789845        376.1519878108925        7334.430303125647        22.35206036602891       -57.49983567358431    
    213.5000000000000        12.49341700323596        19.11658082584650        366.7156415366854        7059.413875096492        22.35835702846829       -56.49984155286111    
    214.5000000000000        11.96929574036236        18.87998100277610        357.6683753802910        6799.056692424127        22.36433012142806       -55.49984713001722    
    215.5000000000000        11.47515344953902        18.65031117376881        348.9941950093887        6552.525561841731        22.37000733299890       -54.49985243090543    
    216.5000000000000        11.00917989096523        18.42742992010808        340.6782464858278        6319.051559232621        22.37541333044299       -53.49985747855799    
    217.5000000000000        10.56976306211916        18.21120235769655        332.7064589361869        6097.915997124331        22.38057016331297       -52.49986229356281    
    218.5000000000000        10.15528572937033        18.00147729470018        325.0646163485799        5888.420682929262        22.38549760376516       -51.49986689438149    
    219.5000000000000        9.764311066303721        17.79812602888297        317.7398815375252        5689.931996880574        22.39021343519778       -50.49987129761862    
    220.5000000000000        9.395446901182790        17.60101090356758        310.7195167227285        5501.840546390744        22.39473369814610       -49.49987551825142    
    221.5000000000000        9.047395706132988        17.41000365252789        303.9916010886194        5323.581327599360        22.39907290064495       -48.49987956982631    
    222.5000000000000        8.718915793291339        17.22497592318002        297.5446346789610        5154.620425213174        22.40324419891162       -47.49988346462737    
    223.5000000000000        8.408818402049905        17.04579448475369        291.3673412276620        4994.448042489794        22.40725955312612       -46.49988721382197    
    224.5000000000000        8.116014649847136        16.87233074063160        285.4490166609089        4842.587330221104        22.41112986222663       -45.49989082758665    
    225.5000000000000        7.839472873855097        16.70445701404485        279.7793604942581        4698.588076035246        22.41486508094964       -44.49989431521623    
    226.5000000000000        7.578236122722869        16.54204970307192        274.3485757648126        4562.028363036992        22.41847432178847       -43.49989768521912    
    227.5000000000000        7.331410391335779        16.38498502995509        269.1472002485226        4432.508926226724        22.42196594409363       -42.49990094540063    
    228.5000000000000        7.098165733928210        16.23314461585966        264.1662850415061        4309.656832258215        22.42534763217186       -41.49990410293565    
    229.5000000000000        6.877733147772672        16.08641240591269        259.3972664791007        4193.121023016509        22.42862646394071       -40.49990716443290    
    230.5000000000000        6.669390162402381        15.94467230790372        254.8318708881257        4082.568983310606        22.43180897144872       -39.49991013599143    
    231.5000000000000        6.472471886647266        15.80781512944441        250.4623374597063        3977.691653048497        22.43490119436820       -38.49991302325058    
    232.5000000000000        6.286351974879592        15.67573346868072        246.2812240945292        3878.197517458913        22.43790872739868       -37.49991583143424    
    233.5000000000000        6.110448208888754        15.54832364908541        242.2814600903845        3783.813244556642        22.44083676237898       -36.49991856538997    
    234.5000000000000        5.944220511725720        15.42548928027541        238.4564536933276        3694.285761952322        22.44369012578891       -35.49992122962437    
    235.5000000000000        5.787154785860796        15.30713351957642        234.7998113858552        3609.374310366362        22.44647331222357       -34.49992382833415    
    236.5000000000000        5.638774116735629        15.19316342172661        231.3054753883013        3528.853425978244        22.44919051434037       -33.49992636543396    
    237.5000000000000        5.498627528472447        15.08348825393933        227.9676570696417        3452.510759341023        22.45184564970996       -32.49992884458172    
    238.5000000000000        5.366302262073033        14.97802304190207        224.7809410305271        3380.149108817513        22.45444238494304       -31.49993126920102    
    239.5000000000000        5.241403803642164        14.87668361556363        221.7401113306772        3311.581637159476        22.45698415741520       -30.49993364250132    
    240.5000000000000        5.123561707674990        14.77938862600502        218.8402096409991        3246.632920004913        22.45947419486935       -29.49993596749641    
    241.5000000000000        5.012434832952148        14.68606069594943        216.0765633345069        3185.139230758239        22.46191553313936       -28.49993824702097    
    242.5000000000000        4.907699317066176        14.59662544716028        213.4447410815559        3126.946989534338        22.46431103220714       -27.49994048374530    
    243.5000000000000        4.809054576481840        14.51101186360404        210.9405573040558        3071.912555713762        22.46666339077877       -26.49994268018925    
    244.5000000000000        4.716221259413159        14.42915238667650        208.5600679748222        3019.901819802160        22.46897515954296       -25.49994483873449    
    245.5000000000000        4.628940095626417        14.35098067985971        206.2994914925090        2970.788001838861        22.47124875325439       -24.49994696163560    
    246.5000000000000        4.546971120615479        14.27643653197861        204.1553548351234        2924.454818841075        22.47348646176845       -23.49994905103070    
    247.5000000000000        4.470087677831474        14.20546175052184        202.1243574049299        2880.792994171874        22.47569046013837       -22.49995110895074    
    248.5000000000000        4.398074497957203        14.13799921596079        200.2033346090830        2839.699156232611        22.47786281787329       -21.49995313732792    
    249.5000000000000        4.330732904407599        14.07399430413712        198.3893000933189        2801.076696517074        22.48000550744464       -20.49995513800405    
    250.5000000000000        4.267880211951173        14.01339656981781        196.6794900072012        2764.836550709323        22.48212041211836       -19.49995711273757    
    251.5000000000000        4.209344804982127        13.95615869828706        195.0713246658029        2730.896106563372        22.48420933318208       -18.49995906321031    
    252.5000000000000        4.154968770938743        13.90223528141282        193.5623669002530        2699.178089039201        22.48627399662915       -17.49996099103388    
    253.5000000000000        4.104604942741028        13.85158422712318        192.1503603846150        2669.611280670575        22.48831605935466       -16.49996289775542    
    254.5000000000000        4.058121118222813        13.80416446631748        190.8331586223855        2642.128815974930        22.49033711491300       -15.49996478486274    
    255.5000000000000        4.015393468655778        13.75993864757029        189.6087986968556        2616.669645231396        22.49233869888184       -14.49996665378970    
    256.5000000000000        3.975656455414251        13.71887240621947        188.4754783719566        2593.177953053799        22.49432229387247       -13.49996850592069    
    257.5000000000000        3.940755102469414        13.68093555443455        187.4315836191300        2571.603573519471        22.49628933422322       -12.49997034259487    
    258.5000000000000        3.908654962838482        13.64609487817870        186.4754794256799        2551.897361892082        22.49824121040889       -11.49997216511061    
    259.5000000000000        3.879927285969611        13.61432285065551        185.6057584087795        2534.016525536767        22.50017927319622       -10.49997397472920    
    260.5000000000000        3.854504928846371        13.58559374690921        184.8211268681647        2517.922069829810        22.50210483757329       -9.499975772678360    
    261.5000000000000        3.832329312210772        13.55988463688360        184.1204298522341        2503.579243162506        22.50401918647765       -8.499977560156060    
    262.5000000000000        3.813348990098943        13.53717416200448        183.5026135901896        2490.956649450851        22.50592357434684       -7.499979338333640    
    263.5000000000000        3.797527318955874        13.51744480727577        182.9667913143203        2480.027667763310        22.50781923051278       -6.499981108358853    
    264.5000000000000        3.784835519176913        13.50068088748379        182.5121811933109        2470.769001732007        22.50970736245997       -5.499982871359212    
    265.5000000000000        3.775253284260621        13.48686824907503        182.1380972253450        2463.160455410526        22.51158915896650       -4.499984628444757    
    266.5000000000000        3.768764596371248        13.47599466001782        181.8439588196169        2457.185095672156        22.51346579314554       -3.499986380710754    
    267.5000000000000        3.765359836857011        13.46805243457577        181.6293657018207        2452.830853536378        22.51533842540389       -2.499988129240753    
    268.5000000000000        3.765038706091408        13.46303489788578        181.4939965788154        2450.088328874957        22.51720820633408       -1.499989875109148    
    269.5000000000000        3.767798127831389        13.46093665209140        181.4376133936324        2448.950805115705        22.51907627955494      -0.4999916193836650    
    270.5000000000000        3.773648704515915        13.46175703280185        181.4601639047424        2449.416536175759        22.52094378451602       0.5000066368717066    
    271.5000000000000        3.782602488326692        13.46549765462939        181.5617083408316        2451.487096745278        22.52281185928028        1.500004892594272    
    272.5000000000000        3.794676428688359        13.47216240852862        181.7424198633264        2455.167404935401        22.52468164329962        2.500003146720192    
    273.5000000000000        3.809893767103087        13.48175609459228        182.0025454058526        2460.464880209336        22.52655428019763        3.500001398181575    
    274.5000000000000        3.828285586086111        13.49428725784188        182.3424872109550        2467.391213022884        22.52843092057396        4.499999645904020    
    275.5000000000000        3.849896301187577        13.50976732650046        182.7627814635566        2475.961980309103        22.53031272484500        5.499997888804105    
    276.5000000000000        3.874776180672164        13.52821102323991        183.2641088585583        2486.196857345177        22.53220086613592        6.499996125786397    
    277.5000000000000        3.902985872484694        13.54963392124542        183.8472264368136        2498.118197408938        22.53409653323934        7.499994355740816    
    278.5000000000000        3.934594200229427        13.57405271118546        184.5129743109844        2511.751170132990        22.53600093365685        8.499992577539984    
    279.5000000000000        3.969687753365695        13.60148730776733        185.2623422357080        2527.125345542940        22.53791529674005        9.499990790035955    
    280.5000000000000        4.008360521859988        13.63196131032477        186.0964819757536        2544.274960551025        22.53984087694892        10.49998899205734    
    281.5000000000000        4.050722575730459        13.66549721358779        187.0165718486456        2563.236056222850        22.54177895724619        11.49998718240629    
    282.5000000000000        4.096883775591879        13.70212036231581        188.0239325464381        2584.049053867074        22.54373085264801        12.49998535985487    
    283.5000000000000        4.146971518927375        13.74185928322211        189.1200397845332        2606.759122474486        22.54569791395224        13.49998352314173    
    284.5000000000000        4.201121173623834        13.78474525301167        190.3065126661721        2631.415974831367        22.54768153166786        14.49998167096860    
    285.5000000000000        4.259481791110716        13.83081157654665        191.5850983757225        2658.073689231314        22.54968314017068        15.49997980199609    
    286.5000000000000        4.322210055811315        13.88009464552445        192.9577033197614        2686.791434922425        22.55170422211291        16.49997791483973    
    287.5000000000000        4.389471297496185        13.93263264114953        194.4263597500887        2717.632880068482        22.55374631311670        17.49997600806574    
    288.5000000000000        4.461450041968377        13.98846782570326        195.9932963046287        2750.667868353527        22.55581100678473        18.49997408018606    
    289.5000000000000        4.538351410958315        14.04764489464804        197.6608926995173        2785.971534726452        22.55789996006434        19.49997212965346    
    290.5000000000000        4.620397435443873        14.11021176684828        199.4317081966132        2823.625111193289        22.56001489900539        20.49997015485636    
    291.5000000000000        4.707834075218799        14.17622018813405        201.3085073835591        2863.716740466675        22.56215762495651        21.49996815411271    
    292.5000000000000        4.800927064273548        14.24572523215111        203.2942487294028        2906.341361400356        22.56433002124937        22.49996612566390    
    293.5000000000000        4.899958465549536        14.31878231986936        205.3920017502817        2951.599066045620        22.56653406042625        23.49996406766817    
    294.5000000000000        5.005224934664449        14.39544970705264        207.6050278821377        2999.597150709003        22.56877181207251        24.49996197819301    
    295.5000000000000        5.117045994820750        14.47578872530823        209.9367939166710        3050.450655879746        22.57104545132342        25.49995985520731    
    296.5000000000000        5.235767546191947        14.55986226851140        212.3909300455441        3104.281601607366        22.57335726812260        26.49995769657298    
    297.5000000000000        5.361768673448879        14.64773537647673        214.9712557121503        3161.219874086724        22.57570967731964        27.49995550003508    
    298.5000000000000        5.495457236656764        14.73947830834735        217.6818819759191        3221.405902474798        22.57810522970529        28.49995326321176    
    299.5000000000000        5.637283627672338        14.83516827988419        220.5272787536920        3284.992680948096        22.58054662409543        29.49995098358310    
    300.5000000000000        5.787696572864647        14.93487468994789        223.5118135599769        3352.135080142445        22.58303672059008        30.49994865847846    
    301.5000000000000        5.947180327891918        15.03867932225653        226.6403932781647        3423.005347413396        22.58557855515021        31.49994628506291    
    302.5000000000000        6.116256362853105        15.14666542517796        229.9181356831687        3497.785868045598        22.58817535565564        32.49994386032255    
    303.5000000000000        6.295489671344380        15.25891574961722        233.3503138055952        3576.668182723623        22.59083055962942        33.49994138104752    
    304.5000000000000        6.485483738917681        15.37551931575703        236.9425877779351        3659.859162426640        22.59354783384125        34.49993884381393    
    305.5000000000000        6.686914277961915        15.49656697186642        240.7008731884661        3747.578335194387        22.59633109603336        35.49993624496368    
    306.5000000000000        6.900478012218865        15.62215244828726        244.6313814817642        3840.059281362050        22.59918453904843        36.49993358058163    
    307.5000000000000        7.126913654765387        15.75237267013746        248.7406461225087        3937.550950786439        22.60211265768175        37.49993084647071    
    308.5000000000000        7.367018491100007        15.88733333010553        253.0357120180780        4040.322814559000        22.60512027862983        38.49992803812408    
    309.5000000000000        7.621656170292802        16.02714461652289        257.5240200303427        4148.662973968196        22.60821259396617        39.49992515069356    
    310.5000000000000        7.891771203357639        16.17191966552913        262.2133646501937        4262.877715563141        22.61139519864480        40.49992217895483    
    311.5000000000000        8.178368361442088        16.32176835685949        267.1117110539864        4383.287943189175        22.61467413261441        41.49991911726813    
    312.5000000000000        8.482559229056632        16.47680990317250        272.2276295891317        4510.240902948930        22.61805592822408        42.49991595953384    
    313.5000000000000        8.805505399269379        16.63715974119048        277.5698633431696        4644.099972219898        22.62154766371858        43.49991269914252    
    314.5000000000000        9.148475038170977        16.80293831392929        283.1476346005491        4785.253241182608        22.62515702376161        44.49990932891870    
    315.5000000000000        9.512786866341713        16.97427580525243        288.9708598394301        4934.121030128817        22.62889236809357        45.49990584105642    
    316.5000000000000        9.899943593931672        17.15129576531779        295.0495606703127        5091.140619283183        22.63276280963453        46.49990222704636    
    317.5000000000000        10.31152151488221        17.33413477579487        301.3946077932902        5256.787967690409        22.63677830358884        47.49989847759290    
    318.5000000000000        10.74925632490366        17.52292210277832        308.0170064448034        5431.559641697841        22.64094974940865        48.49989458251856    
    319.5000000000000        11.21499984860292        17.71779931383580        314.9286316222759        5615.994342218857        22.64528910783973        49.49989053065489    
    320.5000000000000        11.71066708283642        17.91889624272740        322.1413490642407        5810.649613764064        22.64980953572360        50.49988630971672    
    321.5000000000000        12.23844563062966        18.12635746671887        329.6680008596841        6016.130362629807        22.65452554178529        51.49988190615635    
    322.5000000000000        12.80050888206598        18.34032537417314        337.5218571826231        6233.076990337276        22.65945316732519        52.49987730499508    
    323.5000000000000        13.39934376084618        18.56093025403589        345.7161645920842        6462.151204175550        22.66461019659186        53.49987248962686    
    324.5000000000000        14.03757074975482        18.78831879759998        354.2653437235974        6704.075001933165        22.67001640268922        54.49986744158833    
    325.5000000000000        14.71795316725732        19.02264521154153        363.1846696348807        6959.623384111777        22.67569383622907        55.49986214028952    
    326.5000000000000        15.44357549751264        19.26404248305228        372.4890308552796        7229.585353321244        22.68166716566099        56.49985656269615    
    327.5000000000000        16.21774323921665        19.51268573519673        382.1957081698510        7514.856861478323        22.68796408041124        57.49985068295292    
    328.5000000000000        17.04414402755658        19.76871813211840        392.3212420759139        7816.342676278732        22.69461577078845        58.49984447193560    
    329.5000000000000        17.92632421308505        20.03227002188147        402.8822087669167        8134.981383907695        22.70165750227493        59.49983789671473    
    330.5000000000000        18.86862693467754        20.30350243484973        413.8972899935324        8471.821141156637        22.70912930660069        60.49983091991026    
    331.5000000000000        19.87529939969187        20.58253441937654        425.3837841633094        8827.896162331324        22.71707681828302        61.49982349891038    
    332.5000000000000        20.95099196815240        20.86951682432491        437.3613061529467        9204.366444761339        22.72555229365912        62.49981558492025    
    333.5000000000000        22.10109394381176        21.16462229069105        449.8509071127546        9602.476132818338        22.73461586061608        63.49980712179465    
    334.5000000000000        23.33078333140223        21.46792032033721        462.8698868542579        10023.39400488197        22.74433706234526        64.49979804459663    
    335.5000000000000        24.64649485637459        21.77964336821431        476.4436500344453        10468.61433776842        22.75479677912494        65.49978827780316    
    336.5000000000000        26.05418244893041        22.09979192550410        490.5876152614440        10939.33460578934        22.76608964073077        66.49977773305223    
    337.5000000000000        27.56093067266552        22.42861607283359        505.3296891704535        11437.24889634726        22.77832708210639        67.49976630628949    
    338.5000000000000        29.17360761846838        22.76609589221842        520.6856483916708        11963.67161451899        22.79164125171686        68.49975387411904    
    339.5000000000000        30.90074061175486        23.11248410768110        536.6851792704286        12520.48171563511        22.80619006372708        69.49974028908542    
    340.5000000000000        32.75016802604608        23.46777319459615        553.3461313491335        13109.18897692223        22.82216380458210        70.49972537350445    
    341.5000000000000        34.73189788655309        23.83214824060985        570.6965204241288        13731.74234908331        22.83979388209736        71.49970891129378    
    342.5000000000000        36.85462934407462        24.20564220502212        588.7577097541207        14389.91525620599        22.85936457399235        72.49969063700165    
    343.5000000000000        39.13036970837757        24.58838100739381        607.5563291940671        15085.74528425244        22.88122904824053        73.49967022084716    
    344.5000000000000        41.56891583006262        24.98039043627589        627.1147901503278        15821.18701294696        22.90583158424215        74.49964724797022    
    345.5000000000000        44.18358977934544        25.38178565710330        647.4607636999775        16598.47228006997        22.93373898796711        75.49962118909509    
    346.5000000000000        46.98704060124203        25.79258911006201        668.6178591646950        17419.75485729936        22.96568596766980        76.49959135815756    
    347.5000000000000        49.99367553291205        26.21286758910119        690.6127838798484        18287.39586669992        23.00264228688439        77.49955684959525    
    348.5000000000000        53.21905554975451        26.64261179389304        713.4685705050620        19203.68009788354        23.04591494804533        78.49951644292294    
    349.5000000000000        56.67799123371439        27.08184324859986        737.2107422635728        20171.08780921545        23.09730875551968        79.49946845278861    
    350.5000000000000        60.38998253681130        27.53054409599572        761.8630354556019        21192.10294531714        23.15938826352254        80.49941048434363    
    351.5000000000000        64.37267600865314        27.98875545901168        787.4532078214189        22269.47540974810        23.23592457648333        81.49933901596930    
    352.5000000000000        68.64759486887903        28.45640954841432        814.0032393756501        23405.79230542646        23.33269946420350        82.49924864827284    
    353.5000000000000        73.23555591884354        28.93347094200971        841.5371929643520        24603.81204678469        23.45905140175122        83.49913066008394    
    354.5000000000000        78.16036575655144        29.41992052161559        870.0808631159855        25866.47620984388        23.63110717864365        84.49896998988699    
    355.5000000000000        83.44867448132804        29.91568232152577        899.6566031548215        27196.64689599726        23.87931864275168        85.49873819507145    
    356.5000000000000        89.12955146330987        30.42070668452508        930.2889133674419        28597.38650265572        24.26890272118051        86.49837435312675    
    357.5000000000000        95.23122723531336        30.93484506570194        961.9960433545114        30071.54114127007        24.96922591196443        87.49772020384886    
    358.5000000000000        101.7871887930524        31.45799170535323        994.7991477443559        31622.18768396189        26.59929086789341        88.49619686685205    
    359.5000000000000        108.8329684431069        31.99001961560028        1028.717828154624        33252.40085436943        34.59904229997124        89.48868673718796    
