 # author: MA Kubiak / Space Research Center PAS Warsaw Poland, contact: mkubiak@cbk.waw.pl                          
 # code version Program.keplerV_ellipt_V2      , Dates: calkV:20/04/2026  ; part_pr:20/04/2026                       
 # czas no T v_mas, kier.naplywu(dl, szer) macierz obrotu (ecl to helio), r, theta, phi(ecl,spher), V_detector(ecl,cart), IBEX_energy_channel
 #     2026.071006000000        0.8088930000000000E-03     9480.000000000000        -11.28000000301609         251.5700000000000         11.95000000000000        0.2459841265748581        0.9692738567985851         0.000000000000000       -0.9615244635393438        0.2440174711049008        0.1261989691358298        0.1223213615382913       -0.3104294319752456E-01    0.9920049496797150        0.9756399999999999         126.5620340000000       -0.9655999999999999E-02    -24.08100000000000        -17.66100000000000        0.4900000000000001E-01 00
 # routs_end= 150.00;    Maxwellian,    elliptOrb=Off                                                                                        
 # Numerical parameters: GridKl=10  GridKf=09  GridKV=05  epsV= 0.0000100  epssJon=.0010000                                                  
 # Numerical parameters: GridKl=10  GridKf=09  GridKV=05  epsV= 0.0000100  epssJon=.0010000; tessel128                                                                                                                                                                                                                                                                                                                                                                                                                                                                 
# Axis to the Sun: alpha_ecl= 302.6700000000000000 delta_Ecl= 0.0860000000000000 delta_Ax= 90.0000000000000000  repoint= 00138
 #  flag_atom: He                                                   
 #  flag_general:                                                   
 #                                                                  
 #                                                                  
  # Ly_a_Profil: zero                                               
  # flag_Itot: zero                                                 
 #  v_SW_Eqtr: speed3D.hybrid2026c_patched.dat                      
 #  n_SW_Eqtr: density3D.hybrid2026c_patched.dat                    
 #  phot_Eqtr: 0.8500000  phion_Helium_T12F107_2026c.dat            
 #  sigma_SW: p+He->H +He+, He + alpha (2 chnls);src:simuLosses.nb  
 #  flag_el:slow  swEqtrElectrons5.2026c.patched.dat                
 #  SW_lati: interpolation                                          
 #  phot_lati: analit pole-flattened after Pryor & Auchere          
 #
 #
 #
 #Spin  flux speed	speed^2 speed^3    long_ecl lat_ecl
   0.5000000000000000        59.16067881743128        32.33219111191425        1050.710372085957        34317.85817480991        202.9108680688685        89.49265558687513    
    1.500000000000000        63.25942060207864        32.88052612242749        1086.630599275579        36091.53593997868        209.3893860927646        88.49753474711281    
    2.500000000000000        67.66583532428562        33.43728884269161        1123.714797014783        37953.36957489671        210.7010548347062        87.49851967108160    
    3.500000000000000        72.40468323596846        34.00230135913748        1161.978638382880        39906.54560162476        211.2641975957906        86.49894239756006    
    4.500000000000000        77.50237400233065        34.57532098940023        1201.432885895875        41954.06309319654        211.5774016985382        85.49917748271838    
    5.500000000000000        82.98856347787842        35.15615521652269        1242.091255282172        44099.13915202933        211.7769309283362        84.49932723902012    
    6.500000000000000        88.89508787053758        35.74453286695661        1283.960802862631        46344.66839772899        211.9152340163158        83.49943103970753    
    7.500000000000000        95.25675279450907        36.34023417190964        1327.051938667887        48693.80015821138        212.0167960516748        82.49950726404150    
    8.500000000000000        102.1125460398791        36.94295418062622        1371.367791703552        51149.31520704694        212.0945824608506        81.49956564376265    
    9.500000000000000        109.5034518748430        37.55245667248550        1416.915635405972        53714.26267928333        212.1561005498084        80.49961181360791    
    10.50000000000000        117.4759920302364        38.16844401986209        1463.697213114075        56391.41642619947        212.2059981288414        79.49964926199469    
    11.50000000000000        126.0820992644240        38.79061122714101        1511.712320216482        59183.44223237153        212.2473065872198        78.49968026409933    
    12.50000000000000        135.3754714429797        39.41864464894055        1560.958948150546        62092.91998463272        212.2820873829123        77.49970636710937    
    13.50000000000000        145.4189154548958        40.05220001658481        1611.431125781342        65122.18290189349        212.3117912398974        76.49972865982849    
    14.50000000000000        156.2807515190538        40.69094488839817        1663.122431980438        68273.53140679190        212.3374687279954        75.49974793072973    
    15.50000000000000        168.0327060928063        41.33451323129399        1716.022078117470        71548.97325408827        212.3598993353974        74.49976476483101    
    16.50000000000000        180.7612558482313        41.98255836356311        1770.119196777221        74950.47852723942        212.3796736094634        73.49977960534554    
    17.50000000000000        194.5535386154768        42.63467063747695        1825.395970672841        78479.54008768691        212.3972471369285        72.49979279419561    
    18.50000000000000        209.5143785983965        43.29051351738211        1881.838932768617        82137.87446426881        212.4129770181012        71.49980459938780    
    19.50000000000000        225.7534217319392        43.94968449131913        1939.427179399412        85926.65828158839        212.4271471188556        70.49981523396514    
    20.50000000000000        243.3949446429779        44.61175970911770        1998.135626705718        89846.69244270491        212.4399859321705        69.49982486941258    
    21.50000000000000        262.5763741646173        45.27636384013024        2057.941774070235        93898.88212904899        212.4516794552846        68.49983364532173    
    22.50000000000000        283.4504361941976        45.94303178616619        2118.812538881466        98083.28669202772        212.4623806330930        67.49984167647800    
    23.50000000000000        306.1856521062942        46.61137757640656        2180.720197912736        102400.2402752599        212.4722163905636        66.49984905813876    
    24.50000000000000        330.9684995286157        47.28092247833560        2243.625732384491        106849.1278898001        212.4812929429982        65.49985587001864    
    25.50000000000000        358.0076227950638        47.95126730269263        2307.495987093171        111429.6600559201        212.4896998568713        64.49986217933720    
    26.50000000000000        387.5318282827582        48.62195860840042        2372.289787191894        116140.7822444528        212.4975131912707        63.49986804317675    
    27.50000000000000        419.8018799943385        49.29254415606623        2437.964028824402        120981.1580692664        212.5047979539642        62.49987351032551    
    28.50000000000000        455.0951763133835        49.96255688601219        2504.471357363868        125948.9338432686        212.5116100404221        61.49987862273289    
    29.50000000000000        493.7305769280678        50.63152638536273        2571.761849171665        131041.8898305158        212.5179977784861        60.49988341666884    
    30.50000000000000        536.0522495316092        51.29896633886682        2639.781212257340        136257.2529429578        212.5240031691848        59.49988792365501    
    31.50000000000000        582.4485191564208        51.96441158281262        2708.475191598050        141592.0700560859        212.5296628912222        58.49989217121862    
    32.50000000000000        633.3437628781473        52.62739377419322        2777.786570935295        147042.9270930784        212.5350091200372        57.49989618350723    
    33.50000000000000        689.2067267829584        53.28741237936563        2847.652376208423        152605.7342301407        212.5400702001809        56.49989998179329    
    34.50000000000000        750.5547364120504        53.94398849268722        2918.009253952593        158276.1168242588        212.5448712007740        55.49990358489112    
    35.50000000000000        817.9572585733220        54.59661587282224        2988.788406141506        164049.0085349949        212.5494343770974        54.49990700950316    
    36.50000000000000        892.0372978433252        55.24480450184712        3059.920380301789        169919.0373916930        212.5537795563200        53.49991027050963    
    37.50000000000000        973.4783508395949        55.88806140313874        3131.332965521393        175880.3411866261        212.5579244615235        52.49991338121160    
    38.50000000000000        1063.025161471922        56.52590188691970        3202.952599835340        181926.6879369238        212.5618849852441        51.49991635353634    
    39.50000000000000        1161.487491959615        57.15783309599006        3274.702476170689        188051.3005200853        212.5656754214780        50.49991919821141    
    40.50000000000000        1269.741976341339        57.78336332050534        3346.503634456353        194246.9430401903        212.5693086633303        49.49992192491303    
    41.50000000000000        1388.733162720856        58.40199758041756        3418.274499661940        200505.8752001898        212.5727963721021        48.49992454239290    
    42.50000000000000        1519.475160910687        59.01325574825234        3489.933091679801        206820.0455122973        212.5761491225220        47.49992705858732    
    43.50000000000000        1663.049854714155        59.61666707781845        3561.396547526236        213181.0555685635        212.5793765279606        46.49992948071106    
    44.50000000000000        1820.607276636145        60.21178341496797        3632.582996175551        219580.3484148553        212.5824873487776        45.49993181533873    
    45.50000000000000        1993.351951023322        60.79817544449708        3703.411124710356        226009.1643239577        212.5854895863977        44.49993406847532    
    46.50000000000000        2182.543737352751        61.37540902602093        3773.797324216895        232458.2754979781        212.5883905652630        43.49993624561778    
    47.50000000000000        2389.483370998867        61.94306595888722        3843.658438552568        238918.2528847518        212.5911970044514        42.49993835180874    
    48.50000000000000        2615.505852173622        62.50074287491967        3912.911821112672        245379.4852287226        212.5939150804509        41.49994039168361    
    49.50000000000000        2861.956005589473        63.04804717280536        3981.475010011294        251832.1628508731        212.5965504823440        40.49994236951198    
    50.50000000000000        3130.167714468329        63.58461493680860        4049.268113155196        258266.5129526956        212.5991084604525        39.49994428923422    
    51.50000000000000        3421.441543340870        64.11010497364224        4116.213318060249        264672.7771339385        212.6015938693340        38.49994615449362    
    52.50000000000000        3737.014827575721        64.62419035358039        4182.233934095055        271041.1300787525        212.6040112058847        37.49994796866506    
    53.50000000000000        4078.017657089571        65.12656256675152        4247.255040398124        277361.7529998705        212.6063646431880        36.49994973488040    
    54.50000000000000        4445.442273528195        65.61693377361030        4311.204045894562        283624.9153796146        212.6086580606580        35.49995145605111    
    55.50000000000000        4840.088324051539        66.09502794958593        4374.009608016368        289820.8775875011        212.6108950709453        34.49995313488848    
    56.50000000000000        5262.516510340648        66.56059724837861        4435.603996555996        295940.1476705856        212.6130790440084        33.49995477392161    
    57.50000000000000        5713.016503038127        67.01342369243253        4495.923505113621        301973.5439985720        212.6152131286956        32.49995637551368    
    58.50000000000000        6191.528913358594        67.45331430995361        4554.907964467240        307912.1660826693        212.6173002721378        31.49995794187650    
    59.50000000000000        6697.608503870627        67.88009557701514        4612.500124913576        313747.3483776629        212.6193432372106        30.49995947508357    
    60.50000000000000        7230.371026888223        68.29361368735161        4668.645843906397        319470.6993133154        212.6213446182906        29.49996097708195    
    61.50000000000000        7788.457731002547        68.69373625797664        4723.294432878044        325074.1527900556        212.6233068555009        28.49996244970293    
    62.50000000000000        8369.986515194674        69.08034427199803        4776.397675155823        330549.8845035551        212.6252322476177        27.49996389467172    
    63.50000000000000        8972.518520076879        69.45334394395164        4827.911598658601        335890.5145692462        212.6271229637865        26.49996531361623    
    64.50000000000000        9593.034915340191        69.81264938280599        4877.794090997979        341088.8662080882        212.6289810541786        25.49996670807511    
    65.50000000000000        10227.93518658425        70.15818672917908        4926.005592485490        346138.0555982832        212.6308084597037        24.49996807950497    
    66.50000000000000        10873.02831594542        70.48989385438634        4972.509133304607        351031.5092722135        212.6326070208793        23.49996942928710    
    67.50000000000000        11523.54845838661        70.80771337531688        5017.269385613961        355762.8730024003        212.6343784859466        22.49997075873355    
    68.50000000000000        12174.19074019134        71.11160113826880        5060.253900313462        360326.1520651390        212.6361245183121        21.49997206909268    
    69.50000000000000        12819.16245679770        71.40151606926842        5101.431714705812        364715.5729536692        212.6378467033844        20.49997336155430    
    70.50000000000000        13452.25269778831        71.67742716700421        5140.774383214080        368925.7022470309        212.6395465548700        19.49997463725446    
    71.50000000000000        14066.92711544079        71.93931475992849        5178.256189236410        372951.4775061659        212.6412255205821        18.49997589727970    
    72.50000000000000        14656.43966730180        72.18716285443257        5213.853061549010        376788.0966079973        212.6428849878130        17.49997714267116    
    73.50000000000000        15213.92917153099        72.42095676361210        5247.542239121939        380430.9865435606        212.6445262883146        16.49997837442832    
    74.50000000000000        15732.60029101439        72.64069001342608        5279.303316296936        383875.9262044978        212.6461507029260        15.49997959351240    
    75.50000000000000        16205.85356857630        72.84636299837187        5309.118041343284        387119.0276151961        212.6477594658847        14.49998080084970    
    76.50000000000000        16627.43643619265        73.03797316156906        5336.968878138494        390156.5815572129        212.6493537688542        13.49998199733455    
    77.50000000000000        16991.61228660175        73.21551919903922        5362.839650819438        392985.1351225221        212.6509347646960        12.49998318383212    
    78.50000000000000        17293.30699245210        73.37900310325170        5386.715842234912        395601.5277001803        212.6525035710141        11.49998436118117    
    79.50000000000000        17528.24226231257        73.52842118125729        5408.583260100747        398002.7453896272        212.6540612734948        10.49998553019650    
    80.50000000000000        17693.04753303949        73.66376931003713        5428.428816606868        400186.0105854110        212.6556089290654        9.499986691671287    
    81.50000000000000        17785.34000164146        73.78503639602768        5446.239570418058        402148.6792147887        212.6571475688901        8.499987846379414    
    82.50000000000000        17800.71854876691        73.89204255521270        5461.978634301534        403885.5518306548        212.6586782012241        7.499988995077562    
    83.50000000000000        17748.34393523789        73.98526326205321        5475.707804123732        405402.5660631239        212.6602018141422        6.499990138507238    
    84.50000000000000        17619.77730431618        74.06418019098746        5487.342191948898        406689.4077564000        212.6617193781571        5.499991277396800    
    85.50000000000000        17420.11297552374        74.12893021273445        5496.895562159684        407746.8990362822        212.6632318487443        4.499992412463322    
    86.50000000000000        17152.34471421714        74.17947999988866        5504.357519370264        408573.2891257310        212.6647401687864        3.499993544414389    
    87.50000000000000        16820.41651723248        74.21579396137398        5509.718526260152        409167.0519063150        212.6662452709514        2.499994673949957    
    88.50000000000000        16429.07644977731        74.23783107275524        5512.969422443929        409526.8319301106        212.6677480800171        1.499995801764060    
    89.50000000000000        15983.76096160326        74.24554810189476        5514.101919804865        409651.5020951937        212.6692495151540       0.4999969285464832    
    90.50000000000000        15490.48004408751        74.23889703924080        5513.108225213577        409540.1224378443        212.6707504921796      -0.5000019450154651    
    91.50000000000000        14955.64442165544        74.21782801808573        5509.981496699637        409191.9936308754        212.6722519257949       -1.500000818235316    
    92.50000000000000        14385.92166543794        74.18229180489274        5504.716228149067        408606.7013715982        212.6737547318148       -2.499999690425806    
    93.50000000000000        13788.07621872282        74.13223727591851        5497.307882181587        407784.0758948803        212.6752598294055       -3.499998560897113    
    94.50000000000000        13168.84813374205        74.06761343164210        5487.753207457707        406724.2287196849        212.6767681433375       -4.499997428955217    
    95.50000000000000        12534.83251221115        73.98837053276888        5476.050430716268        405427.5757189361        212.6782806062696       -5.499996293900216    
    96.50000000000000        11892.34985762074        73.89445889584781        5462.199077118209        403894.8157645222        212.6797981610728       -6.499995155024502    
    97.50000000000000        11247.34924903373        73.78583612823883        5446.201078731742        402127.0565619983        212.6813217632082       -7.499994011611036    
    98.50000000000000        10605.31112416480        73.66245483824068        5428.058914775843        400125.6015892414        212.6828523831719       -8.499992862931483    
    99.50000000000000        9971.219426660798        73.52427855524617        5407.778036087529        397892.2251259849        212.6843910090193       -9.499991708244368    
    100.5000000000000        9349.474013753985        73.37127481809620        5385.365816264942        395429.0503075487        212.6859386489839       -10.49999054679304    
    101.5000000000000        8743.912387276339        73.20341965483394        5360.832218233192        392738.6209128848        212.6874963342052       -11.49998937780365    
    102.5000000000000        8157.774855348743        73.02069294158908        5334.189098590927        389823.8201789264        212.6890651215830       -12.49998820048307    
    103.5000000000000        7593.720507801338        72.82308778810228        5305.451595473237        386688.0215605270        212.6906460967734       -13.49998701401655    
    104.5000000000000        7053.848031484285        72.61060403856347        5274.637151974654        383334.9751235076        212.6922403773467       -14.49998581756536    
    105.5000000000000        6539.719380209795        72.38325239128413        5241.766092980608        379768.8642550010        212.6938491161280       -15.49998461026442    
    106.5000000000000        6052.388443602465        72.14105526065207        5206.861721121463        375994.3089313275        212.6954735047409       -16.49998339121941    
    107.5000000000000        5592.472955131653        71.88405346021092        5169.951280747789        372016.4658293099        212.6971147773794       -17.49998215950414    
    108.5000000000000        5160.187888250599        71.61229735696888        5131.064589888100        367840.8655548536        212.6987742148355       -18.49998091415744    
    109.5000000000000        4755.399609434221        71.32585727765269        5090.235505757239        363473.5629660298        212.7004531488099       -19.49997965417992    
    110.5000000000000        4377.664395672803        71.02481722807032        5047.500930911863        358921.0153577846        212.7021529665401       -20.49997837853051    
    111.5000000000000        4026.291625235992        70.70928029122966        5002.901541789405        354190.1512132339        212.7038751157795       -21.49997708612275    
    112.5000000000000        3700.391760306962        70.37936891578669        4956.481704016294        349288.3426021707        212.7056211101707       -22.49997577582072    
    113.5000000000000        3398.916613793867        70.03522501300391        4908.289435575093        344223.3912885424        212.7073925350532       -23.49997444643468    
    114.5000000000000        3120.696397927339        69.67701767662821        4858.377394316291        339003.6175922328        212.7091910537591       -24.49997309671639    
    115.5000000000000        2864.476538145360        69.30493007270044        4806.800840047839        333637.6197445093        212.7110184144497       -25.49997172535393    
    116.5000000000000        2628.957058975897        68.91916658276693        4753.618604302909        328134.3685704400        212.7128764575565       -26.49997033096616    
    117.5000000000000        2412.821396743338        68.51994769447150        4698.892211491867        322503.0933858409        212.7147671238970       -27.49996891209656    
    118.5000000000000        2214.749871891800        68.10750939112621        4642.685673221285        316753.2439093174        212.7166924635429       -28.49996746720665    
    119.5000000000000        2033.446247910197        67.68209909293729        4585.064822272470        310894.4067980465        212.7186546455329       -29.49996599466872    
    120.5000000000000        1867.653682994978        67.24399381046956        4526.099687410022        304936.5346676747        212.7206559685284       -30.49996449275765    
    121.5000000000000        1716.161813669487        66.79347559100408        4465.860951745337        298889.5608738454        212.7226988725288       -31.49996295964240    
    122.5000000000000        1577.819471400614        66.33083780627842        4404.420704939938        292763.4632269180        212.7247859517776       -32.49996139337613    
    123.5000000000000        1451.538573952216        65.85638568651433        4341.852425512446        286568.2508361751        212.7269199690072       -33.49995979188548    
    124.5000000000000        1336.295345261611        65.37043548780501        4278.230691734341        280313.9155143258        212.7291038711940       -34.49995815295891    
    125.5000000000000        1231.135102893103        64.87331084503656        4213.630621533856        274010.3673319792        212.7313408070198       -35.49995647423355    
    126.5000000000000        1135.172887916648        64.36534851891237        4148.128539144423        267667.4908523824        212.7336341462631       -36.49995475318045    
    127.5000000000000        1047.589547462951        63.84689500097934        4081.801340350839        261295.0633057620        212.7359875013806       -37.49995298708868    
    128.5000000000000        967.6311613171404        63.31829430652666        4014.724847149068        254902.5893668211        212.7384047515762       -38.49995117304712    
    129.5000000000000        894.6025262374100        62.77990211361641        3946.975563781701        248499.4651119676        212.7408900697059       -39.49994930792420    
    130.5000000000000        827.8709397630367        62.23207168416027        3878.628717389679        242094.7758350708        212.7434479524194       -40.49994738834543    
    131.5000000000000        766.8564043819667        61.67517846380800        3809.761312684554        235697.5834074139        212.7460832540070       -41.49994541066791    
    132.5000000000000        711.0327924877873        61.10959238213044        3740.448476873821        229316.5668147129        212.7488012244999       -42.49994337095171    
    133.5000000000000        659.9191783487521        60.53568385733200        3670.764120382341        222960.0795262141        212.7516075526640       -43.49994126492773    
    134.5000000000000        613.0792368643249        59.95381214437224        3600.779619942253        216636.0415419803        212.7545084146427       -44.49993908796109    
    135.5000000000000        570.1192235089296        59.36438285920479        3530.570515611073        210352.5287771864        212.7575105291376       -45.49993683500969    
    136.5000000000000        530.6810238100184        58.76777794706310        3460.208138749057        204117.0250843763        212.7606212201792       -46.49993450057723    
    137.5000000000000        494.4390441965322        58.16440257683615        3389.764901487875        197936.8751319438        212.7638484887412       -47.49993207865939    
    138.5000000000000        461.1004394854747        57.55464749107879        3319.309954781193        191818.9133920385        212.7672010946884       -48.49992956268230    
    139.5000000000000        430.3974386935095        56.93891723324046        3248.912387172838        185769.7421866402        212.7706886508471       -49.49992694543200    
    140.5000000000000        402.0911465520142        56.31761839217243        3178.639694591838        179795.5919040561        212.7743217313460       -50.49992421897316    
    141.5000000000000        375.9658986013155        55.69114876855642        3108.556806109234        173902.2659117489        212.7781119968232       -51.49992137455499    
    142.5000000000000        351.8237351736711        55.05993249928095        3038.729495911782        168095.3914685905        212.7820723396498       -52.49991840250242    
    143.5000000000000        329.4913004549412        54.42434290607473        2969.216244579002        162379.7839483144        212.7862170530070       -53.49991529208914    
    144.5000000000000        308.8038454168350        53.78482211759844        2900.081062662970        156760.4872613015        212.7905620285239       -54.49991203138921    
    145.5000000000000        289.6228327205247        53.14173895230204        2831.377955884569        151241.5065992847        212.7951249882697       -55.49990860710309    
    146.5000000000000        271.8118651728149        52.49551674252326        2763.164998377742        145826.9819019372        212.7999257582789       -56.49990500435232    
    147.5000000000000        255.2576453134135        51.84657157591319        2695.497077545569        140520.5607403942        212.8049865925591       -57.49990120643628    
    148.5000000000000        239.8511828566863        51.19527911934220        2628.423173871996        135325.2563738704        212.8103325587948       -58.49989719454292    
    149.5000000000000        225.4990882194874        50.54208577583212        2561.997472893506        130244.2874032774        212.8159919999134       -59.49989294740219    
    150.5000000000000        212.1136767488517        49.88736670418714        2496.264604399989        125279.9362685090        212.8219970895093       -60.49988844086935    
    151.5000000000000        199.6157154786839        49.23154531897138        2431.272421256886        120434.5836071517        212.8283845041834       -61.49988364742031    
    152.5000000000000        187.9379136950787        48.57505059512641        2367.066742417046        115710.2462542779        212.8351962425558       -62.49987853553706    
    153.5000000000000        177.0108465786153        47.91824252304217        2303.684781979841        111108.1621197320        212.8424806296964       -63.49987306895386    
    154.5000000000000        166.7809380710267        47.26157178283031        2241.170416391485        106629.8931279950        212.8502935578701       -64.49986720572615    
    155.5000000000000        157.1921733715270        46.60537802324833        2179.554652208052        102275.9168347064        212.8587000311168       -65.49986089707131    
    156.5000000000000        148.1981354397852        45.95009790671978        2118.875821216528        98047.10800871481        212.8677761041637       -66.49985408591367    
    157.5000000000000        139.7554459184143        45.29610296895815        2059.164079377788        93943.63567042883        212.8776113383519       -67.49984670504138    
    158.5000000000000        131.8236563597572        44.64378952849088        2000.449714591059        89965.54862086347        212.8883119428978       -68.49983867474906    
    159.5000000000000        124.3673052344551        43.99353185365115        1942.759268378353        86112.54719091023        212.9000048355012       -69.49982989979029    
    160.5000000000000        117.3536138675067        43.34574014301359        1886.120355159873        82384.29009434671        212.9128429523038       -70.49982026539288    
    161.5000000000000        110.7517388875269        42.70075981833781        1830.553134679327        78779.86369376641        212.9270122799069       -71.49980963198148    
    162.5000000000000        104.5360775542476        42.05900337636106        1776.081665855431        75298.52364707683        212.9427412982319       -72.49979782809078    
    163.5000000000000        98.67969686793333        41.42079665363480        1722.720832344041        71938.86841316988        212.9603138569466       -73.49978464070233    
    164.5000000000000        93.16031478755978        40.78654488978940        1670.490365516360        68699.73721479486        212.9800870359938       -74.49976980184050    
    165.5000000000000        87.95691669473312        40.15658496487880        1619.402507143299        65579.44395013488        213.0025163961595       -75.49975296962232    
    166.5000000000000        83.04957896907887        39.53126588389054        1569.468908012088        62576.22887908842        213.0281924512156       -76.49973370088564    
    167.5000000000000        78.42118435657200        38.91091198107505        1520.697740266706        59688.09429375987        213.0578946450942       -77.49971141067985    
    168.5000000000000        74.05380370080101        38.29586121356454        1473.096764458967        56912.99546697767        213.0926734880826       -78.49968531062244    
    169.5000000000000        69.93224950000341        37.68645957148539        1426.672764504316        54248.80730916501        213.1339796221434       -79.49965431203471    
    170.5000000000000        66.04285700080271        37.08299683110056        1381.426983578332        51693.08663743565        213.1838743890291       -80.49961686790651    
    171.5000000000000        62.37179318357262        36.48578689963061        1337.361209635545        49243.42382306806        213.2453890076968       -81.49957070332175    
    172.5000000000000        58.90680755904032        35.89512163462170        1294.474492440803        46897.27285054803        213.3231710284199       -82.49951233026152    
    173.5000000000000        55.63595870731684        35.31127644609327        1252.763529563319        44651.97405882317        213.4247273394457       -83.49943611463054    
    174.5000000000000        52.54844140137406        34.73451867345526        1212.223410529555        42504.80675223796        213.5630226509553       -84.49933232579269    
    175.5000000000000        49.63401598179265        34.16509392009217        1172.846856666375        40452.96189901872        213.7625407129034       -85.49918258656322    
    176.5000000000000        46.88363632562169        33.60326394947032        1134.626872827469        38493.68492515358        214.0757274298745       -86.49894752811625    
    177.5000000000000        44.28726702815894        33.04922089585923        1097.550903507511        36623.97729121394        214.6388394233070       -87.49852484933113    
    178.5000000000000        41.83709040430691        32.50317455287469        1061.607158707947        34840.94294710040        215.9504391285747       -88.49754003458978    
    179.5000000000000        39.52531068741854        31.96531939784603        1026.782179384522        33141.65246388687        222.4286753273266       -89.49266137240838    
    180.5000000000000        37.34400248076459        31.43584556084452        993.0624386764243        31523.27563574487        22.91152646213241       -89.49265149945961    
    181.5000000000000        35.28639828808031        30.91492049287851        960.4312597322979        29982.80586778236        29.38959276016113       -88.49753003310349    
    182.5000000000000        33.34536878019214        30.40266986682791        928.8704055277155        28517.32656492725        30.70117848784991       -87.49851483734393    
    183.5000000000000        31.51501591350653        29.89926334161695        898.3638042687337        27124.06131669918        31.26428661999218       -86.49893751323005    
    184.5000000000000        29.78882587240973        29.40479523967878        868.8905280419972        25800.07940055760        31.57747174665731       -85.49917257048334    
    185.5000000000000        28.16164451425530        28.91937467065324        840.4308305438304        24542.59606563727        31.77698900330786       -84.49932230910838    
    186.5000000000000        26.62749783080470        28.44308082519646        812.9630941588257        23348.81343881934        31.91528385156607       -83.49942609759852    
    187.5000000000000        25.18193463277851        27.97599582534041        786.4661861680225        22216.04431581873        32.01683987191369       -82.49950231301136    
    188.5000000000000        23.81953568687959        27.51817627279819        760.9177805526879        21141.63245124813        32.09462169836038       -81.49956068592579    
    189.5000000000000        22.53599376102754        27.06962760261281        736.2927591326885        20122.87703208536        32.15613618080111       -80.49960685040830    
    190.5000000000000        21.32672737126310        26.63039194725220        712.5688451164759        19157.29692068507        32.20603084849270       -79.49964429446206    
    191.5000000000000        20.18771004533328        26.20048112173551        689.7221071106179        18242.40764597602        32.24733690809263       -78.49967529299391    
    192.5000000000000        19.11477255269428        25.77985385704755        667.7266185200675        17375.74144289695        32.28211569376612       -77.49970139300834    
    193.5000000000000        18.10460654996451        25.36856550208263        646.5619645891347        16555.12542097930        32.31181784258970       -76.49972368318031    
    194.5000000000000        17.15334569718069        24.96653959451145        626.2013390307027        15778.21181628995        32.33749386158881       -75.49974295188990    
    195.5000000000000        16.25785241592884        24.57376953872170        606.6222571057725        15042.90275014996        32.35992319245041       -74.49975978408611    
    196.5000000000000        15.41482938580018        24.19019332780183        587.7999901099726        14347.08829051858        32.37969634736053       -73.49977462292981    
    197.5000000000000        14.62126068358735        23.81575369506922        569.7107912773167        13688.77216829666        32.39726888595851       -72.49978781030315    
    198.5000000000000        13.87432388866043        23.45036659597428        552.3301625859209        13065.99809721281        32.41299788734226       -71.49979961418113    
    199.5000000000000        13.17116955465463        23.09393943699775        535.6340560014501        12476.90160772848        32.42716720054530       -70.49981024758175    
    200.5000000000000        12.50942792151175        22.74639159764538        519.5996230438259        11919.72556252955        32.44000530500569       -69.49981988196987    
    201.5000000000000        11.88651451703491        22.40760041005076        504.2028274322088        11392.73779106721        32.45169818695098       -68.49982865692063    
    202.5000000000000        11.30020631850527        22.07747726065302        489.4219402846388        10894.34905780353        32.46239878223058       -67.49983668720603    
    203.5000000000000        10.74841474822190        21.75590683284541        475.2347093753830        10423.01053897360        32.47223400831236       -66.49984406807222    
    204.5000000000000        10.22903961069678        21.44277165183250        461.6195624805700        9977.255406578057        32.48131007422763       -65.49985087922454    
    205.5000000000000        9.740234227278524        21.13797069519068        448.5563430079248        9555.717169505104        32.48971654116755       -64.49985718787462    
    206.5000000000000        9.280113169874015        20.84135774502056        436.0235957922953        9157.037466098767        32.49752946373751       -63.49986305109815    
    207.5000000000000        8.846998967269956        20.55282529359864        424.0023108545843        8779.989089818564        32.50481384587692       -62.49986851767758    
    208.5000000000000        8.439240218882496        20.27222834149494        412.4725002044666        8423.357737799934        32.51162557976799       -61.49987362955746    
    209.5000000000000        8.055283437234028        19.99943980021098        401.4156758441994        8086.023383152471        32.51801299041126       -60.49987842300349    
    210.5000000000000        7.693705357152118        19.73431384000425        390.8132002340276        7766.902062141147        32.52401807636891       -59.49988292953361    
    211.5000000000000        7.353120256192605        19.47671393807896        380.6474967789987        7464.983221770957        32.52967751419287       -58.49988717667186    
    212.5000000000000        7.032252920728506        19.22649851191017        370.9014162100542        7179.306800050508        32.53502347743616       -57.49989118856297    
    213.5000000000000        6.729912941575195        18.98351237876872        361.5578611076256        6908.949066064814        32.54008430899047       -56.49989498647696    
    214.5000000000000        6.444949152946666        18.74760432313512        352.6005255803721        6653.044238506046        32.54488507651028       -55.49989858922586    
    215.5000000000000        6.176335331088464        18.51862752050703        344.0138432449486        6410.779275353969        32.54944803397670       -54.49990201351027    
    216.5000000000000        5.923086847128960        18.29643855431134        335.7829435271449        6181.390925257012        32.55379300740197       -53.49990527420864    
    217.5000000000000        5.684298222655390        18.08089523392622        327.8935311946869        5964.159755543613        32.55793771883541       -52.49990838462046    
    218.5000000000000        5.459091958782879        17.87185559352009        320.3318384507225        5758.407185369991        32.56189805988904       -51.49991135667172    
    219.5000000000000        5.246683121776579        17.66918040582751        313.0846879968627        5563.495150747313        32.56568832372923       -50.49991420108866    
    220.5000000000000        5.046300162782062        17.47273243357333        306.1394539633598        5378.823571197603        32.56932140271374       -49.49991692754635    
    221.5000000000000        4.857243750189463        17.28237768793429        299.4840654943348        5203.828203301799        32.57280895746931       -48.49991954479560    
    222.5000000000000        4.678827157358183        17.09797933588056        293.1067935934892        5037.974079031824        32.57616156211428       -47.49992206077172    
    223.5000000000000        4.510440555316341        16.91941162237736        286.9967104453694        4880.765876976731        32.57938882946587       -46.49992448268864    
    224.5000000000000        4.351475716853108        16.74654255390438        281.1430522526744        4731.729483142452        32.58249951938089       -45.49992681712026    
    225.5000000000000        4.201384741969596        16.57924808939262        275.5357231633121        4590.424697964111        32.58550163282578       -44.49992907007087    
    226.5000000000000        4.059649637204362        16.41740348609745        270.1649444054424        4456.433975979623        32.58840249382482       -43.49993124703677    
    227.5000000000000        3.925777305584687        16.26088694443755        265.0213876126301        4329.365490558160        32.59120882107366       -42.49993335306007    
    228.5000000000000        3.799318810774412        16.10957942339236        260.0961392446021        4208.850805480958        32.59392679071061       -41.49993539277563    
    229.5000000000000        3.679843804210820        15.96336403213123        255.3806618486869        4094.542887869955        32.59656209149707       -40.49993737045256    
    230.5000000000000        3.566958586016707        15.82212823378143        250.8668604295000        3986.117083594577        32.59911997345993       -39.49993929003075    
    231.5000000000000        3.460292465996635        15.68576121464306        246.5469689291799        3883.267142464257        32.60160529088580       -38.49994115515312    
    232.5000000000000        3.359500802691610        15.55415623917053        242.4136201915950        3785.706346119814        32.60402254042089       -37.49994296919424    
    233.5000000000000        3.264265157227190        15.42721012146683        238.4598127898853        3693.165899255836        32.60637589491816       -36.49994473528550    
    234.5000000000000        3.174286141604548        15.30482421975287        234.6789255271219        3605.394482264109        32.60866923357882       -35.49994645633813    
    235.5000000000000        3.089282435523274        15.18690194414672        231.0646228618903        3522.155278087453        32.61090616885684       -34.49994813506314    
    236.5000000000000        3.008990982680324        15.07334995264165        227.6108802787680        3443.225975639582        32.61309007052846       -33.49994977398930    
    237.5000000000000        2.933168749616829        14.96407915481316        224.3120066969012        3368.398803944885        32.61522408727333       -32.49995137547956    
    238.5000000000000        2.861585883267243        14.85900396028290        221.1626066674994        3297.479051894693        32.61731116606607       -31.49995294174554    
    239.5000000000000        2.794027635106236        14.75804144387213        218.1575436899587        3230.283724367366        32.61935406963723       -30.49995447486045    
    240.5000000000000        2.730292321642566        14.66111149594534        215.2919352653606        3166.640994197265        32.62135539222860       -29.49995597677118    
    241.5000000000000        2.670193326028341        14.56813876862160        212.5612055896520        3106.391060078295        32.62331757383826       -28.49995744930888    
    242.5000000000000        2.613551647530074        14.47904597532357        209.9608661580542        3049.380592664313        32.62524291312619       -27.49995889419850    
    243.5000000000000        2.560201046321731        14.39376047342956        207.4867134342953        2995.467037593304        32.62713357912970       -26.49996031306782    
    244.5000000000000        2.509986583048869        14.31221465650833        205.1348310835889        2944.518300964802        32.62899162191962       -25.49996170745540    
    245.5000000000000        2.462763912380565        14.23434376716044        202.9015154587635        2896.410733541101        32.63081898231221       -24.49996307881762    
    246.5000000000000        2.418400250195554        14.16008538888932        200.7832506779608        2851.028228855024        32.63261750073808       -23.49996442853568    
    247.5000000000000        2.376772326156981        14.08938157843203        198.7767703195429        2808.263457454616        32.63438892535763       -22.49996575792155    
    248.5000000000000        2.337766227493802        14.02217527684040        196.8789406391719        2768.014928700704        32.63613491950210       -21.49996706822338    
    249.5000000000000        2.301275318452530        13.95841216060138        195.0868100276606        2730.187886763420        32.63785706851041       -20.49996836063096    
    250.5000000000000        2.267197856982305        13.89803983815134        193.3975795411630        2694.693449482358        32.63955688602415       -19.49996963628023    
    251.5000000000000        2.235442046404367        13.84101008035153        191.8086638402062        2661.449778987196        32.64123581979646       -18.49997089625759    
    252.5000000000000        2.205920186614910        13.78727698407671        190.3176315572658        2630.380575358732        32.64289525706399       -17.49997214160413    
    253.5000000000000        2.178455345508718        13.73681519700177        188.9227063857586        2601.425367352758        32.64453652952703       -16.49997337331930    
    254.5000000000000        2.153268073861546        13.68953999970898        187.6205735173825        2574.494215952133        32.64616091797699       -15.49997459236417    
    255.5000000000000        2.130000966746905        13.64546031781030        186.4105500678526        2549.553008977133        32.64776965660760       -14.49997579966499    
    256.5000000000000        2.108690885742859        13.60452326667743        185.2903365363461        2526.536215133609        32.64936393704193       -13.49997699611609    
    257.5000000000000        2.089284737830898        13.56669524329797        184.2582363817871        2505.392476538865        32.65094491210459       -12.49997818258251    
    258.5000000000000        2.071733636260660        13.53194382875096        183.3126506781790        2486.073960900817        32.65251369936581       -11.49997935990299    
    259.5000000000000        2.055995179124062        13.50024116265417        182.4521750906319        2468.538425335304        32.65407138448131       -10.49998052889232    
    260.5000000000000        2.042030394759377        13.47156252391366        181.6755550214052        2452.748133492988        32.65561902435040       -9.499981690343567    
    261.5000000000000        2.029809216433197        13.44588721154731        180.9817098498511        2438.670332184593        32.65715765011259       -8.499982845030605    
    262.5000000000000        2.019302026568712        13.42319420995599        180.3696041035533        2426.274356604188        32.65868827000109       -7.499983993710127    
    263.5000000000000        2.010480482751778        13.40346322870818        179.8382759317118        2415.532195488405        32.66021187207110       -6.499985137123530    
    264.5000000000000        2.003326008386399        13.38667912318207        179.3869646479989        2406.421242022441        32.66172942681848       -5.499986275999191    
    265.5000000000000        1.997822848694376        13.37282941768893        179.0150358871285        2398.922586899319        32.66324188970432       -4.499987411054196    
    266.5000000000000        1.991691488618421        13.36183067441402        178.7199998910358        2392.980948761151        32.66475020359950       -3.499988542996039    
    267.5000000000000        1.991708536606253        13.35389214202926        178.5072873585884        2388.702021716455        32.66625530116256       -2.499989672524697    
    268.5000000000000        1.991077648330666        13.34879176607773        178.3707909860062        2385.959730854106        32.66775810716416       -1.499990800334232    
    269.5000000000000        1.992055548563640        13.34659870020641        178.3122793242471        2384.787956733731        32.66925954077023      -0.4999919271143486    
    270.5000000000000        1.994641524530305        13.34731041599380        178.3316435776450        2385.183682223534        32.67076051779586       0.5000069464476126    
    271.5000000000000        1.998842708759884        13.35093128570951        178.4290202532966        2387.150063512435        32.67226195294196        1.500005819665144    
    272.5000000000000        2.004664678673875        13.35746097839001        178.6044578180296        2390.689235227904        32.67376476202600        2.500004691851053    
    273.5000000000000        2.012123294251510        13.36690705568181        178.8582796333990        2395.810170232878        32.67526986421863        3.500003562315477    
    274.5000000000000        2.021233093273738        13.37927561902042        179.1908131045263        2402.522791879780        32.67677818429761        4.500002430364344    
    275.5000000000000        2.032017898630907        13.39457810268524        179.6025884294102        2410.842346116832        32.67829065493104        5.500001295297812    
    276.5000000000000        2.044505202950194        13.41282613494984        180.0941898321011        2420.786174251653        32.67980821900175        6.500000156408222    
    277.5000000000000        2.058734036186309        13.43403478022328        180.6663518198119        2432.375865638346        32.68133183198530        7.499999012978457    
    278.5000000000000        2.074741550208195        13.45821887535880        181.3198533456129        2445.634974770488        32.68286246439461        8.499997864280280    
    279.5000000000000        2.092573376652594        13.48539845358149        182.0556758864296        2460.592493901230        32.68440110430447        9.499996709572102    
    280.5000000000000        2.112279736749732        13.51559553139824        182.8749135053673        2477.280981394755        32.68594875997046        10.49999554809720    
    281.5000000000000        2.133916592898934        13.54883260181217        183.7787293696173        2495.735638058720        32.68750646255715        11.49999437908182    
    282.5000000000000        2.157548346632949        13.58513795531607        184.7685126023235        2515.997801884841        32.68907526899188        12.49999320173269    
    283.5000000000000        2.183242988056945        13.62453908025161        185.8456896425115        2538.110919347156        32.69065626496133        13.49999201523499    
    284.5000000000000        2.211073751374612        13.66706816060945        187.0118872226048        2562.124204192983        32.69225056806980        14.49999081875006    
    285.5000000000000        2.241117460109575        13.71275734028487        188.2687972414285        2588.089771398541        32.69385933117926        15.49998961141266    
    286.5000000000000        2.273461201908181        13.76164436778760        189.6183448534026        2616.066430952069        32.69548374595354        16.49998839232842    
    287.5000000000000        2.308189618790566        13.81376489893199        191.0624636001632        2646.114794648809        32.69712504663067        17.49998716057116    
    288.5000000000000        2.345396458622141        13.86916250892299        192.6033956157704        2678.304078980061        32.69878451405020        18.49998591517956    
    289.5000000000000        2.385182826549165        13.92787946550244        194.2434237470935        2712.706308992160        32.70046347996443        19.49998465515414    
    290.5000000000000        2.427665766258614        13.98996312648283        195.9850649385988        2749.400762823353        32.70216333166639        20.49998337945384    
    291.5000000000000        2.472967235254495        14.05546165380193        197.8309479130054        2788.471413105392        32.70388551696991        21.49998208699205    
    292.5000000000000        2.521215837958013        14.12442865791821        199.7839548818977        2830.010240207838        32.70563154958209        22.49998077663271    
    293.5000000000000        2.572551149844161        14.19691815343828        201.8470778993732        2874.114238315319        32.70740301491244        23.49997944718609    
    294.5000000000000        2.627125044912319        14.27298920137673        204.0235644214398        2920.888920736385        32.70920157636809        24.49997809740375    
    295.5000000000000        2.685096976868680        14.35270266920132        206.3168257925988        2970.446474008243        32.71102898219119        25.49997672597363    
    296.5000000000000        2.746642373367380        14.43612353995740        208.7305128907812        3022.907708346047        32.71288707290020        26.49997533151454    
    297.5000000000000        2.811947785522138        14.52331891680288        211.2684629539089        3078.401125536470        32.71477778940591        27.49997391256979    
    298.5000000000000        2.881221079597614        14.61435934161086        213.9347486084581        3137.064361120444        32.71670318188079        28.49997246760070    
    299.5000000000000        2.954685991847578        14.70931799329387        216.7336603371087        3199.044083203692        32.71866541947149        29.49997099497945    
    300.5000000000000        3.032581408326966        14.80827070202694        219.6697168874104        3264.496607111987        32.72066680095559        30.49996949298078    
    301.5000000000000        3.115154313277030        14.91129674388156        222.7476938016481        3333.588818901978        32.72270976645775        31.49996795977336    
    302.5000000000000        3.202676278629009        15.01847852071475        225.9726291645961        3406.498850515201        32.72479691035605        32.49996639341020    
    303.5000000000000        3.295435621354244        15.12990155905799        229.3498304313788        3483.416602988865        32.72693099552791        33.49996479181780    
    304.5000000000000        3.393743435887924        15.24565390927180        232.8848680897168        3564.544107300524        32.72911496910621        34.49996315278424    
    305.5000000000000        3.497932086754894        15.36582855678994        236.5836593663594        3650.097936461888        32.73135197994139        35.49996147394650    
    306.5000000000000        3.608360668360941        15.49052336332788        240.4524817214076        3740.310154553659        32.73364539799413        36.49995975277535    
    307.5000000000000        3.725417213438952        15.61983948507523        244.4979368437374        3835.428085268171        32.73599883591768        37.49995798655951    
    308.5000000000000        3.849515517439085        15.75388111974691        248.7269542579980        3935.715009241238        32.73841617312890        38.49995617238758    
    309.5000000000000        3.981097615373529        15.89275464367473        253.1467768309631        4041.450493329997        32.74090158271431        39.49995430712769    
    310.5000000000000        4.120640372491188        16.03657023230834        257.7650280995463        4152.932766697882        32.74345956157339        40.49995238740485    
    311.5000000000000        4.268666256350140        16.18544353100403        262.5897923515876        4270.481751021356        32.74609496426774        41.49995040957589    
    312.5000000000000        4.425741225139922        16.33949002589714        267.6294333994172        4394.435117037315        32.74881304112326        42.49994836970039    
    313.5000000000000        4.592465554533471        16.49883152772578        272.8928368511518        4525.155548594706        32.75161948122689        43.49994626350872    
    314.5000000000000        4.769486904625806        16.66358626593060        278.3890748119265        4663.022732787871        32.75452046107201        44.49994408636552    
    315.5000000000000        4.957499833103802        16.83388356483204        284.1279489050338        4808.448968523221        32.75752269974212        45.49994183322818    
    316.5000000000000        5.157262470506831        17.00984957316333        290.1195008584598        4961.867199230251        32.76063352168585        46.49993949859963    
    317.5000000000000        5.369572443096466        17.19160914459230        296.3740867128877        5123.733805551375        32.76386092833489        47.49993707647499    
    318.5000000000000        5.595287704435478        17.37929982849341        302.9029277067447        5294.545647432586        32.76721368005710        48.49993456027961    
    319.5000000000000        5.835346191204562        17.57304985352969        309.7172797597909        5474.817189398977        32.77070139023216        49.49993194279864    
    320.5000000000000        6.090735307424600        17.77299897021418        316.8292674121025        5665.106389422589        32.77433463359888        50.49992921609591    
    321.5000000000000        6.362550089336353        17.97928941099344        324.2515465489712        5866.006104277960        32.77812507147001        51.49992637141963    
    322.5000000000000        6.651907766057354        18.19205404542966        331.9968794794082        6078.133691825770        32.78208559696360        52.49992339909352    
    323.5000000000000        6.960093232944644        18.41145370980243        340.0795854749047        6302.174334933667        32.78623050409093        53.49992028839013    
    324.5000000000000        7.288399311803787        18.63762938916473        348.5137666242336        6538.833003207051        32.79057568540538        54.49991702738211    
    325.5000000000000        7.638299311236223        18.87072259648650        357.3139937408762        6788.852379461865        32.79513886400824        55.49991360276832    
    326.5000000000000        8.011329598510631        19.11090076075680        366.4965644280784        7053.059360852684        32.79993986709094        56.49990999966866    
    327.5000000000000        8.409131084686990        19.35827412128801        376.0759056075427        7332.250022243275        32.80500094996064        57.49990620138055    
    328.5000000000000        8.833518430667535        19.61303388865900        386.0704662208951        7627.379817783813        32.81034718176826        58.49990218908967    
    329.5000000000000        9.286311132937580        19.87526483423170        396.4947869539923        7939.312690822554        32.81600690710047        59.49989794152360    
    330.5000000000000        9.769762749075454        20.14519456866709        407.3701855254375        8269.167878010616        32.82201230143762        60.49989343453472    
    331.5000000000000        10.28584213056617        20.42287323941752        418.7109249385601        8617.871655996712        32.82840004353264        61.49988864059571    
    332.5000000000000        10.83723703353293        20.70854061624253        430.5402610818613        8986.687822734042        32.83521213447230        62.49988352818496    
    333.5000000000000        11.42623369558703        21.00224653378628        442.8738001369608        9376.670356092738        32.84249690216706        63.49987806103248    
    334.5000000000000        12.05596254647163        21.30420291585660        455.7350078707181        9789.179826647176        32.85031024217071        64.49987219718869    
    335.5000000000000        12.72893015809596        21.61447739363317        469.1417094738812        10225.43869228222        32.85871716235088        65.49986588786541    
    336.5000000000000        13.44876449964020        21.93323860942244        483.1168945726601        10686.89131863706        32.86779372191761        66.49985907598020    
    337.5000000000000        14.21835201754969        22.26057613132680        497.6808183145637        11174.94660161949        32.87762948749499        67.49985169431331    
    338.5000000000000        15.04205113247849        22.59666334632655        512.8582317610886        11691.22169253659        32.88833067457032        68.49984366315010    
    339.5000000000000        15.92299017271828        22.94155286828160        528.6692137295428        12237.23640184884        32.90002420834311        69.49983488723299    
    340.5000000000000        16.86619529012646        23.29538735269512        545.1386376266312        12814.73563230381        32.91286303400098        70.49982525177624    
    341.5000000000000        17.87574117620887        23.65828901623689        562.2913838982578        13425.53739465876        32.92703314915629        71.49981461718812    
    342.5000000000000        18.95669348459185        24.03030890349737        580.1495631126094        14071.42404602464        32.94276304727124        72.49980281198323    
    343.5000000000000        20.11421051097894        24.41156419789699        598.7393132409651        14754.39843386431        32.96033659485418        73.49978962311803    
    344.5000000000000        21.35401496692145        24.80213966338539        618.0858726824360        15476.50200025094        32.98011089305875        74.49977478258540    
    345.5000000000000        22.68234673029768        25.20206038663039        638.2123225385587        16239.77494766160        33.00254152976655        75.49975794846210    
    346.5000000000000        24.10548823157506        25.61141085636964        659.1452532852802        17046.46224306989        33.02821905392376        76.49973867753381    
    347.5000000000000        25.63064201758131        26.03023853148017        680.9103503978760        17898.86691535680        33.05792295596653        77.49971638478091    
    348.5000000000000        27.26545682266055        26.45857308906268        703.5326919210196        18799.33844010744        33.09270380897729        78.49969028172787    
    349.5000000000000        29.01795431024191        26.89640469322190        727.0360557817221        19750.26512052001        33.13401234182108        79.49965927956727    
    350.5000000000000        30.89707286635478        27.34378878146969        751.4482977571450        20754.28796073340        33.18391002005408        80.49962183110604    
    351.5000000000000        32.91237331819563        27.80068008452505        776.7922901039718        21813.92871715953        33.24542824524694        81.49957566115856    
    352.5000000000000        35.07373861869196        28.26704939382026        803.0920985629613        22931.84057177092        33.32321484871090        82.49951728129156    
    353.5000000000000        37.39250731827295        28.74289315766905        830.3740220300914        24110.87639424991        33.42477717476564        83.49944105673944    
    354.5000000000000        39.88063232353776        29.22814033423881        858.6604777701638        25353.79429021518        33.56308072602477        84.49933725570433    
    355.5000000000000        42.55064249786646        29.72269129772209        887.9725794724504        26663.38687701116        33.76261076116957        85.49918749879798    
    356.5000000000000        45.41667636324917        30.22651917420738        918.3361468848314        28042.75369935955        34.07581645432173        86.49895241244585    
    357.5000000000000        48.49374798417880        30.73948199888363        949.7700389753796        29494.75760629489        34.63896307694058        87.49852968306817    
    358.5000000000000        51.79795710978025        31.26152227980056        982.2985781600961        31022.61075855387        35.95064579738196        88.49754474859674    
    359.5000000000000        55.34732398819026        31.79246435048834        1015.938464863064        32629.23806927582        42.42933373485022        89.49266545980501    
