 # author: MA Kubiak / Space Research Center PAS Warsaw Poland, contact: mkubiak@cbk.waw.pl                          
 # code version Program.keplerV_ellipt_V2      , Dates: calkV:21/04/2026  ; part_pr:21/04/2026                       
 # czas no T v_mas, kier.naplywu(dl, szer) macierz obrotu (ecl to helio), r, theta, phi(ecl,spher), V_detector(ecl,cart), IBEX_energy_channel
 #     2026.240938000000        0.8088930000000000E-03     9480.000000000000        -11.28000000301609         251.5700000000000         11.95000000000000        0.2459841265748581        0.9692738567985851         0.000000000000000       -0.9615244635393438        0.2440174711049008        0.1261989691358298        0.1223213615382913       -0.3104294319752456E-01    0.9920049496797150        0.9881170000000001         188.8536770000000        0.4167900000000000E-01     4.085000000000000        -29.32799999999999       -0.1600000000000000E-01 00
 # routs_end= 150.00;    Maxwellian,    elliptOrb=Off                                                                                        
 # Numerical parameters: GridKl=10  GridKf=09  GridKV=05  epsV= 0.0000100  epssJon=.0010000                                                  
 # Numerical parameters: GridKl=10  GridKf=09  GridKV=05  epsV= 0.0000100  epssJon=.0010000; tessel128                                                                                                                                                                                                                                                                                                                                                                                                                                                                 
# Axis to the Sun: alpha_ecl= 4.9020000000000000 delta_Ecl= 0.0740000000000000 delta_Ax= 90.0000000000000000  repoint= 00200
 #  flag_atom: He                                                   
 #  flag_general:                                                   
 #                                                                  
 #                                                                  
  # Ly_a_Profil: zero                                               
  # flag_Itot: zero                                                 
 #  v_SW_Eqtr: speed3D.hybrid2026c_patched.dat                      
 #  n_SW_Eqtr: density3D.hybrid2026c_patched.dat                    
 #  phot_Eqtr: 0.8500000  phion_Helium_T12F107_pat_2026c.dat        
 #  sigma_SW: p+He->H +He+, He + alpha (2 chnls);src:simuLosses.nb  
 #  flag_el:slow  swEqtrElectrons5.2026c.patched.dat                
 #  SW_lati: interpolation                                          
 #  phot_lati: analit pole-flattened after Pryor & Auchere          
 #
 #
 #
 #Spin  flux speed	speed^2 speed^3    long_ecl lat_ecl
   0.5000000000000000        1.727075557531618        31.46637285582657        994.8117040547577        31597.93481003506        266.4835427837848        89.49455129560923    
    1.500000000000000        1.832323491532336        31.99885110444721        1028.751772378121        33227.99542638276        272.0783355167095        88.49817368794470    
    2.500000000000000        1.944177156283764        32.53949667453039        1063.789746635295        34938.95562390383        273.2076084067977        87.49890323005842    
    3.500000000000000        2.063035526354794        33.08817668552933        1099.943113371719        36733.87696537409        273.6922832601309        86.49921627018824    
    4.500000000000000        2.189378226347744        33.64468094200698        1137.223666964361        38615.59062187297        273.9618179182406        85.49939034348843    
    5.500000000000000        2.323689738906486        34.20877193733337        1175.640650960077        40586.84561975728        274.1335193015927        84.49950122959211    
    6.500000000000000        2.466482947870771        34.78021478899257        1215.202764185085        42650.40867613614        274.2525306961467        83.49957808674482    
    7.500000000000000        2.618313103753265        35.35877597110640        1255.918164291765        44809.06617414470        274.3399247210138        82.49963452491876    
    8.500000000000000        2.779841461473828        35.94416154161379        1297.789655582535        47065.34392205330        274.4068592161903        81.49967775024378    
    9.500000000000000        2.951697111232918        36.53601430326994        1340.814496952932        49421.49336711068        274.4597946309498        80.49971193500699    
    10.50000000000000        3.134527131557588        37.13403018602303        1384.992552643586        51879.91745016436        274.5027305706265        79.49973966219154    
    11.50000000000000        3.329107746081437        37.73784668330085        1430.317933285698        54442.69579886576        274.5382756113429        78.49976261642148    
    12.50000000000000        3.536272061933366        38.34712860069442        1476.785714676575        57111.97486849401        274.5682036615972        77.49978194328114    
    13.50000000000000        3.756848851325405        38.96156099243597        1524.391054296705        59889.89317318024        274.5937630752017        76.49979844894828    
    14.50000000000000        3.991764391735059        39.58084943113987        1573.129734133405        62778.63969948794        274.6158578655479        75.49981271722541    
    15.50000000000000        4.242119194707657        40.20464150392597        1622.991255427320        65779.99675575068        274.6351587771780        74.49982518127059    
    16.50000000000000        4.509018914526972        40.83258788699657        1673.963678616332        68895.61870213921        274.6521739700758        73.49983616924604    
    17.50000000000000        4.793659740091678        41.46436263122862        1726.035422564146        72127.14659281887        274.6672954706008        72.49984593431587    
    18.50000000000000        5.097446344583928        42.09961483910011        1779.191110282602        75475.93220116441        274.6808305579500        71.49985467491548    
    19.50000000000000        5.421862027902777        42.73799253484389        1833.413600213287        78943.16040426002        274.6930234936464        70.49986254878436    
    20.50000000000000        5.768557469694199        43.37916865581084        1888.686261506555        82529.99240855571        274.7040708914190        69.49986968289168    
    21.50000000000000        6.139427959921919        44.02271799139394        1944.982164411520        86236.84437458926        274.7141327979650        68.49987618059231    
    22.50000000000000        6.536421863886644        44.66831952004990        2002.281739679348        90064.53738422638        274.7233408189389        67.49988212687437    
    23.50000000000000        6.961763008094460        45.31553318665891        2060.552820681100        94012.94598598072        274.7318041702884        66.49988759226707    
    24.50000000000000        7.417942640371447        45.96397969875843        2119.766590629142        98082.05463050520        274.7396142476769        65.49989263579171    
    25.50000000000000        7.907542412970368        46.61323182709084        2179.887831869364        102271.2873991721        274.7468481207829        64.49989730721809    
    26.50000000000000        8.433615360828856        47.26287281483865        2240.880447250412        106579.8949715884        274.7535712364640        63.49990164881022    
    27.50000000000000        8.999407037416038        47.91248637596969        2302.706093703494        111006.8167701682        274.7598395321615        62.49990569669122    
    28.50000000000000        9.608525458687636        48.56168207163175        2365.327022921763        115550.9044489872        274.7657011043960        61.49990948192064    
    29.50000000000000        10.26495928902865        49.21007205228973        2428.703519440624        120210.7033814443        274.7711975379249        60.49991303135290    
    30.50000000000000        10.97314272511913        49.85727172585640        2492.794318582478        124984.4995727024        274.7763649734393        59.49991636832677    
    31.50000000000000        11.73807262471531        50.50290557130212        2557.557084312077        129870.3398203140        274.7812349719057        58.49991951322352    
    32.50000000000000        12.56520308771868        51.14658293417251        2622.945927991736        134865.8295417156        274.7858352193479        57.49992248392208    
    33.50000000000000        13.46067912489919        51.78790148812337        2688.911850143013        139968.1644086769        274.7901901054128        56.49992529617270    
    34.50000000000000        14.43118688747797        52.42645398266459        2755.403199558325        145174.1379833076        274.7943212013282        55.49992796390550    
    35.50000000000000        15.48430743334290        53.06185559765149        2822.368863755511        150480.4111090624        274.7982476570905        54.49993049948706    
    36.50000000000000        16.62832198758629        53.69372306326294        2889.756030489663        155883.3206583953        274.8019865333733        53.49993291393472    
    37.50000000000000        17.87254818686512        54.32166674968114        2957.509122771010        161378.7695273697        274.8055530803431        52.49993521709665    
    38.50000000000000        19.22716650815371        54.94527923040307        3025.569008347557        166962.1866962362        274.8089609730349        51.49993741780381    
    39.50000000000000        20.70358739223173        55.56417823459983        3093.877359518635        172628.8539490944        274.8122225109859        50.49993952399894    
    40.50000000000000        22.31456830080717        56.17798393336604        3162.374431421144        178373.7351365196        274.8153487883080        49.49994154284629    
    41.50000000000000        24.07392469420236        56.78629436692376        3230.996214985883        184191.2217949615        274.8183498391824        48.49994348082569    
    42.50000000000000        25.99713325403535        57.38872970284243        3299.679419062226        190075.5471830169        274.8212347628265        47.49994534381317    
    43.50000000000000        28.10111744302159        57.98489833582043        3368.357701729710        196020.4646359213        274.8240118312390        46.49994713715056    
    44.50000000000000        30.40462009609825        58.57441528500109        3436.963897140859        202019.4425479010        274.8266885824281        45.49994886570570    
    45.50000000000000        32.92806963629425        59.15687399480282        3505.426706415733        208065.3663326065        274.8292719013613        44.49995053392472    
    46.50000000000000        35.69371667460855        59.73187533276180        3573.674005882624        214150.8155678832        274.8317680904842        43.49995214587756    
    47.50000000000000        38.72570113654217        60.29900540158332        3641.630503726664        220267.8761995874        274.8341829313445        42.49995370529779    
    48.50000000000000        42.05009706303846        60.85786887222785        3709.221643251893        226408.4783719340        274.8365217386088        41.49995521561748    
    49.50000000000000        45.69502312319767        61.40805231621410        3776.369207617946        232563.9953213095        274.8387894075458        40.49995667999783    
    50.50000000000000        49.69013467143874        61.94913828751675        3842.993052233777        238725.3992872524        274.8409904558848        39.49995810135630    
    51.50000000000000        54.06707028873383        62.48071681315684        3909.012640388419        244883.4106473830        274.8431290608125        38.49995948239039    
    52.50000000000000        58.85856947747804        63.00237255974207        3974.345577291469        251028.3707348460        274.8452090917592        37.49996082559887    
    53.50000000000000        64.09851098704638        63.51370133975348        4038.909700007753        257150.4376221652        274.8472341395245        36.49996213330056    
    54.50000000000000        69.82151534522858        64.01430441865675        4102.622478866481        263239.5377134355        274.8492075422149        35.49996340765113    
    55.50000000000000        76.06182728752427        64.50378281344825        4165.400417866573        269285.3197526456        274.8511324083956        34.49996465065799    
    56.50000000000000        82.85280736545350        64.98174177740762        4227.159681922541        275277.2188779578        274.8530116378029        33.49996586419373    
    57.50000000000000        90.22552518380286        65.44779684531953        4287.817124659182        281204.5803650310        274.8548479399147        32.49996705000802    
    58.50000000000000        98.20891652335568        65.90160507459304        4347.294496123027        287057.0857579811        274.8566438506380        31.49996820973850    
    59.50000000000000        106.8264156625464        66.34282350419416        4405.513230838814        292824.2638661491        274.8584017473339        30.49996934492038    
    60.50000000000000        116.0967539205541        66.77115058153987        4462.399997463331        298496.0504951414        274.8601238623750        29.49997045699527    
    61.50000000000000        126.0301663736518        67.18629066106425        4517.882228298757        304062.3699577074        274.8618122954047        28.49997154731907    
    62.50000000000000        136.6283109357038        67.58797427560906        4571.890879264829        309513.4191954639        274.8634690244412        27.49997261716910    
    63.50000000000000        147.8808546930210        67.97595128449167        4624.359728997830        314839.6234245527        274.8650959159600        26.49997366775067    
    64.50000000000000        159.7656220520416        68.34999805213658        4675.226516322867        320031.7722332168        274.8666947340632        25.49997470020301    
    65.50000000000000        172.2447494239718        68.70992404499208        4724.434011045932        325081.1512288193        274.8682671488368        24.49997571560458    
    66.50000000000000        185.2644703848259        69.05555398387121        4771.927799626195        329979.3427289752        274.8698147439824        23.49997671497810    
    67.50000000000000        198.7547945869492        69.38675684956651        4817.660335749132        334718.6554090448        274.8713390238011        22.49997769929501    
    68.50000000000000        212.6272107879468        69.70341996198064        4861.587553240700        339291.7983232737        274.8728414195963        21.49997866947957    
    69.50000000000000        226.7760760913235        70.00546376741173        4903.671017839783        343692.1207159872        274.8743232955568        20.49997962641275    
    70.50000000000000        241.0775585357165        70.29282469115996        4943.875604484270        347913.3811978925        274.8757859541740        19.49998057093565    
    71.50000000000000        255.3918805013620        70.56545403620891        4982.169430191037        351949.7549572181        274.8772306412404        18.49998150385276    
    72.50000000000000        269.5626583914208        70.82329789107096        5018.520988670308        355795.5321237581        274.8786585504722        17.49998242593493    
    73.50000000000000        283.4206721417024        71.06632861407276        5052.903685985581        359445.6128411469        274.8800708277946        16.49998333792219    
    74.50000000000000        296.7880089481259        71.29451286575363        5085.291366139506        362895.0422486710        274.8814685753241        15.49998424052621    
    75.50000000000000        309.4783483880851        71.50784995856355        5115.663801492391        366139.6047180424        274.8828528550782        14.49998513443282    
    76.50000000000000        321.3071002054417        71.70631969907141        5143.999268069036        369175.0352728483        274.8842246924406        13.49998602030419    
    77.50000000000000        332.0892798581199        71.88993327904572        5170.281870228293        371997.8145245874        274.8855850794072        12.49998689878088    
    78.50000000000000        341.6531424769943        72.05868657429076        5194.494814620631        374604.4457867272        274.8869349776359        11.49998777048391    
    79.50000000000000        349.8370578496409        72.21259517748597        5216.625464846562        376992.0057208019        274.8882753213205        10.49998863601655    
    80.50000000000000        356.4990240436767        72.35168019239467        5236.663310280467        379157.9297225173        274.8896070199080        9.499989495966082    
    81.50000000000000        361.5238859319159        72.47594645398786        5254.596796346151        381099.6687799702        274.8909309606778        8.499990350905465    
    82.50000000000000        364.8192145787354        72.58541785941010        5270.418457545696        382815.2516386671        274.8922480111966        7.499991201394960    
    83.50000000000000        366.3276646596138        72.68009587318522        5284.118883952626        384302.6289833123        274.8935590216659        6.499992047983561    
    84.50000000000000        366.0233127965537        72.75999368912599        5295.691645129584        385560.2080225730        274.8948648271760        5.499992891210552    
    85.50000000000000        363.9129246709630        72.82511775010198        5305.130649430806        386586.5712232159        274.8961662498779        4.499993731606851    
    86.50000000000000        360.0415908532034        72.87545269050342        5312.427953108952        387380.2387408590        274.8974641010869        3.499994569696344    
    87.50000000000000        354.4825205092285        72.91099832267223        5317.579095250790        387940.2469530173        274.8987591833286        2.499995405997278    
    88.50000000000000        347.3375722285915        72.93174270248277        5320.579202108919        388265.7265940513        274.9000522923393        1.499996241023515    
    89.50000000000000        338.7388052459643        72.93766446998252        5321.423325381874        388355.9402210073        274.9013442190304       0.4999970752857631    
    90.50000000000000        328.8364168912841        72.92874361712128        5320.108012518894        388210.4543824471        274.9026357514278      -0.5000020907070976    
    91.50000000000000        317.7958663178106        72.90496444423609        5316.631754524608        387829.1905687331        274.9039276765965       -1.500001256446806    
    92.50000000000000        305.7972670879646        72.86630024370480        5310.992753912055        387212.1810000049        274.9052207825602       -2.500000421424522    
    93.50000000000000        293.0241878768750        72.81272962201940        5303.191325505125        386359.8331257043        274.9065158602256       -3.499999585129506    
    94.50000000000000        279.6605393225472        72.74423905668527        5293.230255002735        385272.9664666987        274.9078137053219       -4.499998747047904    
    95.50000000000000        265.8876299110338        72.66079466178380        5281.110625448273        383952.3484685558        274.9091151203656       -5.499997906661523    
    96.50000000000000        251.8776115118619        72.56238313153317        5266.837919224049        382399.3757328676        274.9104209166600       -6.499997063446449    
    97.50000000000000        237.7913598366124        72.44901360106961        5250.422270465754        380616.0978835276        274.9117319163421       -7.499996216871795    
    98.50000000000000        223.7767140018126        72.32069359477130        5231.874910626877        378604.8213399337        274.9130489544852       -8.499995366398304    
    99.50000000000000        209.9638134763501        72.17743644396636        5211.209231366370        376368.2212581070        274.9143728812718       -9.499994511477006    
    100.5000000000000        196.4660358332350        72.01927511188147        5188.442796217877        373909.5588855701        274.9157045642467       -10.49999365154767    
    101.5000000000000        183.3796508214146        71.84625101545741        5163.595697952565        371232.4975836520        274.9170448906644       -11.49999278603735    
    102.5000000000000        170.7825039134513        71.65842648451395        5136.692330212785        368341.2887356832        274.9183947699447       -12.49999191435882    
    103.5000000000000        158.7350620936577        71.45588568096454        5107.761461487104        365240.7701112727        274.9197551362508       -13.49999103590885    
    104.5000000000000        147.2820401405035        71.23871159154346        5076.832827868311        361935.9838846932        274.9211269512074       -14.49999015006646    
    105.5000000000000        136.4515511676189        71.00696904974521        5043.934528927091        358431.8739063959        274.9225112067735       -15.49998925619113    
    106.5000000000000        126.2594794616532        70.76074937208909        5009.099563439415        354734.0007467135        274.9239089282931       -16.49998835362075    
    107.5000000000000        116.7105556026516        70.50019198921071        4972.369000616571        350848.8871461497        274.9253211777401       -17.49998744166954    
    108.5000000000000        107.8000595771622        70.22544870928583        4933.786612001301        346783.4095015772        274.9267490571838       -18.49998651962589    
    109.5000000000000        99.51449142872450        69.93668838140694        4893.399478530147        342544.8526105802        274.9281937124985       -19.49998558674985    
    110.5000000000000        91.83434695250735        69.63408778870011        4851.256535851125        338140.7333955885        274.9296563373451       -20.49998464227061    
    111.5000000000000        84.73465765031480        69.31781794271276        4807.406493438642        333578.5608479838        274.9311381774565       -21.49998368538380    
    112.5000000000000        78.18680917822499        68.98804044258489        4761.897294176149        328865.7722181672        274.9326405352601       -22.49998271524838    
    113.5000000000000        72.15985981445229        68.64497159298919        4714.785318741188        324010.7218714796        274.9341647748756       -23.49998173098346    
    114.5000000000000        66.62195488994651        68.28884085301596        4666.129234416893        319021.9954606851        274.9357123275319       -24.49998073166490    
    115.5000000000000        61.54011133314412        67.91987941760688        4615.988270676323        313908.2118380311        274.9372846974501       -25.49997971632132    
    116.5000000000000        56.88155919821471        67.53830955128259        4564.420672683535        308677.8517618008        274.9388834682459       -26.49997868393020    
    117.5000000000000        52.61422503541931        67.14434059320369        4511.483040895205        303339.1751694057        274.9405103099127       -27.49997763341309    
    118.5000000000000        48.70738125964093        66.73821490603974        4457.236803262141        297900.9033505132        274.9421669864533       -28.49997656363095    
    119.5000000000000        45.13169832587376        66.32019092481052        4401.745697765793        292371.9369119604        274.9438553642360       -29.49997547337864    
    120.5000000000000        41.85924118793377        65.89052326825137        4345.072860422573        286761.0346607873        274.9455774211643       -30.49997436137890    
    121.5000000000000        38.86369337526805        65.44944908760102        4287.278904442089        281076.6089174884        274.9473352567576       -31.49997322627605    
    122.5000000000000        36.12075122943325        64.99721970548381        4228.426230054963        275327.1651174286        274.9491311032556       -32.49997206662866    
    123.5000000000000        33.60796001892011        64.53411448855357        4168.580829374388        269521.4768609868        274.9509673378759       -33.49997088090166    
    124.5000000000000        31.30453774551467        64.06039810805432        4107.806485040534        263667.9929274107        274.9528464963707       -34.49996966745764    
    125.5000000000000        29.19135514409015        63.57632806550433        4046.165580978923        257774.8984693635        274.9547712880515       -35.49996842454717    
    126.5000000000000        27.25104420493359        63.08217617653983        3983.721982053532        251850.4049481809        274.9567446124744       -36.49996715029783    
    127.5000000000000        25.46772048772109        62.57823671763796        3920.542042406934        245902.8436432752        274.9587695780104       -37.49996584270251    
    128.5000000000000        23.82690144922200        62.06478626209601        3856.689241091509        239940.1278797010        274.9608495225557       -38.49996449960581    
    129.5000000000000        22.31549069175629        61.54209989403011        3792.226167307926        233969.9354247796        274.9629880366822       -39.49996311868919    
    130.5000000000000        20.92166688675178        61.01047259091843        3727.217273063901        227999.9761466297        274.9651889895737       -40.49996169745419    
    131.5000000000000        19.63475714258322        60.47020750636802        3661.727307263907        222037.8369023846        274.9674565581490       -41.49996023320367    
    132.5000000000000        18.44504881731806        59.92161159239969        3595.820606841457        216090.9010375000        274.9697952598466       -42.49995872302056    
    133.5000000000000        17.34379396477941        59.36499498208342        3529.560863737382        210166.3146551900        274.9722099896184       -43.49995716374406    
    134.5000000000000        16.32304068859836        58.80066717163117        3463.010742822404        204270.9621495725        274.9747060617860       -44.49995555194254    
    135.5000000000000        15.37569218509304        58.22895777355834        3396.234315475847        198411.6840823673        274.9772892575205       -45.49995388388292    
    136.5000000000000        14.49535281273911        57.65021347079393        3329.296486445208        192595.2093224344        274.9799658788550       -46.49995215549580    
    137.5000000000000        13.67618808467087        57.06477115584560        3262.259706103328        186827.8570205255        274.9827428103059       -47.49995036233564    
    138.5000000000000        12.91295240812373        56.47295814362055        3195.183896304949        181115.5261230448        274.9856275893861       -48.49994849953522    
    139.5000000000000        12.20088380925487        55.87513223416135        3128.131289587795        175464.1397839100        274.9886284875489       -49.49994656175343    
    140.5000000000000        11.53574410165282        55.27165685364301        3061.163333719223        169879.3621727779        274.9917546034112       -50.49994454311504    
    141.5000000000000        10.91361426889399        54.66290451315703        2994.340906448471        164366.6069230106        274.9950159704907       -51.49994243714104    
    142.5000000000000        10.33097961715586        54.04921781722318        2927.719965829743        158930.6784489354        274.9984236821638       -52.49994023666815    
    143.5000000000000        9.784642589256730        53.43096897840313        2861.357934497815        153576.2938798376        275.0019900371524       -53.49993793375473    
    144.5000000000000        9.271782495788111        52.80851178585547        2795.308855830761        148307.7249293631        275.0057287095826       -54.49993551957093    
    145.5000000000000        8.789770535601296        52.18227338373500        2729.632595160186        143129.4956817213        275.0096549486070       -55.49993298426990    
    146.5000000000000        8.336325063109467        51.55259672568518        2664.378585974966        138045.1298339374        275.0137858137637       -56.49993031683584    
    147.5000000000000        7.909275513199399        50.91994755815890        2599.606845386821        133058.7615059036        275.0181404537735       -57.49992750490375    
    148.5000000000000        7.506695498667394        50.28467356273292        2535.363463289610        128173.2693276659        275.0227404384261       -58.49992453454539    
    149.5000000000000        7.126768001376244        49.64720759713671        2471.700999956910        123391.8238692349        275.0276101557420       -59.49992139001269    
    150.5000000000000        6.767849348763089        49.00795771770765        2408.667710729236        118717.1049565443        275.0327772898978       -60.49991805342903    
    151.5000000000000        6.428471647902130        48.36735261924517        2346.311869224746        114151.6187376057        275.0382733997531       -61.49991450441592    
    152.5000000000000        6.107220595617893        47.72583194667659        2284.680875371100        109697.6447104432        275.0441346235868       -62.49991071963773    
    153.5000000000000        5.802984588492516        47.08381679707931        2223.817930973979        105356.9683379201        275.0504025433794       -63.49990667224360    
    154.5000000000000        5.514480152515819        46.44170544388318        2163.762254223750        101130.9524888682        275.0571252524401       -64.49990233117813    
    155.5000000000000        5.240782414056318        45.79994510961353        2104.555011911915        97020.90774609004        275.0643586844755       -65.49989766032321    
    156.5000000000000        4.980783791180202        45.15888379879967        2046.226404026284        93027.26243509006        275.0721682819738       -66.49989261742034    
    157.5000000000000        4.733704481304250        44.51892581694774        1988.809696830504        89150.52134052360        275.0806311094694       -67.49988715270645    
    158.5000000000000        4.498694334184209        43.88039145320513        1932.328752148101        85390.44352043894        275.0898385565274       -68.49988120716822    
    159.5000000000000        4.275041428136142        43.24366197542192        1876.811214189157        81746.95208732433        275.0998998318105       -69.49987471028581    
    160.5000000000000        4.062119832238314        42.60911334656564        1822.282434578838        78219.72437357329        275.1109465321994       -70.49986757708261    
    161.5000000000000        3.859297474463093        41.97708053959720        1768.762461843558        74808.00880044483        275.1231386937270       -71.49985970421761    
    162.5000000000000        3.666123338333218        41.34794057945200        1716.273208070431        71511.09779123269        275.1366729170308       -72.49985096473863    
    163.5000000000000        3.482038166280085        40.72199664279334        1664.828597680398        68327.70607810003        275.1517934473821       -73.49984120092742    
    164.5000000000000        3.306640311693627        40.09963947323573        1614.448184581280        65256.84177187438        275.1688075435519       -74.49983021437518    
    165.5000000000000        3.139519486067688        39.48117152549680        1565.142452681922        62296.89144497117        275.1881072058685       -75.49981775195165    
    166.5000000000000        2.980275545461786        38.86696279631396        1516.926009907736        59446.46436621121        275.2102005606143       -76.49980348553871    
    167.5000000000000        2.828614788313098        38.25734780687446        1469.808884314526        56703.84785316885        275.2357583079109       -77.49978698203621    
    168.5000000000000        2.684206592503873        37.65267274382021        1423.800574946379        54067.27484075945        275.2656844013827       -78.49976765771980    
    169.5000000000000        2.546690703552684        37.05331506557294        1378.911545200450        51535.01393381483        275.3012271124737       -79.49974470651946    
    170.5000000000000        2.415793122062432        36.45961695505434        1335.148063036796        49105.07462929591        275.3441602329170       -80.49971698300382    
    171.5000000000000        2.291241911414947        35.87188915307745        1292.512738660112        46775.25784558175        275.3970921676299       -81.49968280277344    
    172.5000000000000        2.172762197791462        35.29050017007664        1251.011262315489        44543.54180294366        275.4640222603952       -82.49963958318884    
    173.5000000000000        2.060078671925229        34.71571747465921        1210.640758061535        42407.44402727957        275.5514105399580       -83.49958315251702    
    174.5000000000000        1.952946853167141        34.14784673136822        1171.399788350410        40364.56689855133        275.6704141244372       -84.49950630558216    
    175.5000000000000        1.851097915607309        33.58715327655880        1133.283333308897        38412.36117055104        275.8421042810749       -85.49939543420653    
    176.5000000000000        1.754307168809969        33.03385906154553        1096.282323354266        36548.09122668217        276.1116214358267       -86.49922138396640    
    177.5000000000000        1.662369303535331        32.48820499988727        1060.388363451822        34769.10362267376        276.5962652305153       -87.49890838506299    
    178.5000000000000        1.575050478383226        31.95035417254798        1025.587154521186        33072.49255042653        277.7254679885145       -88.49817893764438    
    179.5000000000000        1.492181688264210        31.42049293364320        991.8653902090346        31455.45549672585        283.3199636266307       -89.49455698392073    
    180.5000000000000        1.413498842574149        30.89877444084611        959.2078431951780        29915.18819373773        86.48419260662546       -89.49454707394239    
    181.5000000000000        1.338879638701163        30.38541199213707        927.6021369649102        28449.05082995752        92.07854082848922       -88.49816893190160    
    182.5000000000000        1.268114568619427        29.88051456427725        897.0294780595964        27054.19023285457        93.20773154545223       -87.49889837153853    
    183.5000000000000        1.201034583605863        29.38421981056684        867.4726979037232        25727.89592188346        93.69237201612661       -86.49921136829482    
    184.5000000000000        1.137482336825437        28.89662051735679        838.9118250848429        24467.40161387271        93.96188780214456       -85.49938541765094    
    185.5000000000000        1.077291574250059        28.41783265315380        811.3284667019973        23270.09393179876        94.13357726574878       -84.49949628857902    
    186.5000000000000        1.020311144057262        27.94795427259103        784.7030001279787        22133.36970757414        94.25258045157669       -83.49957313525653    
    187.5000000000000       0.9664024109759110        27.48706498114801        759.0149901426598        21054.67149950323        94.33996848100357       -82.49962956576677    
    188.5000000000000       0.9154034669584368        27.03521398266525        734.2425281961551        20031.45817125578        94.40689840659209       -81.49967278524338    
    189.5000000000000       0.8671791174788684        26.59243887239507        710.3633259115805        19061.24979445084        94.45983022408204       -80.49970696539812    
    190.5000000000000       0.8216049169670208        26.15878588554430        687.3559058730931        18141.67773985361        94.50276325916987       -79.49973468885862    
    191.5000000000000       0.7785453150532403        25.73426486493237        665.1973152993615        17270.39490709330        94.53830590618836       -78.49975764001756    
    192.5000000000000       0.7378829769115906        25.31891403152652        643.8663442607165        16445.19275393418        94.56823195034180       -77.49977696430211    
    193.5000000000000       0.6994898317444981        24.91268541395573        623.3380160806093        15663.80036189488        94.59378965886974       -76.49979346777960    
    194.5000000000000       0.6632403141664220        24.51561511355161        603.5919864890438        14924.19252066600        94.61588298258935       -75.49980773417249    
    195.5000000000000       0.6290419068188001        24.12761068917852        584.6020715827873        14224.19921238772        94.63518261969062       -74.49982019657975    
    196.5000000000000       0.5967740082030881        23.74866322543620        566.3468337956006        13561.89989122750        94.65219669509111       -73.49983118311859    
    197.5000000000000       0.5663349715728919        23.37869033082030        548.8018562404682        12935.33435776373        94.66731720813270       -72.49984094691861    
    198.5000000000000       0.5376384793508762        23.01763011383672        531.9444370300632        12342.67588748015        94.68085141685908       -71.49984968638819    
    199.5000000000000       0.5105688403758549        22.66541400769484        515.7522192112143        11782.17602355615        94.69304356599596       -70.49985755924519    
    200.5000000000000       0.4850629994642429        22.32195078457778        500.2023896319864        11252.13186582315        94.70409025576481       -69.49986469244153    
    201.5000000000000       0.4610142113737734        21.98712524878354        485.2718915748755        10750.89955442287        94.71415152187708       -68.49987118931801    
    202.5000000000000       0.4383503873275872        21.66089663543767        470.9415624227100        10277.02149472389        94.72335896096160       -67.49987713485109    
    203.5000000000000       0.4169944969092327        21.34307927603655        457.1866151127744        9828.913229442331        94.73182178148201       -66.49988259956049    
    204.5000000000000       0.3968688907704268        21.03362850910557        443.9891228352760        9405.270500401242        94.73963137284377       -65.49988764245940    
    205.5000000000000       0.3779039319552446        20.73238850371033        431.3270360233041        9004.706810306379        94.74686479945244       -64.49989231331084    
    206.5000000000000       0.3600378605460884        20.43924887604810        419.1808964255471        8625.967513158119        94.75358750369134       -63.49989665437316    
    207.5000000000000       0.3432017730672945        20.15406929065789        407.5307831935660        8267.834472432198        94.75985541918064       -62.49990070176450    
    208.5000000000000       0.3273400203392006        19.87673732029041        396.3584725874956        7929.183263627020        94.76571663915826       -61.49990448654021    
    209.5000000000000       0.3123916329260260        19.60708958935475        385.6444120501012        7608.894521101990        94.77121274554527       -60.49990803555109    
    210.5000000000000       0.2983063784200915        19.34502894983978        375.3723439917777        7305.988547453664        94.77637987657046       -59.49991137213272    
    211.5000000000000       0.2850305165106461        19.09039134826230        365.5239654506540        7019.462405154187        94.78124959105148       -58.49991451666360    
    212.5000000000000       0.2725168707865225        18.84305065660837        356.0831029170316        6748.412925892932        94.78584957312918       -57.49991748702030    
    213.5000000000000       0.2607203213874858        18.60285961446734        347.0333397831826        6491.963381554115        94.79020421079350       -56.49992029895087    
    214.5000000000000       0.2495991225169578        18.36968502059959        338.3593974413170        6249.302464069619        94.79433507380811       -55.49992296638354    
    215.5000000000000       0.2391105379745819        18.14337712601650        330.0459225378585        6019.646721008819        94.79826131087125       -54.49992550168330    
    216.5000000000000       0.2292181787639361        17.92379839922276        322.0785739307244        5802.269848136807        94.80199998150168       -53.49992791586593    
    217.5000000000000       0.2198846862955644        17.71079373234340        314.4428720850534        5596.468046102407        94.80556633483488       -52.49993021877830    
    218.5000000000000       0.2110779857618855        17.50422706755167        307.1255687202637        5401.597114758357        94.80897404498253       -51.49993241925021    
    219.5000000000000       0.2027676290020150        17.30395242928343        300.1135196795694        5217.038506398485        94.81223541065334       -50.49993452522329    
    220.5000000000000       0.1949242727756005        17.10983601057072        293.3945074635590        5042.221145887030        94.81536152521272       -49.49993654386084    
    221.5000000000000       0.1875212346472373        16.92173977166312        286.9565794768786        4876.600609363078        94.81836242216809       -48.49993848164185    
    222.5000000000000       0.1805321907766650        16.73952681076578        280.7882682244885        4719.664832405673        94.82124720012774       -47.49994034444154    
    223.5000000000000       0.1739333354611031        16.56306590580336        274.8786994710631        4570.934730360076        94.82402413053718       -46.49994213760102    
    224.5000000000000       0.1677016272857330        16.39222782003530        269.2174544451519        4429.959526962061        94.82670075090232       -45.49994386598753    
    225.5000000000000       0.1618166894915649        16.22689081610326        263.7947363258650        4296.319722572276        94.82928394573329       -44.49994553404656    
    226.5000000000000       0.1562579441851128        16.06693355642256        258.6011135493957        4169.619433128566        94.83178001705788       -43.49994714584754    
    227.5000000000000       0.1510077514106522        15.91223998375482        253.6276507383021        4049.488229921183        94.83419474604223       -42.49994870512353    
    228.5000000000000       0.1460471452393381        15.76269254087405        248.8656888845354        3935.575200231106        94.83653344700326       -41.49995021530617    
    229.5000000000000       0.1413609886251052        15.61818026671038        244.3070715672834        3827.552993322548        94.83880101488924       -40.49995167955625    
    230.5000000000000       0.1369321404157207        15.47858715795678        239.9437791410753        3725.108701069370        94.84100196713480       -39.49995310079082    
    231.5000000000000       0.1327470521238338        15.34380735630240        235.7683774126675        3627.953256852823        94.84314048065576       -38.49995448170704    
    232.5000000000000       0.1287914814170424        15.21372818858162        231.7734806972640        3535.808248516129        94.84522042463269       -37.49995582480340    
    233.5000000000000       0.1250529549257166        15.08824998470294        227.9523579394372        3448.419431266021        94.84724538963499       -36.49995713239836    
    234.5000000000000       0.1215195528609982        14.96727054944111        224.2984231923310        3365.543829691946        94.84921871355655       -35.49995840664734    
    235.5000000000000       0.1181803391683446        14.85069350471266        220.8054984080967        3286.955642442512        94.85114350476599       -34.49995964955757    
    236.5000000000000       0.1150247942926208        14.73842650239517        217.4677286073251        3212.443263606920        94.85302266281755       -33.49996086300127    
    237.5000000000000       0.1120435135695944        14.63037964873539        214.2795312135778        3141.807808138649        94.85485889702079       -32.49996204872799    
    238.5000000000000       0.1092275530906502        14.52646719577807        211.2356342924957        3074.863421486305        94.85665474312633       -31.49996320837516    
    239.5000000000000       0.1065683135076279        14.42660682872691        208.3310407163491        3011.435914684760        94.85841257835024       -30.49996434347776    
    240.5000000000000       0.1040581252854866        14.33071932119918        205.5610124077618        2951.362082167096        94.86013463493093       -29.49996545547725    
    241.5000000000000       0.1016894716277265        14.23872783518020        202.9210372093743        2894.488489740979        94.86182301238632       -28.49996654572939    
    242.5000000000000       0.9945527361886215E-01    14.15055848366434        200.4068370129031        2840.671294710299        94.86347968861884       -27.49996761551130    
    243.5000000000000       0.9734910232494670E-01    14.06613998597739        198.0143508151355        2789.775561418230        94.86510652999578       -26.49996866602820    
    244.5000000000000       0.9536477710784750E-01    13.98540402776216        195.7397354587442        2741.674916266759        94.86670530051886       -25.49996969841921    
    245.5000000000000       0.9349653843410025E-01    13.90828466051505        193.5793421596091        2696.250772653123        94.86827767018063       -24.49997071376259    
    246.5000000000000       0.9173899635716852E-01    13.83471999616659        191.5297564243467        2653.392881248111        94.86982522259599       -23.49997171308098    
    247.5000000000000       0.9008737100600609E-01    13.76464976627236        189.5877229962268        2612.997493790352        94.87134946198519       -22.49997269734578    
    248.5000000000000       0.8853691783394780E-01    13.69801821393988        187.7502201718120        2574.968679869511        94.87285181957650       -21.49997366748105    
    249.5000000000000       0.8708349502859571E-01    13.63477090158835        186.0143651896969        2539.216134532346        94.87433365948907       -20.49997462436772    
    250.5000000000000       0.8572306673470177E-01    13.57485721671006        184.3774775597664        2505.656281128013        94.87579628414953       -19.49997556884686    
    251.5000000000000       0.8445212650336940E-01    13.51822909034934        182.8370389531276        2474.211263056688        94.87724093929022       -18.49997650172278    
    252.5000000000000       0.8326708729222155E-01    13.46484079155349        181.3906821876842        2444.808534274743        94.87866881857164       -17.49997742376632    
    253.5000000000000       0.8216494305783934E-01    13.41464969633838        180.0362082423374        2417.381061032915        94.88008106786764       -16.49997833571745    
    254.5000000000000       0.8114281607597105E-01    13.36761535903942        178.7715564838867        2391.866562514557        94.88147878924710       -15.49997923828773    
    255.5000000000000       0.8019793914106403E-01    13.32370008754700        177.5948163153042        2368.207614117857        94.88286304468359       -14.49998013216296    
    256.5000000000000       0.7932796458684916E-01    13.28286881993403        176.5042204968117        2346.351395699441        94.88423485952050       -13.49998101800530    
    257.5000000000000       0.7853059359106624E-01    13.24508875992178        175.4981317270808        2326.249304122325        94.88559522571688       -12.49998189645519    
    258.5000000000000       0.7780378723923851E-01    13.21032950148965        174.5750431461090        2307.856867065233        94.88694510489678       -11.49998276813363    
    259.5000000000000       0.7714579060995535E-01    13.17856342833618        173.7335861945106        2291.133808657482        94.88828543122337       -10.49998363364392    
    260.5000000000000       0.7655483021523391E-01    13.14976532768123        172.9725175298717        2276.043700666789        94.88961711411613       -9.499984493573189    
    261.5000000000000       0.7602945374752666E-01    13.12391201228690        172.2907069654737        2262.553653822380        94.89094104082942       -8.499985348494432    
    262.5000000000000       0.7556838356393103E-01    13.10098298219458        171.6871528260468        2250.634554867012        94.89225807890780       -7.499986198967906    
    263.5000000000000       0.7517043492722432E-01    13.08096000265423        171.1609689212888        2240.260749405755        94.89356907853356       -6.499987045542511    
    264.5000000000000       0.7483467952649139E-01    13.06382693825144        170.7113785364477        2231.409871700046        94.89487487478002       -5.499987888757539    
    265.5000000000000       0.7456027103463399E-01    13.04957015534632        170.3377237993017        2224.062989221942        94.89617628978387       -4.499988729143934    
    266.5000000000000       0.7434651295486945E-01    13.03817852135780        170.0394641959521        2218.204530783478        94.89747413484848       -3.499989567225490    
    267.5000000000000       0.7419292414840407E-01    13.02964286465025        169.8161615666943        2213.821963643383        94.89876921249015       -2.499990403520478    
    268.5000000000000       0.7409909484808196E-01    13.02395643281069        169.6674912826813        2210.905987950105        94.90006231843806       -1.499991238542790    
    269.5000000000000       0.7405014499992467E-01    13.02111841166670        169.5933343312232        2209.452337912221        94.90135424359892      -0.4999920728030513    
    270.5000000000000       0.7408986708369864E-01    13.02111550579074        169.5932920574049        2209.452187104092        94.90264577599631       0.5000070931898221    
    271.5000000000000       0.7417450004886082E-01    13.02395875955017        169.6676552406852        2210.911279670562        94.90393770269526        1.500006258927531    
    272.5000000000000       0.7431885004150342E-01    13.02964675158665        169.8164352023269        2213.830796192901        94.90523081172178        2.500005423901309    
    273.5000000000000       0.7452334375943409E-01    13.03818382741153        170.0398440275173        2218.216844524603        94.90652589398725        3.500004587600372    
    274.5000000000000       0.7478846298205422E-01    13.04957677087912        170.3382072372109        2224.078745265936        94.90782374522796        4.500003749510820    
    275.5000000000000       0.7511485657471252E-01    13.06383470214522        170.7119617250588        2231.429009802718        94.90912516796972        5.500002909114522    
    276.5000000000000       0.7550337519276673E-01    13.08096876837425        171.1616484771994        2240.283222308252        94.91043097352785        6.500002065887512    
    277.5000000000000       0.7595491382548715E-01    13.10099254347262        171.6879239498403        2250.660292423549        94.91174198405348        7.500001219298834    
    278.5000000000000       0.7642753691278426E-01    13.12400199405970        172.2936566022829        2262.623706295336        94.91305903463693        8.500000368809326    
    279.5000000000000       0.7705148356985918E-01    13.14977535780731        172.9734443809929        2276.075513285098        94.91438297548008        9.499999513869907    
    280.5000000000000       0.7769914084517482E-01    13.17857304781329        173.7345752589246        2291.168402861058        94.91571467414978        10.49999865392029    
    281.5000000000000       0.7841511198726247E-01    13.21033832544429        174.5760852719671        2307.894102466681        94.91705501792543        11.49999778838761    
    282.5000000000000       0.7920128176656682E-01    13.24509639081289        175.4992174520562        2326.289037036935        94.91840491625447        12.49999691668453    
    283.5000000000000       0.8005964448218078E-01    13.28287528268813        176.5053517688230        2346.393716120190        94.91976530333093        13.49999603820773    
    284.5000000000000       0.8099234063499017E-01    13.32370562820806        177.5960010539962        2368.252735751315        94.92113714081293        14.49999515233631    
    285.5000000000000       0.8200181088958335E-01    13.36762030017720        178.7728046868101        2391.914744235978        94.92252142069678        15.49999425842963    
    286.5000000000000       0.8309072047586996E-01    13.41465462735392        180.0375373612266        2417.432720704561        94.92391916836648        16.49999335582548    
    287.5000000000000       0.8426199758599479E-01    13.46484671382597        181.3921209265647        2444.864323531598        94.92533144583989        17.49999244383816    
    288.5000000000000       0.8551881623092315E-01    13.51823730740480        182.8386244227925        2474.272012227406        94.92675935523390        18.49999152175588    
    289.5000000000000       0.8686463877926187E-01    13.57486943686882        184.3792584658238        2505.723072791328        94.92820404247426        19.49999058883863    
    290.5000000000000       0.8830319477975184E-01    13.63478871423910        186.0163875461587        2539.290011322627        94.92966670127768        20.49998964431562    
    291.5000000000000       0.8983858635802950E-01    13.69804347847164        187.7525382259550        2575.050875037650        94.93114857743713        21.49998868738233    
    292.5000000000000       0.9147518927799339E-01    13.76468456555907        189.5903979860707        2613.089407034645        94.93265097344461        22.49998771719759    
    293.5000000000000       0.9321769232185250E-01    13.83476575582343        191.5328325164413        2653.495585885008        94.93417525348961        23.49998673288057    
    294.5000000000000       0.9507117507836767E-01    13.90834369811163        193.5828893129493        2696.365906324729        94.93572284887624        24.49998573350691    
    295.5000000000000       0.9704108369693227E-01    13.98547774985851        195.7437994804283        2741.803643791760        94.93729526390621        25.49998471810513    
    296.5000000000000       0.9913318599211856E-01    14.06623018460336        198.0189893330785        2789.919324863625        94.93889408228213        26.49998368565264    
    297.5000000000000       0.1013537302122884        14.15066632513759        200.4120915376585        2840.831235025084        94.94052097409087        27.49998263507089    
    298.5000000000000       0.1037093012452368        14.23885350727916        202.9269222221936        2894.665196008330        94.94217770343548        28.49998156522063    
    299.5000000000000       0.1062069235945194        14.33086252252382        205.5675293310484        2951.555893490621        94.94386613679242        29.49998047489664    
    300.5000000000000       0.1088540589504954        14.42676749284273        208.3381981420280        3011.647343809678        94.94558825218135        30.49997936282155    
    301.5000000000000       0.1116586123520373        14.52664447028052        211.2434188941768        3075.092533711741        94.94734614924656        31.49997822763939    
    302.5000000000000       0.1146291390268947        14.63057329700902        214.2879493524839        3142.055152835699        94.94914206036233        32.49997706790867    
    303.5000000000000       0.1177745938226867        14.73863605847394        217.4767788827355        3212.709207178886        94.95097836289126        33.49997588209413    
    304.5000000000000       0.1211045303998961        14.85091974405173        220.8152188435361        3287.241503262469        94.95285759274184        34.49997466855808    
    305.5000000000000       0.1246295813467554        14.96751514558905        224.3088804337697        3365.851627818176        94.95478245939394        35.49997342555093    
    306.5000000000000       0.1283609046928683        15.08851611924500        227.9636637939806        3448.752213590747        94.95675586258579        36.49997215120004    
    307.5000000000000       0.1323106066472167        15.21402110647487        231.7858177876485        3536.170893773609        94.95878091088477        37.49997084349797    
    308.5000000000000       0.1364917513419269        15.34413244626767        235.7819316677131        3628.350710152205        94.96086094239980        38.49996950028915    
    309.5000000000000       0.1409187594534431        15.47895525969206        239.9589157048344        3725.550349758291        94.96299954793321        39.49996811925468    
    310.5000000000000       0.1456068281429364        15.61859918678472        244.3240686533866        3828.046398672662        94.96520059691812        40.49996669789576    
    311.5000000000000       0.1505719301766484        15.76317398170184        248.8849536694634        3936.131156951677        94.96746826654459        41.49996523351496    
    312.5000000000000       0.1558319679922606        15.91279277151570        253.6495142885014        4050.116129322759        94.96980707454533        42.49996372319482    
    313.5000000000000       0.1614051346457368        16.06756614168807        258.6258979291817        4170.328566886956        94.97222191619325        43.49996216377406    
    314.5000000000000       0.1673115696833247        16.22760904481837        263.8226920961947        4297.118014205751        94.97471810615922        44.49996055182069    
    315.5000000000000       0.1735724248009850        16.39303753384361        269.2488378611326        4430.855241212411        94.97730142599603        45.49995888360111    
    316.5000000000000       0.1802095778381446        16.56397150817504        274.9137330854016        4571.935712110595        94.97997817815450        46.49995715504530    
    317.5000000000000       0.1872481038865706        16.74053843264242        280.8273801622206        4720.784533188535        94.98275524760851        47.49995536170725    
    318.5000000000000       0.1947124894725947        16.92286471330005        287.0001190897934        4877.851008836115        94.98564017237337        48.49995349871908    
    319.5000000000000       0.2026309804395209        17.11108656216433        293.4430067355972        5043.619343522477        94.98864122445511        49.49995156073886    
    320.5000000000000       0.2110314306173933        17.30533669511458        300.1673918301179        5218.599330818804        94.99176750308035        50.49994954189068    
    321.5000000000000       0.2199452845431875        17.50575115881083        307.1851509948290        5403.333363241222        94.99502904244017        51.49994743569466    
    322.5000000000000       0.2294046897400727        17.71247333410214        314.5088794504230        5598.403772559182        94.99843693665747        52.49994523498648    
    323.5000000000000       0.2394443570147409        17.92563268271666        322.1511241672910        5804.413073803420        95.00200348528277        53.49994293182351    
    324.5000000000000       0.2501063962181746        18.14540232340361        330.1265331219019        6022.045323061066        95.00574236336554        54.49994051737470    
    325.5000000000000       0.2614284279297786        18.37191144916488        338.4486590630976        6251.979725067557        95.00966882108915        55.49993798179185    
    326.5000000000000       0.2734612421738355        18.60532795902445        347.1330175976628        6494.976935721392        95.01379991914681        56.49993531405768    
    327.5000000000000       0.2862467244779360        18.84577316449325        356.1939252002635        6751.792372668377        95.01815480755737        57.49993250180556    
    328.5000000000000       0.2998403670900607        19.09340343036997        365.6476018194122        7023.266331086386        95.02275505757463        58.49992953110529    
    329.5000000000000       0.3142920076727434        19.34834105026484        375.5095242119573        7310.249408311178        95.02762505887607        59.49992638620672    
    330.5000000000000       0.3296651954345991        19.61075568288327        385.7976580691709        7613.700577240937        95.03279249752131        60.49992304923086    
    331.5000000000000       0.3460131373317398        19.88075735114570        396.5282415279559        7934.564302881270        95.03828893451872        61.49991949979633    
    332.5000000000000       0.3634150740894095        20.15853236824046        407.7212862688086        8273.940012514166        95.04415051060960        62.49991571456443    
    333.5000000000000       0.3819281342296497        20.44420478520680        419.3949499463480        8632.911948120682        95.05041881061061        63.49991166668066    
    334.5000000000000       0.4016450217395046        20.73795861860111        431.5705886297205        9012.708832427616        95.05714193111389        64.49990732508537    
    335.5000000000000       0.4226362853273049        21.03993523959341        444.2685448674435        9414.575991656178        95.06437580964702        65.49990265365552    
    336.5000000000000       0.4449918583678881        21.35023051375036        457.5077505593185        9839.755980283158        95.07218589317252        66.49989761012695    
    337.5000000000000       0.4688039479100668        21.66902848566980        471.3118141742956        10289.69946657920        95.08064925149772        67.49989214472970    
    338.5000000000000       0.4941673887567948        21.99636068801717        485.6981572008528        10765.69836766165        95.08985728044556        68.49988619844254    
    339.5000000000000       0.5211820812943634        22.33236529382323        500.6897683408645        11269.29016159849        95.09991919616304        69.49987970073599    
    340.5000000000000       0.5499546571159566        22.67709198117477        516.3061790775820        11801.94640853890        95.11096660455648        70.49987256662175    
    341.5000000000000       0.5806050500206751        23.03065147211148        532.5706317802471        12365.33394112275        95.12315955264440        71.49986469274491    
    342.5000000000000       0.6132491133480539        23.39309563760738        549.5040626154176        12961.09172474322        95.13669465457197        72.49985595213587    
    343.5000000000000       0.6480144811616738        23.76447493081584        567.1282566505579        13590.96121444435        95.15181617240799        73.49984618705486    
    344.5000000000000       0.6850320632607155        24.14480353465303        585.4636134747984        14256.68997399338        95.16883138607643        74.49983519906601    
    345.5000000000000       0.7244305928329466        24.53418252954803        604.5355225253934        14960.27964491915        95.18813232292355        75.49982273500453    
    346.5000000000000       0.7663637825905290        24.93261319256710        624.3653986042958        15703.66840255088        95.21022714429810        76.49980846670736    
    347.5000000000000       0.8109699816654581        25.34018942468502        644.9793429004625        16489.02227791839        95.23578659667405        77.49979196101515    
    348.5000000000000       0.8584600718668641        25.75690871264612        666.3997418635075        17318.46250164619        95.26571469625004        78.49977263412367    
    349.5000000000000       0.9089333509699870        26.18279562824796        688.6504191622120        18194.22386550972        95.30125980104336        79.49974967985234    
    350.5000000000000       0.9626575995040199        26.61789043646011        711.7569373710451        19118.70210477561        95.34419582608140        80.49972195261269    
    351.5000000000000        1.019786542093542        27.06220878382505        735.7439232205284        20094.33206192976        95.39713135807207        81.49968776777374    
    352.5000000000000        1.080544073857146        27.51568758689327        760.6323023572684        21123.48204084446        95.46406602043686        82.49964454234075    
    353.5000000000000        1.145170398323585        27.97837106070804        786.4491068757485        22208.84715852961        95.55146029545745        83.49958810400528    
    354.5000000000000        1.213858928719702        28.45012301959336        813.2119595510277        23352.82189086987        95.67047208869060        84.49951124659512    
    355.5000000000000        1.286887707144900        28.93089547026468        840.9433319867054        24558.07159770669        95.84217416512521        85.49940036004378    
    356.5000000000000        1.364538999527934        29.42062536841668        869.6651183702255        25827.31958744736        96.11171019206652        86.49922628585956    
    357.5000000000000        1.447084754597544        29.91913273744582        899.3926915492627        27163.08992604653        96.59638836965568        87.49891324358232    
    358.5000000000000        1.534798647991644        30.42636774771183        930.1489075874364        28568.30609288684        97.72567330168810        88.49818369368566    
    359.5000000000000        1.628016939688585        30.94215285547932        961.9489789598869        30045.62390313286        103.3206134635022        89.49456120557082    
