 # author: MA Kubiak / Space Research Center PAS Warsaw Poland, contact: mkubiak@cbk.waw.pl                          
 # code version Program.keplerV_ellipt_V2      , Dates: calkV:20/04/2026  ; part_pr:20/04/2026                       
 # czas no T v_mas, kier.naplywu(dl, szer) macierz obrotu (ecl to helio), r, theta, phi(ecl,spher), V_detector(ecl,cart), IBEX_energy_channel
 #     2026.095734000000        0.8088930000000000E-03     9480.000000000000        -11.28000000301609         251.5700000000000         11.95000000000000        0.2459841265748581        0.9692738567985851         0.000000000000000       -0.9615244635393438        0.2440174711049008        0.1261989691358298        0.1223213615382913       -0.3104294319752456E-01    0.9920049496797150        0.9766270000000000         135.6975640000000        0.5217000000000001E-02    -21.00900000000000        -21.20400000000000        0.4799999999999999E-01 00
 # routs_end= 150.00;    Maxwellian,    elliptOrb=Off                                                                                        
 # Numerical parameters: GridKl=10  GridKf=09  GridKV=05  epsV= 0.0000100  epssJon=.0010000                                                  
 # Numerical parameters: GridKl=10  GridKf=09  GridKV=05  epsV= 0.0000100  epssJon=.0010000; tessel128                                                                                                                                                                                                                                                                                                                                                                                                                                                                 
# Axis to the Sun: alpha_ecl= 311.7780000000000000 delta_Ecl= 0.0980000000000000 delta_Ax= 105.0000000000000000  repoint= 00147
 #  flag_atom: He                                                   
 #  flag_general:                                                   
 #                                                                  
 #                                                                  
  # Ly_a_Profil: zero                                               
  # flag_Itot: zero                                                 
 #  v_SW_Eqtr: speed3D.hybrid2026c_patched.dat                      
 #  n_SW_Eqtr: density3D.hybrid2026c_patched.dat                    
 #  phot_Eqtr: 0.8500000  phion_Helium_T12F107_2026c.dat            
 #  sigma_SW: p+He->H +He+, He + alpha (2 chnls);src:simuLosses.nb  
 #  flag_el:slow  swEqtrElectrons5.2026c.patched.dat                
 #  SW_lati: interpolation                                          
 #  phot_lati: analit pole-flattened after Pryor & Auchere          
 #
 #
 #
 #Spin  flux speed	speed^2 speed^3    long_ecl lat_ecl
   0.5000000000000000        14.72679869133530        31.48770513104366        996.3756727959171        31682.61616167122        133.6315270905314        74.89390923562654    
    1.500000000000000        15.70999373127215        32.01269280133049        1029.867399348665        33292.86218505427        137.3225849909028        74.82935846467775    
    2.500000000000000        16.77312365335151        32.54609860642149        1064.458037074799        34983.38471732925        140.9664899392388        74.70107433367474    
    3.500000000000000        17.92399565768860        33.08775845004335        1100.163246183997        36757.13046759757        144.5343933962727        74.51064099847916    
    4.500000000000000        19.17100894716096        33.63748498477398        1136.996740296172        38617.01089602835        148.0010014103574        74.26031515115356    
    5.500000000000000        20.52401149785129        34.19506961862010        1174.970309008133        40565.89908410177        151.3454175771544        73.95290077457352    
    6.500000000000000        21.99378985604629        34.76027173759324        1214.092996984330        42606.58203934054        154.5515512298677        73.59160791054009    
    7.500000000000000        23.59268275663535        35.33287159945262        1254.374606157567        44741.93378888599        157.6081211516824        73.17991005319776    
    8.500000000000000        25.33374534073583        35.91260132515259        1295.820868236230        46974.65962514033        160.5083356882291        72.72141205125187    
    9.500000000000000        27.23247369117351        36.49919814259585        1338.436839888565        49307.45554296446        163.2493535554673        72.21973649618377    
    10.50000000000000        29.30576484171969        37.09237938744902        1382.225298728136        51742.92801280190        165.8316288658225        71.67843256832563    
    11.50000000000000        31.57281236573111        37.69184285455729        1427.186633934902        54283.58127799066        168.2582270357557        71.10090796027279    
    12.50000000000000        34.05533210490803        38.29729179449610        1473.320341243512        56931.87234728551        170.5341742321441        70.49038214216705    
    13.50000000000000        36.77768016957396        38.90840934394935        1520.623068921692        59690.09633144311        172.6658788602399        69.84985788788076    
    14.50000000000000        39.76719864509454        39.52484262939402        1569.087297236612        62560.29840152220        174.6606433988584        69.18210746136594    
    15.50000000000000        43.05481342056154        40.14622731540686        1618.703190166928        65544.37428938797        176.5262701927230        68.48966991539562    
    16.50000000000000        46.67547355589934        40.77222421737967        1669.461147854133        68644.19423784208        178.2707554578255        67.77485634187315    
    17.50000000000000        50.66882579710179        41.40239501458689        1721.341728649347        71860.98082558383        179.9020607363697        67.03976044865750    
    18.50000000000000        55.07972741286806        42.03640342981208        1774.332261092439        75196.33429518733        181.4279491151110        66.28627239872891    
    19.50000000000000        59.95871824333400        42.67382804860193        1828.411036642328        78651.22052343465        182.8558735697173        65.51609436248211    
    20.50000000000000        65.36419071302886        43.31425900832435        1883.555444084986        82226.47841262103        184.1929059450253        64.73075667027331    
    21.50000000000000        71.36128187712282        43.95730648478099        1939.742592287759        85922.84278820459        185.4456967207794        63.93163380178484    
    22.50000000000000        78.02552947124897        44.60252739069654        1996.942969022593        89740.52547745383        186.6204574637944        63.11995971667524    
    23.50000000000000        85.44146415202053        45.24952872612215        2055.129330056564        93679.77773493841        187.7229595161728        62.29684222896707    
    24.50000000000000        93.70627893681325        45.89782417935550        2114.263575926676        97739.97528470207        188.7585439129176        61.46327626908145    
    25.50000000000000        102.9292180968284        46.54691039189870        2174.303523168366        101920.0626558665        189.7321387279004        60.62015597508714    
    26.50000000000000        113.2360907638911        47.19636294015461        2235.212305117453        106219.2290901033        190.6482810204083        59.76828561957396    
    27.50000000000000        124.7698874062396        47.84569802282049        2296.945098997413        110635.9454588298        191.5111413203026        58.90838941950142    
    28.50000000000000        137.6926294085492        48.49442793307365        2359.454151044838        115168.2909856633        192.3245491801685        58.04112030035689    
    29.50000000000000        152.1897891255960        49.14207294876149        2422.689991664083        119814.0337894032        193.0920187701442        57.16706769821750    
    30.50000000000000        168.4721551397672        49.78814512592196        2486.599954430415        124570.5201723101        193.8167738248822        56.28676448770241    
    31.50000000000000        186.7798278132492        50.43215984405201        2551.129038866746        129434.7023916205        194.5017714975205        55.40069312309745    
    32.50000000000000        207.3858390821353        51.07361871698367        2616.218455812778        134403.0401308108        195.1497248533475        54.50929107608847    
    33.50000000000000        230.5990916532143        51.71197482540362        2681.801809010435        139471.1754982443        195.7631238625791        53.61295564790517    
    34.50000000000000        256.7717741967952        52.34677489113201        2747.820165861374        144635.1193810118        196.3442548402735        52.71204822716603    
    35.50000000000000        286.3022121791298        52.97751849457509        2814.207175847312        149890.0604035339        196.8952183418711        51.80689805792810    
    36.50000000000000        319.6412623616391        53.60370802644100        2880.894302066090        155230.7632872907        197.4179455627531        50.89780557576399    
    37.50000000000000        357.2974864292278        54.22484272110480        2947.810296913231        160651.5260795209        197.9142133152652        49.98504536334145    
    38.50000000000000        399.8446509056188        54.84042954269930        3014.882422110767        166146.2716707608        198.3856576711316        49.06886877109515    
    39.50000000000000        447.9268248782749        55.44996440120627        3082.034497206247        171708.3870631766        198.8337863642229        48.14950624321354    
    40.50000000000000        502.2658606201957        56.05297628249578        3149.192020700073        177331.1608546898        199.2599900505703        47.22716938433041    
    41.50000000000000        563.6666873253017        56.64898473640110        3216.277235925727        183007.3435039617        199.6655525210091        46.30205279799574    
    42.50000000000000        633.0234388774062        57.23753346472525        3283.213306574591        188729.5261861675        200.0516599581090        45.37433572417659    
    43.50000000000000        711.3249034877554        57.81813990346242        3349.918222661543        194489.5815405171        200.4194093239720        44.44418349966347    
    44.50000000000000        799.6602715433412        58.39037400502461        3416.314535637674        200279.5564371071        200.7698159596630        43.51174886229386    
    45.50000000000000        899.2185997530083        58.95378192729641        3482.320251986618        206090.8513239963        201.1038204709059        42.57717311730574    
    46.50000000000000        1011.295685702083        59.50796272489018        3547.858263929364        211915.0840559737        201.4222949685185        41.64058718186131    
    47.50000000000000        1137.286171139372        60.05250871632074        3612.849340301070        217743.4682376363        201.7260487260671        40.70211252179695    
    48.50000000000000        1278.688401704383        60.58706495907811        3677.219467079591        223567.4882109226        202.0158333115047        39.76186199292322    
    49.50000000000000        1437.077346970930        61.11124699812375        3740.889938955878        229378.0013175803        202.2923472442001        38.81994059768831    
    50.50000000000000        1614.111422343190        61.62472659323932        3803.788070386448        235166.2393041764        202.5562402237926        37.87644616670145    
    51.50000000000000        1811.503252262682        62.12718430129462        3865.841574180803        240923.3086923506        202.8081169727355        36.93146997346361    
    52.50000000000000        2030.993316454377        62.61831579152897        3926.979486103541        246640.2899440682        203.0485407302157        35.98509728965154    
    53.50000000000000        2274.325478299831        63.09785654154482        3987.135437303410        252308.5620835291        203.2780364313411        35.03740788742596    
    54.50000000000000        2543.208975209121        63.56557047221013        4046.246479201960        257919.7177480770        203.4970936020532        34.08847649447131    
    55.50000000000000        2839.260853389663        64.02122441468890        4104.249903355035        263465.2675417502        203.7061689971185        33.13837320680681    
    56.50000000000000        3163.962448092914        64.46461952082014        4161.087475232668        268937.0698865931        203.9056890057667        32.18716386382501    
    57.50000000000000        3518.598390484247        64.89557494725862        4216.703450172295        274327.1534884840        204.0960518470286        31.23491038950221    
    58.50000000000000        3904.186405588268        65.31393386479571        4271.045492756028        279627.8238427481        204.2776295745804        30.28167110327825    
    59.50000000000000        4321.415127597465        65.71956310839603        4324.064820876051        284831.7000731275        204.4507699088787        29.32750100370882    
    60.50000000000000        4770.554967734216        66.11234034067066        4375.714570635791        289931.5625085104        204.6157979125657        28.37245202764980    
    61.50000000000000        5251.381403093828        66.49215926403090        4425.950591406938        294920.4463997792        204.7730175234991        27.41657328742874    
    62.50000000000000        5763.113870656349        66.85893304337920        4474.732030968808        299791.7181074711        204.9227129583149        26.45991128819204    
    63.50000000000000        6304.331024351686        67.21259303275207        4522.021222879250        304539.0741158641        205.0651499981285        25.50251012738148    
    64.50000000000000        6872.912435056001        67.55307570222013        4567.782005961873        309156.3840237542        205.2005771668168        24.54441167808572    
    65.50000000000000        7465.983787203903        67.88033576128493        4611.981587059094        313637.8932937374        205.3292268112812        23.58565575782971    
    66.50000000000000        8079.876930025221        68.19433578901844        4654.589159544676        317978.0898439669        205.4513160921557        22.62628028420313    
    67.50000000000000        8710.112554860079        68.49504525190859        4695.575795973754        322171.7004917771        205.5670478925839        21.66632141858556    
    68.50000000000000        9351.412589728672        68.78245174547283        4734.916061943729        326213.8690237534        205.6766116519386        20.70581369909930    
    69.50000000000000        9997.720166216835        69.05654698014631        4772.586106853678        330099.9657411670        205.7801841306778        19.74479016380880    
    70.50000000000000        10642.28776276805        69.31733182454926        4808.564356257091        333825.6627371854        205.8779301119237        18.78328246508540    
    71.50000000000000        11277.76008838180        69.56481311426788        4842.831153759083        337386.9099308320        205.9700030448023        17.82132097596793    
    72.50000000000000        11896.30533706711        69.79900104734018        4875.368363661699        340779.8937693735        206.0565456340884        16.85893488927130    
    73.50000000000000        12489.75259390715        70.01991188621798        4906.159769504841        344001.0850828614        206.1376903802528        15.89615231012475    
    74.50000000000000        13049.79800000666        70.22756461636398        4935.190607950480        347047.1940629147        206.2135600736062        14.93300034255980    
    75.50000000000000        13568.18981853574        70.42198278888476        4962.447871900173        349915.2103713953        206.2842682458697        13.96950517071286    
    76.50000000000000        14036.97019738028        70.60318996602655        4987.919607462221        352602.3253566551        206.3499195821685        13.00569213515761    
    77.50000000000000        14448.65558721704        70.77120037953520        5011.593596015670        355105.7955578251        206.4106102961468        12.04158580483940    
    78.50000000000000        14796.47678762038        70.92602989412961        5033.458927911836        357423.1150515972        206.4664284706239        11.07721004504477    
    79.50000000000000        15074.56917119971        71.06768934783858        5053.505019639972        359551.9094276688        206.5174543659641        10.11258808180466    
    80.50000000000000        15278.15264923075        71.19618692288468        5071.721976107527        361489.9793384114        206.5637606981014        9.147742563099506    
    81.50000000000000        15403.69274478307        71.31152556992356        5088.100183073551        363235.2548332225        206.6054128879485        8.182695617207887    
    82.50000000000000        15448.98457360614        71.41370119139211        5102.630056129211        364785.7713783117        206.6424692837252        7.217468908515616    
    83.50000000000000        15413.22862002938        71.50270311459279        5115.302093257145        366139.6755126016        206.6749813575621        6.252083691082319    
    84.50000000000000        15297.07355690652        71.57851499716988        5126.107000734179        367295.2394966769        206.7029938775644        5.286560860243934    
    85.50000000000000        15102.57368214896        71.64111508503169        5135.035732334844        368250.8672568419        206.7265450563671        4.320921002513551    
    86.50000000000000        14833.12197383343        71.69047442602292        5142.079228264135        369005.0667244709        206.7456666770621        3.355184444029919    
    87.50000000000000        14493.35443365099        71.72656205354889        5147.229180243353        369556.5355850361        206.7603841972413        2.389371297791346    
    88.50000000000000        14088.98989067848        71.74934244985548        5150.477644778928        369904.1178388611        206.7707168317625        1.423501509903019    
    89.50000000000000        13619.71022189040        71.75784214060788        5151.681971692313        370032.1385914849        206.7766776147215       0.4575949050583995    
    90.50000000000000        13113.69859184327        71.75480369234555        5151.238444415624        369983.5650710971        206.7782734409881      -0.5083287685305295    
    91.50000000000000        12558.01366444415        71.73739097035592        5148.736937228638        369713.8978482053        206.7755050875436       -1.474249794543935    
    92.50000000000000        11967.77044409993        71.70647795984206        5144.305421562445        369237.1910452470        206.7683672147402       -2.440148444097709    
    93.50000000000000        11351.23108011036        71.66200880952266        5137.938362415941        368553.1129618319        206.7568483474840       -3.406004931212897    
    94.50000000000000        10716.55765724891        71.60392365714102        5129.630775974402        367661.5102471980        206.7409308362290       -4.371799368003614    
    95.50000000000000        10071.63032126336        71.53216425383042        5119.379038791458        366562.4944615953        206.7205907975472       -5.337511719373480    
    96.50000000000000        9423.888678626850        71.44666941185984        5107.180241014487        365256.3720831409        206.6957980339250       -6.303121757006747    
    97.50000000000000        8780.188935889459        71.34737783320884        5093.032622007191        363743.6935138228        206.6665159323057       -7.268609012434978    
    98.50000000000000        8146.712620130937        71.23422845757304        5076.935621702743        362025.2571954021        206.6327013407783       -8.233952728952517    
    99.50000000000000        7528.895293154541        71.10715972427424        5058.889808709471        360102.1038324571        206.5943044226720       -9.199131812145017    
    100.5000000000000        6931.379004545121        70.96611824685726        5038.898127991868        357975.6491342923        206.5512684871817       -10.16412477878404    
    101.5000000000000        6358.002293875816        70.81105542619282        5016.965434860639        355647.6335272894        206.5035297954972       -11.12890970382784    
    102.5000000000000        5811.801661942020        70.64192924337016        4993.098749902577        353120.1468007544        206.4510173412565       -12.09346416525279    
    103.5000000000000        5295.042876426326        70.45869986749018        4967.306633151534        350395.5584720096        206.3936526039694       -13.05776518642224    
    104.5000000000000        4809.267756741528        70.26134101992494        4939.600804557598        347476.6881095003        206.3313492738824       -14.02178917567910    
    105.5000000000000        4355.373981062956        70.04983051334682        4909.994775970917        344366.6536731501        206.2640129465556       -14.98551186282544    
    106.5000000000000        3933.658209148876        69.82415006463405        4878.503837874404        341068.8681005805        206.1915407852140       -15.94890823212518    
    107.5000000000000        3543.915465266420        69.58430582069639        4845.147913556334        337587.3330595823        206.1138211487026       -16.91195245143713    
    108.5000000000000        3185.492189854647        69.33029984507530        4809.947499384479        333926.2016472392        206.0307331826231       -17.87461779705053    
    109.5000000000000        2857.393549513650        69.06215814793772        4772.927602655444        330090.1892595805        205.9421463709556       -18.83687657375792    
    110.5000000000000        2558.344679133627        68.77992390591365        4734.116741383393        326084.4591233631        205.8479200451639       -19.79870002965696    
    111.5000000000000        2286.850240079271        68.48365325920599        4693.546300586815        321914.5445518792        205.7479028474501       -20.76005826512426    
    112.5000000000000        2041.282385784131        68.17343559364042        4651.253250082182        317586.6169718597        205.6419321444581       -21.72092013534963    
    113.5000000000000        1819.909251688633        67.84936796310467        4607.276523830596        313107.0975115307        205.5298333873167       -22.68125314575863    
    114.5000000000000        1620.950560185107        67.51156523119963        4561.658329382897        308482.7785054544        205.4114194134650       -23.64102333958124    
    115.5000000000000        1442.639024087175        67.16017519847361        4514.446138789351        303721.0153406388        205.2864896852050       -24.60019517674768    
    116.5000000000000        1283.222139156037        66.79534999765872        4465.688675628549        298829.3004266004        205.1548294593705       -25.55873140320447    
    117.5000000000000        1141.009945175056        66.41725720470201        4415.437320269693        293815.3912333082        205.0162088818888       -26.51659290964522    
    118.5000000000000        1014.388358783120        66.02610596168965        4363.749597108145        288687.6557201947        204.8703820003256       -27.47373857853979    
    119.5000000000000        901.8356272952735        65.62211234550919        4310.684277844931        283454.5500902577        204.7170856867429       -28.43012511821941    
    120.5000000000000        801.9252121155275        65.20548833876174        4256.299778855646        278124.4414527477        204.5560384623470       -29.38570688263346    
    121.5000000000000        713.3411745158156        64.77647751143874        4200.658936757996        272706.0848055079        204.3869392144584       -30.34043567523415    
    122.5000000000000        634.8733073271875        64.33535676986145        4143.829049764699        267208.6048758280        204.2094657952733       -31.29426053526191    
    123.5000000000000        565.4149001456618        63.88238442633718        4085.874831893585        261640.7768977481        204.0232734907067       -32.24712750449970    
    124.5000000000000        503.9638894124777        63.41784682672883        4026.864463819600        256011.6143196959        203.8279933462789       -33.19897937233085    
    125.5000000000000        449.6129452705998        62.94204066982344        3966.867225599418        250330.1296483608        203.6232303355360       -34.14975539666820    
    126.5000000000000        401.5487478109557        62.45526658701235        3905.952528037193        244605.2256701670        203.4085613548332       -35.09939099802216    
    127.5000000000000        359.0422069519896        61.95785341667469        3844.192814725902        238845.9532780749        203.1835330264670       -36.04781742363074    
    128.5000000000000        321.4425331762678        61.45012005125961        3781.658652311376        233061.0382053956        202.9476592900690       -36.99496137818292    
    129.5000000000000        288.1711747502843        60.93239106390457        3718.420651819877        227259.0586588880        202.7004187598694       -37.94074461722001    
    130.5000000000000        258.7168888043159        60.40504677064683        3654.555585756772        221449.0061760813        202.4412518228524       -38.88508349878975    
    131.5000000000000        232.6239481717915        59.86839649232608        3590.130457373501        215638.7849668393        202.1695574499518       -39.82788848834281    
    132.5000000000000        209.4929864661680        59.32283471560334        3525.221666116298        209836.9783275755        201.8846896892287       -40.76906361119494    
    133.5000000000000        188.9695998598984        58.76870251663458        3459.897985443072        204051.2841545416        201.5859538064107       -41.70850584611176    
    134.5000000000000        170.7433231561923        58.20640391166077        3394.234540290010        198289.7769017095        201.2726020342245       -42.64610445269606    
    135.5000000000000        154.5400513567295        57.63631824369697        3328.302207949778        192559.9500510742        200.9438288875897       -43.58174022425079    
    136.5000000000000        140.1185109507843        57.05882688482244        3262.170809353978        186869.0065598210        200.5987659969485       -44.51528465663556    
    137.5000000000000        127.2678720734549        56.47434384808970        3195.912455812560        181224.1357840291        200.2364764067567       -45.44659902230659    
    138.5000000000000        115.8022184176274        55.88326821946406        3129.595864307963        175632.0098850812        199.8559482804761       -46.37553333720552    
    139.5000000000000        105.5588538535678        55.28598689602600        3063.286704437236        170098.8230833924        199.4560879472892       -47.30192520641150    
    140.5000000000000        96.39434436247146        54.68293917786595        2997.054912911148        164630.9193404517        199.0357122192775       -48.22559853245794    
    141.5000000000000        88.18369231480943        54.07451047192836        2930.962543581771        159233.7585211406        198.5935399010577       -49.14636206790824    
    142.5000000000000        80.81681630457929        53.46113896530066        2865.075867507683        153912.9531251559        198.1281824070214       -50.06400779113801    
    143.5000000000000        74.19704385519785        52.84327304842250        2799.460134162016        148673.7959265159        197.6381333946517       -50.97830908124197    
    144.5000000000000        68.23925098466543        52.22133456189965        2734.175833633673        143520.9864114599        197.1217573162684       -51.88901866452760    
    145.5000000000000        62.86884830152948        51.59576013288365        2669.282916014950        138458.9603510996        196.5772767865836       -52.79586630112293    
    146.5000000000000        58.01999439639530        50.96697980951971        2604.838544746103        133491.7225488055        196.0027586604456       -53.69855617576947    
    147.5000000000000        53.63491231917201        50.33542213882343        2540.897636870186        128622.8991301059        195.3960987152934       -54.59676395185379    
    148.5000000000000        49.66269525715751        49.70151422859630        2477.512987576203        123855.7667545813        194.7550048377840       -55.49013344212775    
    149.5000000000000        46.05872531532017        49.06571897456590        2414.738785763663        119193.5086394612        194.0769786260631       -56.37827284337500    
    150.5000000000000        42.78333105327958        48.42845319671311        2352.622492178325        114638.6208711169        193.3592953413592       -57.26075047554506    
    151.5000000000000        39.80175109666179        47.79018328915912        2291.214234393904        110193.6133129364        192.5989821792538       -58.13708995869615    
    152.5000000000000        37.08290072686476        47.15133272605608        2230.557768554354        105860.3579024940        191.7927948878625       -59.00676475367050    
    153.5000000000000        34.59973016962253        46.51234238504603        2170.696294223686        101640.5195455940        190.9371928449698       -59.86919198512172    
    154.5000000000000        32.32798344609064        45.87366552511310        2111.672077336375        97535.54601189242        190.0283128290838       -60.72372545888991    
    155.5000000000000        30.24605372624968        45.23565225620591        2053.515277162875        93545.86727208970        189.0619418937934       -61.56964778065208    
    156.5000000000000        28.33513300613854        44.59875464680203        1996.263739016001        89672.33936293323        188.0334899979431       -62.40616148058615    
    157.5000000000000        26.57806519286607        43.96339123716390        1939.950020846219        85915.32246903938        186.9379633778238       -63.23237905140238    
    158.5000000000000        24.95983311555272        43.32998956985232        1884.605595630583        82275.00016027731        185.7699400987053       -64.04731181729053    
    159.5000000000000        23.46772784673736        42.69893197715285        1830.255641844652        78751.01246013613        184.5235498236496       -64.84985757299556    
    160.5000000000000        22.08894385011467        42.07062191295219        1776.925782956842        75342.97087688482        183.1924606237063       -65.63878697072093    
    161.5000000000000        20.81345079322155        41.44548037103191        1724.640496955264        72050.28058702109        181.7698766623982       -66.41272869504422    
    162.5000000000000        19.63120391103768        40.82388972252969        1673.419703268693        68872.01863442564        180.2485518505193       -67.17015356186067    
    163.5000000000000        18.53453258422728        40.20619944980196        1623.278238544204        65806.84486556843        178.6208260989238       -67.90935781823740    
    164.5000000000000        17.51497593402327        39.59281069118632        1574.233944776498        62853.58117681076        176.8786925737738       -68.62844611980405    
    165.5000000000000        16.56606967453565        38.98406846079843        1526.298251110458        60010.60198363599        175.0139062877144       -69.32531493593832    
    166.5000000000000        15.68169435173933        38.38028933948723        1479.478789088253        57276.02233111495        173.0181462330222       -69.99763749436130    
    167.5000000000000        14.85627570358444        37.78186266069658        1433.787360571701        54648.17602028876        170.8832446938977       -70.64285183397898    
    168.5000000000000        14.08485423697270        37.18906495003672        1389.225637199780        52124.79390730429        168.6014977347248       -71.25815408264820    
    169.5000000000000        13.36289733622317        36.60219574102047        1345.795818268821        49703.63733479693        166.1660692185687       -71.84049968479815    
    170.5000000000000        12.68642182087797        36.02153654257661        1303.497791074230        47382.35385983704        163.5714958340425       -72.38661590194558    
    171.5000000000000        12.05189441835955        35.44738626077872        1262.331550522384        45158.60624502641        160.8142910957797       -72.89302936942821    
    172.5000000000000        11.45562785074769        34.88003880512358        1222.295658756691        43029.99529829151        157.8936309135640       -73.35611261850643    
    173.5000000000000        10.89512482745594        34.31968893803650        1183.380646397408        40993.71551599614        154.8120817254706       -73.77215300386339    
    174.5000000000000        10.36746650520174        33.76661691808233        1145.582406640363        39047.28916324444        151.5763058025718       -74.13744612710624    
    175.5000000000000        9.870244935982260        33.22103279243751        1108.891335779236        37187.99590698483        148.1976514354719       -74.44841339585167    
    176.5000000000000        9.401225330166193        32.68313259676219        1073.295988072231        35413.05431846256        144.6925159151858       -74.70173978846364    
    177.5000000000000        8.958541247934049        32.15310858021463        1038.784458916001        33719.72854002628        141.0823665522756       -74.89452355252368    
    178.5000000000000        8.540297348821884        31.63112676276701        1005.342640400316        32105.22673516957        137.3933288587004       -75.02442525624605    
    179.5000000000000        8.144548441677317        31.11736958782890        972.9570950747233        30566.84844540219        133.6553053702881       -75.08980052643373    
    180.5000000000000        7.770210968160802        30.61196780013107        941.6109392523745        29101.79764831857        129.9006670618741       -75.08980019825204    
    181.5000000000000        7.415771262231720        30.11505309483855        911.2870514192239        27707.32787019230        126.1626439049037       -75.02442427600079    
    182.5000000000000        7.079788723508387        29.62673204137220        881.9669330363323        26380.71157067100        122.4736068571872       -74.89452193283736    
    183.5000000000000        6.761306096589113        29.14707377342365        853.6297498211071        25119.18354772746        118.8634584226341       -74.70173754949066    
    184.5000000000000        6.459159664161715        28.67618390415944        826.2568496891538        23920.14829699118        115.3583240701744       -74.44841056408571    
    185.5000000000000        6.172256499854298        28.21414017109554        799.8283218859075        22781.04085034642        111.9796710608655       -74.13744273394110    
    186.5000000000000        5.899893208133892        27.76098052033649        774.3219273617505        21699.26063647971        108.7438966343767       -73.77214908407242    
    187.5000000000000        5.641247790837869        27.31674427308872        749.7159695111652        20672.31603683354        105.6623490320722       -73.35610820878497    
    188.5000000000000        5.395459793653381        26.88150947296772        725.9910631579561        19697.88165831259        102.7416904807547       -72.89302450710471    
    189.5000000000000        5.161895663948867        26.45512935874048        703.1161425162040        18773.23869018103        99.98448738089418       -72.38661062392146    
    190.5000000000000        4.939625605777447        26.03774860091415        681.0762238407756        17896.39410488291        97.38991561198138       -71.84049402673661    
    191.5000000000000        4.728471717273473        25.62932026128896        659.8466274720114        17065.04341066532        94.95448866552366       -71.25814807840069    
    192.5000000000000        4.527597941166825        25.22980709070909        639.4036114605453        16276.99031701726        92.67274321351320       -70.64284551522066    
    193.5000000000000        4.336473128778813        24.83913446308570        619.7221548196177        15530.06585525980        90.53784310796280       -69.99763089039693    
    194.5000000000000        4.154652718224802        24.45730676289555        600.7818866991477        14822.35296873873        88.54208440675146       -69.32530807363950    
    195.5000000000000        3.981660211341622        24.08426967126784        582.5600759754607        14151.91423382331        86.67729939113552       -68.62843902364187    
    196.5000000000000        3.817059486221631        23.71996219678163        565.0342008496740        13516.88483774537        84.93516705312858       -67.90935051037985    
    197.5000000000000        3.660389385421353        23.36426481030194        548.1794806094809        12915.38095332634        83.30744240704981       -67.17014606231110    
    198.5000000000000        3.511350350138465        23.01716586764948        531.9772240417132        12345.81255592371        81.78611862206978       -66.41272102180194    
    199.5000000000000        3.369456354723300        22.67853118898625        516.4033535698393        11806.44954764115        80.36353561291278       -65.63877913995124    
    200.5000000000000        3.234447679782569        22.34827238510351        501.4366844552964        11295.72602914083        79.03244729474613       -64.84984959919959    
    201.5000000000000        3.105949674503746        22.02629975701209        487.0567230059351        10812.15985713719        77.78605783570325       -64.04730371346915    
    202.5000000000000        2.983657819979794        21.71250273976310        473.2425781577451        10354.30532588166        76.61803531149120       -63.23237082921048    
    203.5000000000000        2.867243469779244        21.40675643990580        459.9734509883472        9920.774432042293        75.52250938974498       -62.40615315047517    
    204.5000000000000        2.756457331008674        21.10896636223326        447.2305745181424        9510.297368947800        74.49405814013413       -61.56963935200012    
    205.5000000000000        2.651012349725342        20.81901750263347        434.9949069239709        9121.641436381222        73.52768780312148       -60.72371694011936    
    206.5000000000000        2.550632757850047        20.53674287498907        423.2457543363528        8753.563692454323        72.61880834146505       -59.86918338380478    
    207.5000000000000        2.455113752172648        20.26206367912541        411.9669720665589        8405.015018896276        71.76320681239444       -59.00675607662335    
    208.5000000000000        2.364193784467951        19.99482824268432        401.1398582954449        8074.902198894622        70.95701999778444       -58.13708121206281    
    209.5000000000000        2.277661060776102        19.73489462679407        390.7467595358715        7762.204337876427        70.19670727851802       -57.26074166487153    
    210.5000000000000        2.195312125888929        19.48216229803934        380.7723208635142        7466.008205815309        69.47902440555255       -56.37826397367519    
    211.5000000000000        2.116940608259527        19.23647913949474        371.1996458847821        7185.386974113345        68.80099857706894       -55.49012451794152    
    212.5000000000000        2.042362277564174        18.99770577165586        362.0129530538703        6919.481100359907        68.15990505666934       -54.59675497729839    
    213.5000000000000        1.971390630309215        18.76572768825310        353.1979629930978        6667.505618898083        67.55324544466356       -53.69854715458484    
    214.5000000000000        1.903846700997333        18.54041146961151        344.7401824991691        6428.697957170059        66.97872762968025       -52.79585723671191    
    215.5000000000000        1.839564688358497        18.32161891892088        336.6254353917457        6202.331597833570        66.43424739095394       -51.88900955999125    
    216.5000000000000        1.778388396702058        18.10921600882238        328.8402100714314        5987.724959149292        65.91787158496760       -50.97829993941104    
    217.5000000000000        1.720165486895410        17.90307253951875        321.3715989272523        5784.237085884044        65.42782282792182       -50.06399861460059    
    218.5000000000000        1.664752547970509        17.70305837885779        314.2071622966781        5591.262879260138        64.96246557349197       -49.14635285903442    
    219.5000000000000        1.612013937000783        17.50904577777996        307.3349862896411        5408.232834466938        64.52029348039611       -48.22558929342159    
    220.5000000000000        1.561819807236947        17.32090845461268        300.7436247866291        5234.609791730139        64.09991796415213       -47.30191593920967    
    221.5000000000000        1.514049710462389        17.13852026559909        294.4220282433482        5069.885494391317        63.70005783040378       -46.37552404367568    
    222.5000000000000        1.468585957004332        16.96175793395094        288.3596405288684        4913.582331376034        63.31952989217059       -45.44658970414193    
    223.5000000000000        1.425318887731974        16.79049950559613        282.5463120655596        4765.249379015718        62.95724047949194       -44.51527531539875    
    224.5000000000000        1.384144695781196        16.62462713099854        276.9723903889404        4624.463907864323        62.61217775661345       -43.58173086138614    
    225.5000000000000        1.344963421879930        16.46402306775713        271.6285573388413        4490.825799028493        62.28340476870870       -42.64609506954051    
    226.5000000000000        1.307681692689986        16.30857384119734        266.5059595905915        4363.960009170706        61.97005314687726       -41.70849644390461    
    227.5000000000000        1.272211372258982        16.15816929557886        261.5961616504053        4243.514415367756        61.67131740664212       -40.76905419108665    
    228.5000000000000        1.238467604024114        16.01270115810835        256.8910705070746        4129.156679178976        61.38644978128383       -39.82787905140295    
    229.5000000000000        1.206370026450430        15.87206323441623        252.3829369436721        4020.573683129395        61.11475553703939       -38.88507404601402    
    230.5000000000000        1.175842744041752        15.73615309022104        248.0643997497994        3917.471901100599        60.85558872243860       -37.94073514953662    
    231.5000000000000        1.146813395246355        15.60487142729605        243.9284444800891        3819.575450409549        60.60834830884724       -36.99495189645843    
    232.5000000000000        1.119214599428040        15.47812163162835        239.9683775820924        3726.624806352592        60.37247468364785       -36.04780792867533    
    233.5000000000000        1.092980933429519        15.35580918619788        236.1777964841409        3638.375461312070        60.14744646143856       -35.09938149059408    
    234.5000000000000        1.068051195430452        15.23784066491752        232.5505381665721        3554.595903649857        59.93277758219143       -34.14974587747832    
    235.5000000000000        1.044367206017619        15.12412766538648        229.0808021380373        3475.070230984397        59.72801466851769       -33.19896984204652    
    236.5000000000000        1.021875327459546        15.01458501666420        225.7630795142404        3399.595852005354        59.53273461706461       -32.24711796374805    
    237.5000000000000        1.000523159789403        14.90913048816150        222.5921317862030        3327.982451817526        59.34654240164907       -31.29425098463325    
    238.5000000000000       0.9802620059740402        14.80768450006273        219.5629729249223        3260.051140853197        59.16906906804339       -30.34042611528498    
    239.5000000000000       0.9610454953987983        14.71016977126675        216.6708485936615        3195.633536349591        58.99996990239643       -29.38569731388880    
    240.5000000000000       0.9428315078687220        14.61651212459024        213.9112517331652        3134.571723526063        58.83892275712281       -28.43011554117557    
    241.5000000000000       0.9255804103507174        14.52664079023070        211.2799224755346        3076.717867397736        58.68562651974645       -27.47372899366658    
    242.5000000000000       0.9092539700157271        14.44048802801000        208.7728282260379        3021.933408723132        58.53979971166375       -26.51658331738770    
    243.5000000000000       0.8938158318289901        14.35798845604294        206.3861372928862        2970.088185071710        58.40117920511442       -25.55872180398518    
    244.5000000000000       0.8792318907560096        14.27907934636090        204.1162197480811        2921.060138171810        58.26951904783076       -24.60018557096827    
    245.5000000000000       0.8654703340210609        14.20370062659102        201.9596402838766        2874.734873668103        58.14458938589621       -23.64101372762390    
    246.5000000000000       0.8525017781773288        14.13179493983845        199.9131541640361        2831.005331058162        58.02617547629128       -22.68124352798776    
    247.5000000000000       0.8402989563698180        14.06330793668304        197.9737095875093        2789.771599069235        57.91407678145595       -21.72091051211317    
    248.5000000000000       0.8288358660550896        13.99818782889034        196.1384280410537        2750.940248687557        57.80810613895953       -20.76004863675482    
    249.5000000000000       0.8180879915887848        13.93638470902464        194.4045807932997        2714.423652866424        57.70808900005348       -19.79869039647314    
    250.5000000000000       0.8080321593356551        13.87785116141024        192.7695996763626        2680.139997343097        57.61386273149772       -18.83686693606534    
    251.5000000000000       0.7986472474922542        13.82254272628702        191.2310878701539        2648.013387412104        57.52527597560441       -17.87460815514280    
    252.5000000000000       0.7899139398418951        13.77041721935855        189.7867950019134        2617.973132439693        57.44218806394157       -16.91194280559683    
    253.5000000000000       0.7818139936641516        13.72143476255177        188.4346135488651        2589.953516476324        57.36446848058849       -15.94889858262479    
    254.5000000000000       0.7743305021427057        13.67555820720679        187.1725878404979        2563.893874003764        57.29199637124143       -14.98550220992804    
    255.5000000000000       0.7674477849204086        13.63275205974111        185.9988796633175        2539.737726336569        57.22466009483546       -14.02177951963928    
    256.5000000000000       0.7611518747616612        13.59298359261794        184.9117969717631        2517.433292195780        57.16235681468189       -13.05775552748678    
    257.5000000000000       0.7554291967500008        13.55622311627681        183.9097978546997        2496.933455554171        57.10499212642365       -12.09345450366130    
    258.5000000000000       0.7502681618827372        13.52244257652413        182.9914483544679        2478.194782488918        57.05247972038661       -11.12890003981345    
    259.5000000000000       0.7456584158737759        13.49161621424885        182.1554391402118        2461.177803201745        57.00474107615730       -10.16411511257410    
    260.5000000000000       0.7415904281688221        13.46372151936508        181.4006099559168        2445.847453208921        56.96170518744752       -9.199122143961530    
    261.5000000000000       0.7380562054048263        13.43873723357619        180.7258907626654        2432.171747854638        56.92330831551898       -8.233943059012821    
    262.5000000000000       0.7350485730978178        13.41664457381488        180.1303341576489        2420.122404683696        56.88949376963597       -7.268599340952293    
    263.5000000000000       0.7325611192196816        13.39742697838649        179.6131063923568        2409.674598070086        56.86021171319558       -6.303112084190582    
    264.5000000000000       0.7305889457733339        13.38107024168655        179.1734907064933        2400.807004405932        56.83541899435291       -5.337502045430249    
    265.5000000000000       0.7291275792420109        13.36756109649933        178.8108454361345        2393.500861259949        56.81507900011634       -4.371789693137132    
    266.5000000000000       0.7281741994272610        13.35688935723069        178.5246637905217        2387.741209178364        56.79916153303566       -3.405995255624708    
    267.5000000000000       0.7264241069138722        13.34908591709457        178.3156206561353        2383.538506932019        56.78764270974595       -2.440138767987719    
    268.5000000000000       0.7277873638892460        13.34403230700319        178.1803207664676        2380.820023217948        56.78050488076320       -1.474240118110843    
    269.5000000000000       0.7283533541543621        13.34183636894317        178.1216523894045        2379.643791959629        56.77773657105526      -0.5083190919721272    
    270.5000000000000       0.7294279010593016        13.34246037473805        178.1385402290500        2379.986899952757        56.77933244103551       0.4576045815445944    
    271.5000000000000       0.7310127792012816        13.34590346160494        178.2309694239446        2381.849216672651        56.78529326774654        1.423511186119355    
    272.5000000000000       0.7331123165680570        13.35217009427309        178.3991212120004        2385.235642215289        56.79562594611952        2.389380973539741    
    273.5000000000000       0.7357314427121610        13.36126513936935        178.6432337832880        2390.153156848692        56.81034351031203        3.355194119111226    
    274.5000000000000       0.7388757497580923        13.37319538431739        178.9636454874344        2396.611748420858        56.82946517524403        4.320930676727142    
    275.5000000000000       0.7425535802789968        13.38796907994592        179.3607830544723        2404.624191767388        56.85301639857015        5.286570533387390    
    276.5000000000000       0.7467743841195190        13.40559860753893        179.8352367721785        2414.207648492999        56.88102896344636        6.252093362950780    
    277.5000000000000       0.7515484529167349        13.42609759712589        180.3876802572204        2425.381998801030        56.91354108257257        7.217478578901332    
    278.5000000000000       0.7568877387879764        13.44948069213076        181.0188658043362        2438.169796860645        56.95059752412040        8.182705285899882    
    279.5000000000000       0.7628046193199594        13.47576648393968        181.7297077590583        2452.598064089255        56.99224976028836        9.147752229882876    
    280.5000000000000       0.7693126415564718        13.50497463395443        182.5212027667672        2468.696644973639        57.03855613936621        10.11259774646009    
    281.5000000000000       0.7764277745247288        13.53712786695061        183.3944886338296        2486.499529878736        57.08958208233845        11.07721970734815    
    282.5000000000000       0.7841649801227454        13.57225021447808        184.3507953568230        2506.043851117788        57.14540030521333        12.04159546456101    
    283.5000000000000       0.7925427986101377        13.61036879828853        185.3914985678262        2527.371105817418        57.20609106843221        13.00570179206164    
    284.5000000000000       0.8015813051345818        13.65151328260596        186.5181071490789        2550.526987996057        57.27174245489424        13.96951482455688    
    285.5000000000000       0.8113010482496284        13.69571456088910        187.7322258773796        2575.560620001844        57.34245067832655        14.93300999309393    
    286.5000000000000       0.8217248607595023        13.74300667278043        189.0356153270285        2602.525982067010        57.41832042394120        15.89616195709096    
    287.5000000000000       0.8328766159976373        13.79342612751300        190.4301750253707        2631.481642749132        57.49946522354986        16.85894453240287    
    288.5000000000000       0.8447837637988281        13.84701301179638        191.9179805518815        2662.491716955487        57.58600786755821        17.82133061498844    
    289.5000000000000       0.8574736193397779        13.90380771149072        193.5011889164024        2695.623858151228        57.67808085653662        18.78329209970796    
    290.5000000000000       0.8709783181051499        13.96385511213717        195.1821682481559        2730.952309603239        57.77582689536477        19.74479979373527    
    291.5000000000000       0.8853296216151609        14.02720062868867        196.9633836634311        2768.555493572830        57.87939943327930        20.70582332401915    
    292.5000000000000       0.9005617063940779        14.09389215977344        198.8474599346163        2808.517572966112        57.98896325351897        21.66633103817490    
    293.5000000000000       0.9167131279696259        14.16398089328858        200.8372108788732        2850.929298219131        58.10469511666516        22.62628989812372    
    294.5000000000000       0.9338234562163018        14.23751936749380        202.9355858064666        2895.886973643060        58.22678446222147        23.58566536572762    
    295.5000000000000       0.9519369821417229        14.31456536809025        205.1457890185483        2943.495289508660        58.35543417347027        24.54442127959009    
    296.5000000000000       0.9710971735275312        14.39517455120568        207.4710674934637        2993.862833006219        58.49086141119284        25.50251972210324    
    297.5000000000000       0.9913572182394427        14.47941502810842        209.9151589599510        3047.112522648491        58.63329852244765        26.45992087572226    
    298.5000000000000        1.012766848518865        14.56734645067161        212.4816607352044        3103.367409636072        58.78299403127900        27.41658286733705    
    299.5000000000000        1.035384422556203        14.65903956706019        215.1746335328822        3162.764801103816        58.94021371898078        28.37246159948275    
    300.5000000000000        1.059269116265875        14.75456377873246        217.9982285216405        3225.447995777321        59.10524180237989        29.32751056698780    
    301.5000000000000        1.084484317659995        14.85399352998249        220.9568912926390        3291.571315467779        59.27838221953857        30.28168065749744    
    302.5000000000000        1.111099761125602        14.95740503237509        224.0552704965968        3361.298369488680        59.45996003331795        31.23491993412645    
    303.5000000000000        1.139188633296321        15.06487687172461        227.2982446643253        3434.803042037766        59.65032296440994        32.18717339828712    
    304.5000000000000        1.168830167658302        15.17649133835071        230.6909768475466        3512.271276992226        59.84984306674323        33.13838273050498    
    305.5000000000000        1.200107840745572        15.29233186865954        234.2388384687819        3593.899588574731        60.05891855962054        34.08848600676615    
    306.5000000000000        1.233109156387800        15.41248569205425        237.9475033330919        3679.897759359685        60.27797583256435        35.03741738763718    
    307.5000000000000        1.267927973914009        15.53704336586154        241.8229516098005        3770.489666046454        60.50747164065733        35.98510677705432    
    308.5000000000000        1.304663230706265        15.66609691864535        245.8714098204125        3865.912064317467        60.74789551018179        36.93147944728485    
    309.5000000000000        1.343422315006739        15.79974379542233        250.0994980245382        3966.418956789342        60.99977237661452        37.87645562611524    
    310.5000000000000        1.384321082087320        15.93808426150419        254.5141570382469        4072.280434185601        61.26366547954155        38.81995004181118    
    311.5000000000000        1.427481167720020        16.08122165236773        259.1226727652599        4183.784015588129        61.54017954184872        39.76187142080897    
    312.5000000000000        1.473033853927300        16.22926228867264        263.9326812637979        4301.235366481681        61.82996426364453        40.70212193243069    
    313.5000000000000        1.521118293165107        16.38231616972223        268.9522101897612        4424.960216200540        62.13371816480739        41.64059657415294    
    314.5000000000000        1.571884686413241        16.54049594989834        274.1896634929960        4555.304931122379        62.45219281384425        42.57718249008294    
    315.5000000000000        1.625491816263902        16.70391797311068        279.6538679295812        4692.638481331881        62.78619748492434        43.51175821429393    
    316.5000000000000        1.682110443952400        16.87269984736375        285.3540063305709        4837.351694545746        63.13660428952257        44.44419282952444    
    317.5000000000000        1.741924527809512        17.04696251501084        291.2997148130573        4989.861041270845        63.50435383407905        45.37434503042753    
    318.5000000000000        1.805127476951740        17.22682930615794        297.5010507369519        5150.608450697611        63.89046146044083        46.30206207904547    
    319.5000000000000        1.871933946064782        17.41242534113208        303.9685096316024        5320.063501045626        64.29602413156438        47.22717863845521    
    320.5000000000000        1.942572581708915        17.60387743188370        310.7130258867978        5498.724257974109        64.72222803095380        48.14951546854348    
    321.5000000000000        2.017280887077194        17.80131339778794        317.7459558472268        5687.117886942315        65.17035695046704        49.06887796559844    
    322.5000000000000        2.096321766089511        18.00486427253846        325.0792108864975        5885.806582847868        65.64180154725541        49.98505452480708    
    323.5000000000000        2.179965747981383        18.21466098333957        332.7251178705878        6095.384183590193        66.13806955641704        50.89781470178239    
    324.5000000000000        2.268510659626005        18.43083612970768        340.6965306959910        6316.481587668221        66.66079705102177        51.80690714586900    
    325.5000000000000        2.362268437944166        18.65352516846002        349.0068693224442        6549.768843046242        67.21176084489153        52.71205727415380    
    326.5000000000000        2.461576032337219        18.88286448883541        357.6700816541565        6795.956099173560        67.79289213502676        53.61296465079103    
    327.5000000000000        2.566795113589829        19.11899902901084        366.7009960434737        7055.806886946414        68.40629147864432        54.50930003141897    
    328.5000000000000        2.678314270736713        19.36206676710363        376.1146470848876        7330.117817113447        69.05424519275023        55.40070202707900    
    329.5000000000000        2.796550840541702        19.61220430184400        385.9266178966383        7619.733460277186        69.73924324969548        56.28677333616127    
    330.5000000000000        2.921942250452642        19.86955324828228        396.1532526535947        7925.553261525450        70.46399871710605        57.16707648655433    
    331.5000000000000        3.054970065086850        20.13425428265657        406.8114336679520        8248.526957013066        71.23146875067528        58.04112902349553    
    332.5000000000000        3.196166160275448        20.40644792060861        417.9186965654474        8589.662323793465        72.04487708784382        58.90839807183118    
    333.5000000000000        3.346090735498190        20.68627388019560        429.4931538377428        8950.023263980600        72.90773790178284        59.76829419488418    
    334.5000000000000        3.505330035818259        20.97386933451107        441.5534497996976        9330.731196869685        73.82388074836442        60.62016446649357    
    335.5000000000000        3.674552796835601        21.26935853754562        454.1183348010072        9732.954015015041        74.79747616099472        61.46328466894340    
    336.5000000000000        3.854448660144052        21.57285912798087        467.2069744823488        10157.91945322292        75.83306120275820        62.29685052879459    
    337.5000000000000        4.045692909029860        21.88452066974602        480.8405937299131        10606.97034504890        76.93556395155910        63.11996790702524    
    338.5000000000000        4.249184322395772        22.20444839844077        495.0391894143266        11081.46051275351        78.11032544663435        63.93164187214595    
    339.5000000000000        4.465813077665068        22.53277038532062        509.8243851398317        11582.84824404584        79.36311703446178        64.73076460893877    
    340.5000000000000        4.696477514321393        22.86958566445497        525.2173331127598        12112.63576016002        80.70015028628247        65.51610215641124    
    341.5000000000000        4.942105003742553        23.21500650261042        541.2404921649185        12672.42868054423        82.12807568618183        66.28628003339792    
    342.5000000000000        5.203866720770274        23.56913911524104        557.9166470608219        13263.90071278017        83.65396508306026        67.03976790790199    
    343.5000000000000        5.482994156403218        23.93204576396410        575.2672861167116        13888.74531644418        85.28527145610715        67.77486360772596    
    344.5000000000000        5.780636581490265        24.30382599581054        593.3163638960988        14548.80973566762        87.02975789470220        68.48967696792677    
    345.5000000000000        6.098350664334004        24.68455789300820        612.0874562445384        15245.99426282970        88.89538594231425        69.18211427853292    
    346.5000000000000        6.437533332236009        25.07429272789851        631.6034987374891        15982.24579607831        90.89015181425654        69.84986444540333    
    347.5000000000000        6.799852522280271        25.47311032896973        651.8895395820047        16759.66409004838        93.02185785191713        70.49038841344422    
    348.5000000000000        7.187164552691654        25.88104761714827        672.9691057902687        17580.36614275770        95.29780652728347        71.10091391636496    
    349.5000000000000        7.601315779025263        26.29812393229349        694.8654421002226        18446.53498511540        97.72440623436339        71.67843817803175    
    350.5000000000000        8.044590361484337        26.72440007242503        717.6044663347442        19360.53378289561        100.3066831234309        72.21974172624705    
    351.5000000000000        8.519196643639694        27.15987109286302        741.2093569384034        20324.70431369491        103.0477025881413        72.72141686673071    
    352.5000000000000        9.027915064915641        27.60451390219302        765.7024500529619        21341.41992073330        105.9479187113457        73.17991441803636    
    353.5000000000000        9.573268720152766        28.05834946875173        791.1092947470463        22413.28152766688        109.0044901725967        73.59161178836486    
    354.5000000000000        10.15854018705527        28.52132037159198        817.4513417636044        23542.79569394220        112.2106252749731        73.95290412972228    
    355.5000000000000        10.78726067084275        28.99338243682589        844.7510656604582        24732.59119445031        115.5550427546250        74.26031794991606    
    356.5000000000000        11.46294269212435        29.47448673029373        873.0310737362587        25985.38995693753        119.0216518959747        74.51064321048997    
    357.5000000000000        12.18989143258717        29.96456331571802        902.3130227900881        27303.95701889789        122.5895562478625        74.70107593335756    
    358.5000000000000        12.97272680675304        30.46351569409335        932.6171107588676        28691.07197000504        126.2334618180918        74.82935943260594    
    359.5000000000000        13.81647711714291        30.97127839807221        963.9655650618113        30149.68972336079        129.9245200373971        74.89390955964642    
