 # author: MA Kubiak / Space Research Center PAS Warsaw Poland, contact: mkubiak@cbk.waw.pl                          
 # code version Program.keplerV_ellipt_V2      , Dates: calkV:20/04/2026  ; part_pr:20/04/2026                       
 # czas no T v_mas, kier.naplywu(dl, szer) macierz obrotu (ecl to helio), r, theta, phi(ecl,spher), V_detector(ecl,cart), IBEX_energy_channel
 #     2026.175185000000        0.8088930000000000E-03     9480.000000000000        -11.28000000301609         251.5700000000000         11.95000000000000        0.2459841265748581        0.9692738567985851         0.000000000000000       -0.9615244635393438        0.2440174711049008        0.1261989691358298        0.1223213615382913       -0.3104294319752456E-01    0.9920049496797150        0.9819739999999999         164.9160780000000        0.4085600000000000E-01    -8.128999999999998        -28.62800000000000        0.1900000000000000E-01 00
 # routs_end= 150.00;    Maxwellian,    elliptOrb=Off                                                                                        
 # Numerical parameters: GridKl=10  GridKf=09  GridKV=05  epsV= 0.0000100  epssJon=.0010000                                                  
 # Numerical parameters: GridKl=10  GridKf=09  GridKV=05  epsV= 0.0000100  epssJon=.0010000; tessel128                                                                                                                                                                                                                                                                                                                                                                                                                                                                 
# Axis to the Sun: alpha_ecl= 340.8860000000000000 delta_Ecl= 0.0870000000000000 delta_Ax= 90.0000000000000000  repoint= 00176
 #  flag_atom: He                                                   
 #  flag_general:                                                   
 #                                                                  
 #                                                                  
  # Ly_a_Profil: zero                                               
  # flag_Itot: zero                                                 
 #  v_SW_Eqtr: speed3D.hybrid2026c_patched.dat                      
 #  n_SW_Eqtr: density3D.hybrid2026c_patched.dat                    
 #  phot_Eqtr: 0.8500000  phion_Helium_T12F107_2026c.dat            
 #  sigma_SW: p+He->H +He+, He + alpha (2 chnls);src:simuLosses.nb  
 #  flag_el:slow  swEqtrElectrons5.2026c.patched.dat                
 #  SW_lati: interpolation                                          
 #  phot_lati: analit pole-flattened after Pryor & Auchere          
 #
 #
 #
 #Spin  flux speed	speed^2 speed^3    long_ecl lat_ecl
   0.5000000000000000        5.495950539289807        31.69545845813005        1009.451509402337        32302.85411479342        241.0156092780636        89.49248512337898    
    1.500000000000000        5.845541728462402        32.23443469427244        1044.060948663388        33977.58031888229        247.5673241942468        88.49747718922565    
    2.500000000000000        6.218625504782075        32.78179575864432        1079.800756514495        35736.10742369035        248.8941784481229        87.49848511370807    
    3.500000000000000        6.616987929503551        33.33738718373802        1116.687605892895        37581.53946150682        249.4638577150211        86.49891772154739    
    4.500000000000000        7.042405721254438        33.90099762432610        1154.733868195010        39516.82573090978        249.7807001825307        85.49915830357055    
    5.500000000000000        7.496911649562141        34.47235987066801        1193.947593502110        41544.75347197515        249.9825480958111        84.49931156201508    
    6.500000000000000        7.982658774430437        35.05121770661911        1234.336790009085        43668.15361236499        250.1224586799728        83.49941779032031    
    7.500000000000000        8.501853166015966        35.63728441736028        1275.906442266196        45889.73717219987        250.2252013051591        82.49949579741251    
    8.500000000000000        9.057233182778205        36.23028674741615        1318.661652700825        48212.26173449142        250.3038919951589        81.49955554257441    
    9.500000000000000        9.651381120378135        36.82991195470557        1362.603450137067        50638.28139680826        250.3661252787594        80.49960279230478    
    10.50000000000000        10.28747617070743        37.43589071365395        1407.735259943536        53170.52228629967        250.4166029759521        79.49964111659882    
    11.50000000000000        10.96862992147452        38.04793091837266        1454.057764182620        55811.58147169401        250.4583917065631        78.49967284384131    
    12.50000000000000        11.69849154697290        38.66578037131718        1501.573935299498        58564.22597247393        250.4935768888518        77.49969955740426    
    13.50000000000000        12.48122204326338        39.28915301257587        1550.282474734237        61430.95741575823        250.5236261097020        76.49972237155615    
    14.50000000000000        13.32129124587385        39.91772498778091        1600.177991789669        64414.04347895093        250.5496021511853        75.49974209321115    
    15.50000000000000        14.22369098175750        40.55121210998082        1651.256480067202        67515.80018259090        250.5722935629632        74.49975932107013    
    16.50000000000000        15.19381759220838        41.18924776309609        1703.505875469375        70738.03699723945        250.5922977576808        73.49977450871245    
    17.50000000000000        16.23784187918185        41.83149156574832        1756.914614337333        74082.55725679679        250.6100756185481        72.49978800605786    
    18.50000000000000        17.36246756423965        42.47758371493558        1811.468089561736        77550.94730241316        250.6259883974786        71.49980008738136    
    19.50000000000000        18.57546480292804        43.12718528038182        1867.151993988510        81144.77982638632        250.6403232605993        70.49981097070902    
    20.50000000000000        19.88521508457268        43.77994712553743        1923.949227202436        84865.37489900901        250.6533113574145        69.49982083153687    
    21.50000000000000        21.30122086961767        44.43547572703343        1981.836903576928        88713.59539983254        250.6651408476499        68.49982981272142    
    22.50000000000000        22.83389990912214        45.09335984804746        2040.788631132174        92689.98555220962        250.6759664544277        67.49983803173302    
    23.50000000000000        24.49515752546322        45.75322971898866        2100.779773793380        96795.11380934691        250.6859165784347        66.49984558605708    
    24.50000000000000        26.29815795005828        46.41470775352832        2161.783352910541        101029.3128274861        250.6950986699180        65.49985255727276    
    25.50000000000000        28.25821404995354        47.07746399863223        2223.774825348973        105392.9762363553        250.7036033367322        64.49985901417195    
    26.50000000000000        30.39193654494174        47.74109981782870        2286.721164216343        109885.7767708267        250.7115075223029        63.49986501517208    
    27.50000000000000        32.71865633185291        48.40522495307717        2350.587848537891        114507.1323636097        250.7188769902460        62.49987061020258    
    28.50000000000000        35.25962015607868        49.06943781147393        2415.337448971939        119256.1302104212        250.7257682859354        61.49987584219405    
    29.50000000000000        38.03953182059956        49.73338423402389        2480.935442624552        124131.9542709324        250.7322302991286        60.49988074826482    
    30.50000000000000        41.08569303991046        50.39667252667032        2547.341466599175        129133.1931757213        250.7383055192095        59.49988536067384    
    31.50000000000000        44.42951061935501        51.05888943793003        2614.510622497760        134257.9063227869        250.7440310513554        58.49988970759224    
    32.50000000000000        48.10633875255306        51.71961276015826        2682.394941300357        139503.7394812618        250.7494394451188        57.49989381373233    
    33.50000000000000        52.15678241352948        52.37846242106297        2750.949121698105        144868.4019659023        250.7545593746229        56.49989770086427    
    34.50000000000000        56.62672924467411        53.03505409498578        2820.125414476772        150349.2300128316        250.7594162004766        55.49990138824230    
    35.50000000000000        61.56829807433576        53.68894288352821        2889.867078385361        155942.6073294755        250.7640324367322        54.49990489295964    
    36.50000000000000        67.04035736187963        54.33969284609270        2960.116102503654        161644.5974437385        250.7684281410979        53.49990823024455    
    37.50000000000000        73.11001019011307        54.98686957617663        3030.812714107485        167450.9248199565        250.7726212427299        52.49991141370921    
    38.50000000000000        79.85441379530189        55.63007524448924        3101.899366975330        173357.3050601550        250.7766278189548        51.49991445555988    
    39.50000000000000        87.36027480351629        56.26884752423285        3173.308711445422        179358.3584098026        250.7804623299728        50.49991736677506    
    40.50000000000000        95.72540712696518        56.90268788808495        3244.967013564734        185447.9095538731        250.7841378188036        49.49992015725728    
    41.50000000000000        105.0611595564569        57.53109677918414        3316.798079101110        191619.3081647522        250.7876660823411        48.49992283596296    
    42.50000000000000        115.4937710324385        58.15365281638465        3388.733136243597        197866.3444559718        250.7910578182722        47.49992541101406    
    43.50000000000000        127.1662156512298        58.76986831224125        3460.693125992074        204181.6064479987        250.7943227517480        46.49992788979408    
    44.50000000000000        140.2377835617776        59.37921347362613        3532.591595084684        210556.7303845291        250.7974697449902        45.49993027903140    
    45.50000000000000        154.8879085176563        59.98114663419940        3604.338391108703        216982.7315635048        250.8005068924610        44.49993258487151    
    46.50000000000000        171.3179402722434        60.57518866380159        3675.849214611888        223450.9182612654        250.8034416037685        43.49993481293993    
    47.50000000000000        189.7520428844856        61.16083356400043        3747.034375065360        229951.8182208639        250.8062806761178        42.49993696839723    
    48.50000000000000        210.4384619624363        61.73753107888466        3817.796346506576        236474.9153040535        250.8090303578151        41.49993905598723    
    49.50000000000000        233.6497392145981        62.30472352083686        3888.034588879104        243009.1161312866        250.8116964040936        40.49994108007945    
    50.50000000000000        259.6835575934718        62.86186484141919        3957.648270951909        249543.0329405650        250.8142841263241        39.49994304470635    
    51.50000000000000        288.8650362869623        63.40846661124996        4026.542362939645        256065.5842935178        250.8167984355118        38.49994495359649    
    52.50000000000000        321.5434534436359        63.94401626614829        4094.617127515032        262564.9736377429        250.8192438808415        37.49994681020367    
    53.50000000000000        358.0878083390073        64.46800325070571        4161.771358310743        269028.9853571838        250.8216246839199        36.49994861773303    
    54.50000000000000        398.8857973342242        64.97992987224947        4227.904217639672        275445.2029783814        250.8239447692701        35.49995037916413    
    55.50000000000000        444.3379577569184        65.47933706789725        4292.918794418242        281801.3755150670        250.8262077915496        34.49995209727165    
    56.50000000000000        494.8502528093389        65.96581030001654        4356.723331953714        288085.5831696690        250.8284171599019        33.49995377464390    
    57.50000000000000        550.8286244227057        66.43900118452018        4419.234483667038        294286.6025738053        250.8305760597895        32.49995541369933    
    58.50000000000000        612.6618955496942        66.89857123088316        4480.369782457686        300393.1475987650        250.8326874726116        31.49995701670144    
    59.50000000000000        680.7105852894113        67.34421664108034        4540.051160339161        306394.2461261975        250.8347541933703        30.49995858577227    
    60.50000000000000        755.2902234803657        67.77566460681857        4598.204769311827        312279.2572631941        250.8367788466088        29.49996012290442    
    61.50000000000000        836.6544241142150        68.19267869066422        4654.761985993027        318038.0059917782        250.8387639008236        28.49996162997201    
    62.50000000000000        924.9724685557659        68.59505842044840        4709.659566992460        323660.8252534050        250.8407116815206        27.49996310874059    
    63.50000000000000        1020.311093523648        68.98265008095083        4762.841408000099        329138.7708631543        250.8426243830677        26.49996456087617    
    64.50000000000000        1122.616220483770        69.35533848004648        4814.257535694207        334463.5362050324        250.8445040794753        25.49996598795339    
    65.50000000000000        1231.680645266219        69.71303627263651        4863.862866320738        339627.3536452618        250.8463527342217        24.49996739146291    
    66.50000000000000        1347.135600445145        70.05568534256352        4911.617467255269        344623.0356342737        250.8481722092257        23.49996877281837    
    67.50000000000000        1468.423751542956        70.38325483887698        4957.486542490927        349444.0073086414        250.8499642730567        22.49997013336247    
    68.50000000000000        1594.795032080940        70.69573855668509        5001.439949738397        354084.2490017613        250.8517306084632        21.49997147437278    
    69.50000000000000        1725.288355071247        70.99314011843637        5043.450302286189        358538.1219008255        250.8534728192887        20.49997279706696    
    70.50000000000000        1858.743884095978        71.27549546081597        5083.496153374761        362800.7125660132        250.8551924368408        19.49997410260761    
    71.50000000000000        1993.785701066718        71.54283544747082        5121.556782562153        366867.2935294781        250.8568909257679        18.49997539210669    
    72.50000000000000        2128.858181801304        71.79522050588818        5157.617084986459        370733.8468317210        250.8585696894936        17.49997666662971    
    73.50000000000000        2262.232223606398        72.03269618107593        5191.661292581684        374396.4039587253        250.8602300752554        16.49997792719952    
    74.50000000000000        2392.046169842626        72.25533416864764        5223.678775086742        377851.6659468804        250.8618733787856        15.49997917479982    
    75.50000000000000        2516.345756018298        72.46319363751429        5253.658535134019        381096.4204274865        250.8635008486737        14.49998041037857    
    76.50000000000000        2633.128183714452        72.65633198676485        5281.590644611440        384127.6885396052        250.8651136904395        13.49998163485104    
    77.50000000000000        2740.402681060250        72.83481871001905        5307.468312645818        386942.9605846323        250.8667130703504        12.49998284910263    
    78.50000000000000        2836.257051565494        72.99870692622423        5331.283797862577        389539.7599502194        250.8683001190054        11.49998405399171    
    79.50000000000000        2918.908105402519        73.14806193378604        5353.032428496706        391916.0701798743        250.8698759347157        10.49998525035214    
    80.50000000000000        2986.766498445376        73.28293334197051        5372.708615723681        394069.9107355058        250.8714415866980        9.499986438995665    
    81.50000000000000        3038.502766564472        73.40336744989320        5390.307577791833        395999.5193477655        250.8729981181071        8.499987620714254    
    82.50000000000000        3073.083734811294        73.50940967276358        5405.825688597463        397703.3920314471        250.8745465489225        7.499988796282299    
    83.50000000000000        3089.815965638857        73.60107685802468        5419.256373499949        399179.8288883999        250.8760878787083        6.499989966458644    
    84.50000000000000        3088.371512318544        73.67839202989938        5430.595198797758        400427.4953522313        250.8776230892622        5.499991131988691    
    85.50000000000000        3068.801744343215        73.74135880851507        5439.836109727077        401445.0087424995        250.8791531471701        4.499992293606284    
    86.50000000000000        3031.528320483100        73.78995935873954        5446.971108424204        402230.9019550950        250.8806790062787        3.499993452035559    
    87.50000000000000        2977.333703514461        73.82418328030231        5451.994520679735        402784.0973874227        250.8822016101010        2.499994607992847    
    88.50000000000000        2907.324110193154        73.84399516706421        5454.898173768605        403103.3699479532        250.8837218941685        1.499995762188414    
    89.50000000000000        2822.894805988187        73.84934831616509        5455.673463112234        403187.5813458853        250.8852407883397       0.4999969153281841    
    90.50000000000000        2725.672934381842        73.84019672048262        5454.313079954819        403035.8669372290        250.8867592190815      -0.5000019318844600    
    91.50000000000000        2617.462152850139        73.81646708579981        5450.806926205812        402647.1885770900        250.8882781117311       -1.500000778746991    
    92.50000000000000        2500.187200051655        73.77809060179322        5445.146860402910        402020.8663716972        250.8897983927528       -2.499999624556069    
    93.50000000000000        2375.827494537788        73.72499870378358        5437.326045485676        401156.5029601332        250.8913209920010       -3.499998468605736    
    94.50000000000000        2246.359387972346        73.65710413519315        5427.336206478035        400053.6850467191        250.8928468449998       -4.499997310185739    
    95.50000000000000        2113.706309224622        73.57432535292672        5415.171245534985        398712.3840249035        250.8943768952529       -5.499996148579800    
    96.50000000000000        1979.687093223170        73.47658575963088        5400.827154691470        397132.9479799372        250.8959120965954       -6.499994983063762    
    97.50000000000000        1845.981905759852        73.36380531438675        5384.300830547779        395315.9747003095        250.8974534155988       -7.499993812903812    
    98.50000000000000        1714.099148171195        73.23590600268361        5365.590869061119        393262.3961485779        250.8990018340443       -8.499992637354579    
    99.50000000000000        1585.353295852033        73.09282660164462        5344.699795506241        390973.7289939975        250.9005583514767       -9.499991455657247    
    100.5000000000000        1460.859615174551        72.93449883379664        5321.630510770359        388451.6742758888        250.9021239878536       -10.49999026703745    
    101.5000000000000        1341.523805579315        72.76087201435875        5296.389964233856        385698.5252684710        250.9036997863050       -11.49998907070327    
    102.5000000000000        1228.049897401171        72.57191121206328        5268.988885700413        382717.1349042924        250.9052868160205       -12.49998786584299    
    103.5000000000000        1120.949402662660        72.36760216055369        5239.442498507868        379510.9898578052        250.9068861752805       -13.49998665162281    
    104.5000000000000        1020.553045209993        72.14794461835554        5207.769464393650        376084.0813785343        250.9084989946511       -14.49998542718440    
    105.5000000000000        927.0342972395927        71.91295508704768        5173.992249953763        372440.9378895408        250.9101264403627       -15.49998419164242    
    106.5000000000000        840.4223916881912        71.66266588357716        5138.136904684793        368586.5868111795        250.9117697178954       -16.49998294408165    
    107.5000000000000        760.6302886930472        71.39712406809983        5100.232899036273        364526.5318148291        250.9134300757950       -17.49998168355421    
    108.5000000000000        687.4725747869177        71.11641147492143        5060.315975814714        360267.0528130837        250.9151088097470       -18.49998040907647    
    109.5000000000000        620.6879343185515        70.82064185222880        5018.427620584019        355815.1308972537        250.9168072669376       -19.49997911962566    
    110.5000000000000        559.9594366322077        70.50996661515147        4974.615799489929        351178.5137219075        250.9185268507356       -20.49997781413634    
    111.5000000000000        504.9296901373530        70.18455684159927        4928.932171807280        346365.3885591401        250.9202690257296       -21.49997649149666    
    112.5000000000000        455.2133535342662        69.84461006901611        4881.432896916881        341384.4460040656        250.9220353231632       -22.49997515054411    
    113.5000000000000        410.4140465457673        69.49034427120165        4832.177747660196        336244.7781380469        250.9238273468109       -23.49997379006111    
    114.5000000000000        370.1364006481404        69.12201695172300        4781.232573035017        330956.1103215920        250.9256467793469       -24.49997240877025    
    115.5000000000000        333.9900907614511        68.73990188355583        4728.665876108027        325528.4198786097        250.9274953892605       -25.49997100532890    
    116.5000000000000        301.5987640719651        68.34430196369249        4674.550542842891        319972.1070030267        250.9293750383847       -26.49996957832362    
    117.5000000000000        272.6042657459818        67.93553242650101        4618.961253477385        314297.6945850798        250.9312876901054       -27.49996812626382    
    118.5000000000000        246.6703773917757        67.51392676185424        4561.975186282527        308515.8858049614        250.9332354183336       -28.49996664757503    
    119.5000000000000        223.4843511624527        67.07982267124602        4503.669926694225        302637.3296770179        250.9352204173303       -29.49996514059145    
    120.5000000000000        202.7585261993826        66.63356383665136        4444.123613378102        296672.6241613990        250.9372450124866       -30.49996360354763    
    121.5000000000000        184.2293244974665        66.17549276767511        4383.413906033601        290632.2034961566        250.9393116721754       -31.49996203456969    
    122.5000000000000        167.6583119117707        65.70596619625705        4321.619954981919        284526.5253948655        250.9414230208069       -32.49996043166524    
    123.5000000000000        152.8299142930699        65.22534144228639        4258.820413995329        278365.8537743510        250.9435818532396       -33.49995879271243    
    124.5000000000000        139.5504710143726        64.73396579506165        4195.091936593689        272160.0992435518        250.9457911507186       -34.49995711544798    
    125.5000000000000        127.6462891110464        64.23218708109299        4130.510576477152        265918.9590136706        250.9480540985398       -35.49995539745375    
    126.5000000000000        116.9626324179802        63.72035470303963        4065.151899179969        259651.9260671702        250.9503741056668       -36.49995363614162    
    127.5000000000000        107.3623259904182        63.19881993638062        3999.090876871551        253368.2652057575        250.9527548265630       -37.49995182873729    
    128.5000000000000        98.72338852558261        62.66791499610462        3932.399096242086        247076.7349573269        250.9552001855414       -38.49994997226148    
    129.5000000000000        90.93775181161199        62.12798493760094        3865.148874297230        240785.9882999536        250.9577144039815       -39.49994806350940    
    130.5000000000000        83.90974164862654        61.57937580872873        3797.411679896436        234504.4176769176        250.9603020308215       -40.49994609902761    
    131.5000000000000        77.55497890900487        61.02242977303960        3729.257438166675        228240.0830803121        250.9629679767991       -41.49994407508802    
    132.5000000000000        71.79882351383206        60.45747779190145        3660.753620543626        222000.6300296928        250.9657175529947       -42.49994198765853    
    133.5000000000000        66.57555855030688        59.88485028695941        3591.966497205839        215793.4030734687        250.9685565143251       -43.49993983237015    
    134.5000000000000        61.82734117331325        59.30488585209728        3522.962195172493        209625.5458772694        250.9714911087518       -44.49993760447960    
    135.5000000000000        57.50298423214857        58.71790974317467        3453.803933493683        203503.7385341956        250.9745281331035       -45.49993529882683    
    136.5000000000000        53.55732612471890        58.12426484273387        3384.555856746935        197434.5586029232        250.9776749965769       -46.49993290978696    
    137.5000000000000        49.95064055076231        57.52430401150463        3315.281911243619        191424.3664931568        250.9809397931831       -47.49993043121525    
    138.5000000000000        46.64749355889546        56.91837709269039        3246.044231904246        185479.1605217348        250.9843313846492       -48.49992785638402    
    139.5000000000000        43.61675452447182        56.30682870595952        3176.902827339945        179604.5491488577        250.9878594955818       -49.49992517791055    
    140.5000000000000        40.83086816309857        55.69001484559274        3107.917475342106        173805.9194927453        250.9915348230680       -50.49992238767393    
    141.5000000000000        38.26559755788796        55.06829590495370        3039.146953011955        168088.3810991579        250.9953691633388       -51.49991947671864    
    142.5000000000000        35.89921912886029        54.44206379179317        2970.651930150406        162457.0040220097        250.9993755586801       -52.49991643514329    
    143.5000000000000        33.71243148908740        53.81168189708412        2902.488297407060        156916.2673007258        251.0035684684772       -53.49991325197067    
    144.5000000000000        31.68803500441429        53.17754442384535        2834.713385554036        151470.5551202483        251.0079639691494       -54.49990991499586    
    145.5000000000000        29.81081283646597        52.53998594185196        2767.376278725285        146123.3852872591        251.0125799888407       -55.49990641060820    
    146.5000000000000        28.06705804963647        51.89938880796246        2700.529430127694        140878.3628292923        251.0174365841252       -56.49990272358123    
    147.5000000000000        26.44470810621801        51.25613116415726        2634.223137125822        135738.7471363842        251.0225562677817       -57.49989883682365    
    148.5000000000000        24.93303418209848        50.61060166524639        2568.506847997184        130707.5433848902        251.0279643989834       -58.49989473108337    
    149.5000000000000        23.52246140184787        49.96318898962444        2503.428015578927        125787.4171942372        251.0336896502298       -59.49989038459278    
    150.5000000000000        22.20437422452889        49.31429744989146        2439.033509161168        120980.7984506756        251.0397645692292       -60.49988577264232    
    151.5000000000000        20.97089923938273        48.66429614998458        2375.364576222132        116289.5161406410        251.0462262590561       -61.49988086706409    
    152.5000000000000        19.81507631144610        48.01357931776117        2312.463103816405        111715.2969574130        251.0531172066863       -62.49987563560284    
    153.5000000000000        18.73059616326386        47.36255534496936        2250.370564502792        107259.6992525890        251.0604862991060       -63.49987004114447    
    154.5000000000000        17.71188416716225        46.71167400041040        2189.130344321383        102924.2675443913        251.0683900784838       -64.49986404076324    
    155.5000000000000        16.75386135068861        46.06133530694122        2128.779048794577        98709.91751069795        251.0768943047086       -65.49985758453550    
    156.5000000000000        15.85199778090706        45.41193644397899        2069.350895791902        94617.25508341684        251.0860759168461       -66.49985061405040    
    157.5000000000000        15.00199936115686        44.76388929084634        2010.879318767071        90646.69722392000        251.0960255176184       -67.49984306052394    
    158.5000000000000        14.20025337277093        44.11754194928201        1953.390031512973        86798.02065237443        251.1068505511883       -68.49983484238629    
    159.5000000000000        13.44323959659356        43.47327658260955        1896.909884653333        83070.97407546884        251.1186794109757       -69.49982586216309    
    160.5000000000000        12.72791205200215        42.83141556334229        1841.458256413964        79464.69260758875        251.1316668113513       -70.49981600239748    
    161.5000000000000        12.05145268294374        42.19225869658782        1787.050925858249        75978.00466787211        251.1460009014056       -71.49980512024922    
    162.5000000000000        11.41138225479876        41.55619642478642        1733.710102558114        72610.11042615367        251.1619128175882       -72.49979304024225    
    163.5000000000000        10.80553439321651        40.92357842456387        1681.452781349962        69359.81025418759        251.1796897098239       -73.49977954437540    
    164.5000000000000        10.23183553601221        40.29475455046885        1630.294390753891        66225.75602744881        251.1996928096654       -74.49976435840490    
    165.5000000000000        9.688465544542440        39.67010677972788        1580.251179224726        63206.59043437515        251.2223829743802       -75.49974713245082    
    166.5000000000000        9.173639829666481        39.04999426139447        1531.335857208629        60300.69507701230        251.2483575830351       -76.49972741298537    
    167.5000000000000        8.685794441140068        38.43475519400914        1483.558004399226        57506.23697252373        251.2784051410460       -77.49970460137581    
    168.5000000000000        8.223463351161753        37.82472467890598        1436.925271748840        54821.23491208653        251.3135883709710       -78.49967789079956    
    169.5000000000000        7.785334418025617        37.22022968583042        1391.443413887359        52243.59164878052        251.3553747777075       -79.49964616711453    
    170.5000000000000        7.370014878680077        36.62160501043061        1347.117283360056        49771.14274868233        251.4058496633444       -80.49960784712816    
    171.5000000000000        6.976269033685119        36.02913941599616        1303.947097807141        47401.46919768501        251.4680794774695       -81.49956060271892    
    172.5000000000000        6.603226676357339        35.44313252413302        1261.932589843490        45132.13008368928        251.5467657801825       -82.49950086429440    
    173.5000000000000        6.249632535693437        34.86388261289117        1221.072354083516        42960.64258138615        251.6495026827877       -83.49942286600509    
    174.5000000000000        5.914520692446065        34.29164701270624        1181.361040998263        40884.33685894659        251.7894054932881       -84.49931664968511    
    175.5000000000000        5.596988602562832        33.72668990947697        1142.792818082833        38900.54662800219        251.9912422436413       -85.49916340850771    
    176.5000000000000        5.296194171267548        33.16924384918754        1105.358884939908        37006.49254539616        252.3080673352148       -86.49892285349890    
    177.5000000000000        5.011299200130193        32.61953776796465        1069.049503333343        35199.39373249339        252.8777158588435       -87.49849029388892    
    178.5000000000000        4.741437391614815        32.07776248606719        1033.851888946435        33476.37325325017        254.2045011680221       -88.49748247983388    
    179.5000000000000        4.485969378688307        31.54413395701051        999.7541973977810        31834.64772599523        260.7559355424489       -89.49249091683937    
    180.5000000000000        4.244132575325756        31.01878175144179        966.7390793418245        30271.25419774489        61.01626834674959       -89.49248104720645    
    181.5000000000000        4.015285046502431        30.50191086996504        934.7930407510191        28783.43990959923        67.56753097334561       -88.49747247873110    
    182.5000000000000        3.798775921559235        29.99362753243215        903.8966917820413        27368.28153544200        68.89430214388005       -87.49848028204023    
    183.5000000000000        3.594024903802658        29.49406717661731        874.0321607875509        26022.98488948683        69.46394676148029       -86.49891283868338    
    184.5000000000000        3.400425163811458        29.00336350674709        845.1813705169656        24744.82033972953        69.78077024429122       -85.49915339247066    
    185.5000000000000        3.217452555702258        28.52159462320562        817.3230619905486        23530.99755942701        69.98260617999399       -84.49930663302948    
    186.5000000000000        3.044571139165320        28.04884375671468        790.4364171201507        22378.82551103935        70.12250852186065       -83.49941284899367    
    187.5000000000000        2.881245259890160        27.58520488924805        764.5012007844092        21285.70945102167        70.22524513040965       -82.49949084705976    
    188.5000000000000        2.727049318449928        27.13072571119276        739.4949721860619        20249.04857727436        70.30393123658811       -81.49955058533503    
    189.5000000000000        2.581497753936335        26.68542549353112        715.3940789502692        19266.27470013955        70.36616091290270       -80.49959782963964    
    190.5000000000000        2.444111380971398        26.24940031321737        692.1792659060845        18335.07406376139        70.41663569819235       -79.49963614954989    
    191.5000000000000        2.314508998781128        25.82259836146635        669.8237750082146        17452.91151690792        70.45842202960233       -78.49966787317766    
    192.5000000000000        2.192247417579662        25.40505687854195        648.3061794677651        16617.54878002643        70.49360520154609       -77.49969458370987    
    193.5000000000000        2.076993972673266        24.99676264819878        627.6026298300199        15826.72015351457        70.52365271397807       -76.49971739528485    
    194.5000000000000        1.968271442070513        24.59766094910236        607.6880673076935        15078.20394029518        70.54962728615679       -75.49973711472261    
    195.5000000000000        1.865843477840962        24.20774759618382        588.5402576737381        14369.94984371878        70.57231742122684       -74.49975434065418    
    196.5000000000000        1.769264119565628        23.82694096874078        570.1339355164820        13699.87570210703        70.59232049665050       -73.49976952660617    
    197.5000000000000        1.678310537800625        23.45518765918824        552.4458373699819        13066.04438867201        70.61009736853559       -72.49978302245755    
    198.5000000000000        1.592590391338622        23.09243801969646        535.4535181988981        12466.61732480171        70.62600926758000       -71.49979510245151    
    199.5000000000000        1.511859322787802        22.73859011804063        519.1327890070722        11899.76355083006        70.64034334306686       -70.49980598458873    
    200.5000000000000        1.435810244738985        22.39358677385526        503.4621916259240        11363.81149757760        70.65333073095665       -69.49981584434487    
    201.5000000000000        1.364196559864675        22.05730745088923        488.4180900415847        10857.07870841985        70.66515957996211       -68.49982482455987    
    202.5000000000000        1.296743002666032        21.72966403404833        473.9790701467028        10378.02046187870        70.67598460415782       -67.49983304269040    
    203.5000000000000        1.233236383037375        21.41054422793842        460.1232613319978        9925.131944870958        70.68593419672952       -66.49984059621063    
    204.5000000000000        1.173416637638185        21.09982523741114        446.8291578119793        9496.980064715817        70.69511580165241       -65.49984756669025    
    205.5000000000000        1.117081761274207        20.79739448137892        434.0763658833567        9092.219861244683        70.70362002149717       -64.49985402291315    
    206.5000000000000        1.064033879715219        20.50312001422851        421.8443441381313        8709.551707446522        70.71152379520602       -63.49986002329007    
    207.5000000000000        1.014062946981007        20.21686435284942        410.1130839672364        8347.743521647466        70.71889288256641       -62.49986561774460    
    208.5000000000000       0.9670028197982372        19.93850409958632        398.8637919624086        8005.645304057981        70.72578382566309       -61.49987084920241    
    209.5000000000000       0.9226721470200792        19.66788888711062        388.0772880331492        7682.140300795427        70.73224551141233       -60.49987575477753    
    210.5000000000000       0.8809108119730425        19.40488961623163        377.7358894429870        7376.197741654755        70.73832042673124       -59.49988036672521    
    211.5000000000000       0.8415640844196988        19.14935075653903        367.8215068420434        7086.813920299393        70.74404567464465       -58.49988471321326    
    212.5000000000000       0.8044913486730078        18.90115171818868        358.3180811556064        6813.082888878042        70.74945380281910       -57.49988881895125    
    213.5000000000000       0.7695518688060368        18.66012188252198        349.2081642734299        6554.091175683807        70.75457348371809       -56.49989270570675    
    214.5000000000000       0.7366205758309966        18.42614855387544        340.4771975746094        6309.043707574401        70.75943007648416       -55.49989639273181    
    215.5000000000000       0.7055769210505480        18.19905862992544        332.1088080328547        6077.121568912542        70.76404609386962       -54.49989989711769    
    216.5000000000000       0.6763077883977670        17.97873239471015        324.0892798607795        5857.612655481398        70.76844159242590       -53.49990323409090    
    217.5000000000000       0.6487085897721149        17.76501371155837        316.4039789113277        5649.803386280841        70.77263450027678       -52.49990641726205    
    218.5000000000000       0.6226746126859348        17.55775946703147        309.0393195389362        5453.036186092828        70.77664089382456       -51.49990945883604    
    219.5000000000000       0.5981198043965012        17.35683754233969        301.9825897837874        5266.700532292039        70.78047523243924       -50.49991236979007    
    220.5000000000000       0.5749478944237591        17.16209280867962        295.2207056892609        5090.197536587135        70.78415055839358       -49.49991516002554    
    221.5000000000000       0.5530851450261367        16.97340092628600        288.7421588435309        4922.991977718526        70.78767866790670       -48.49991783849790    
    222.5000000000000       0.5324491555532828        16.79062027929841        282.5352296640360        4764.561370338235        70.79107025805538       -47.49992041332816    
    223.5000000000000       0.5129719728160826        16.61362245738720        276.5890890707727        4614.425116980123        70.79433505343714       -46.49992289189893    
    224.5000000000000       0.4945837778653792        16.44227783673690        270.8932399750763        4472.127489424453        70.79748191577079       -45.49992528093794    
    225.5000000000000       0.4772227180466678        16.27646263675964        265.4377657629341        4337.243485567684        70.80051893906034       -44.49992758658989    
    226.5000000000000       0.4608275789898996        16.11604628031791        260.2128588536497        4209.364993139304        70.80345353249596       -43.49992981447970    
    227.5000000000000       0.4453437792851579        15.96091786125917        255.2097272912207        4088.123486965739        70.80629249290043       -42.49993196976737    
    228.5000000000000       0.4307193855187661        15.81095519727198        250.4195001655981        3973.160400962870        70.80904206823016       -41.49993405719621    
    229.5000000000000       0.4169045090302118        15.66604528876388        245.8339245928449        3864.144434805451        70.81170801339732       -40.49993608113521    
    230.5000000000000       0.4038544298972401        15.52607804350563        241.4451249147593        3760.764238003560        70.81429563947795       -39.49993804561640    
    231.5000000000000       0.3915244067669581        15.39093873126154        237.2453432264870        3662.721257123384        70.81680985720598       -38.49993995436791    
    232.5000000000000       0.3798747248830979        15.26052598048841        233.2275194946306        3569.743380145169        70.81925521551621       -37.49994181084325    
    233.5000000000000       0.3688678516011157        15.13473401434711        229.3846855420482        3481.569042962617        70.82163593578507       -36.49994361824709    
    234.5000000000000       0.3584681054127868        15.01346388819405        225.7103284897535        3397.955735274684        70.82395594232254       -35.49994537955873    
    235.5000000000000       0.3486432520926042        14.89662016106494        222.1982620651370        3318.676046792138        70.82621888958954       -34.49994709755261    
    236.5000000000000       0.3393620057567436        14.78410864053683        218.8425447612655        3243.515182830701        70.82842818654740       -33.49994877481663    
    237.5000000000000       0.3305951340661873        14.67583904649304        215.6375555438721        3172.272300108483        70.83058701848978       -32.49995041376904    
    238.5000000000000       0.3223165339531695        14.57172696242309        212.5780359669017        3104.760804204659        70.83269836665988       -31.49995201667320    
    239.5000000000000       0.3144999119156093        14.47168419161342        209.6587863159291        3040.800949046875        70.83476502591439       -30.49995358565079    
    240.5000000000000       0.3071221474487993        14.37563126079921        206.8750397256926        2980.228028736522        70.83678962066195       -29.49995512269427    
    241.5000000000000       0.3001606633470780        14.28348868277187        204.2221840539689        2922.885555729463        70.83877461927388       -28.49995662967760    
    242.5000000000000       0.2935953918881513        14.19518213403755        201.6959099138511        2868.628264289804        70.84072234713993       -27.49995810836609    
    243.5000000000000       0.2874071717124572        14.11064057204207        199.2921456693506        2817.320297171783        70.84263499851980       -26.49995956042562    
    244.5000000000000       0.2815780864310136        14.02979597252290        197.0070389268553        2768.834412866537        70.84451464732341       -25.49996098743070    
    245.5000000000000       0.2760914924044940        13.95258430840960        194.8369807445921        2723.052289122435        70.84636325693559       -24.49996239087180    
    246.5000000000000       0.2709317854240704        13.87894029918410        192.7784443137294        2679.860689944235        70.84818268918819       -23.49996377216243    
    247.5000000000000       0.2660852399862685        13.80880734845333        190.8282666010310        2639.157349362858        70.84997471256997       -22.49996513264525    
    248.5000000000000       0.2615379307187345        13.74212715594631        188.9833393573959        2600.843976207213        70.85174100975397       -21.49996647359760    
    249.5000000000000       0.2572772499072081        13.67884570540860        187.2407800302260        2564.829829315640        70.85348318451410       -20.49996779623709    
    250.5000000000000       0.2532916933434517        13.61891415613310        185.5979498656634        2531.031866226591        70.85520276809318       -19.49996910172627    
    251.5000000000000       0.2495704665078337        13.56228322706585        184.0522859880258        2499.370904509374        70.85690122507933       -18.49997039117692    
    252.5000000000000       0.2461037916956446        13.50890639553948        182.6013903396334        2469.773411757772        70.85857995884056       -17.49997166565450    
    253.5000000000000       0.2428831237542591        13.45874343113923        181.2431227749865        2442.173279818250        70.86024031656267       -16.49997292618182    
    254.5000000000000       0.2398994886088067        13.41175277062296        179.9753826807362        2416.507075002724        70.86188359393059       -15.49997417374245    
    255.5000000000000       0.2371445309487900        13.36789468090630        178.7961953212329        2392.715759324515        70.86351103948967       -14.49997540928431    
    256.5000000000000       0.2346114581132070        13.32713491701358        177.7038101659907        2370.746626345931        70.86512385871961       -13.49997663372263    
    257.5000000000000       0.2322935836296836        13.28944089225756        176.6965897677121        2350.550844777826        70.86672321785052       -12.49997784794270    
    258.5000000000000       0.2301851047177715        13.25478147352228        175.7730026515722        2332.083244555868        70.86831024744806       -11.49997905280288    
    259.5000000000000       0.2282327695649035        13.22316466392018        174.9326152692994        2315.321874113710        70.86988604579234       -10.49998024913701    
    260.5000000000000       0.2265744252230868        13.19445835004775        174.1713664122537        2300.174497513385        70.87145168207266       -9.499981437756714    
    261.5000000000000       0.2250637336113908        13.16874832671687        173.4909969620882        2286.664902928229        70.87300819941889       -8.499982619453972    
    262.5000000000000       0.2237444584883514        13.14597746502040        172.8895373389001        2274.744720172891        70.87455661778834       -7.499983795003172    
    263.5000000000000       0.2226127691234590        13.12612678508677        172.3660794464872        2264.387757468336        70.87609793672556       -6.499984965163059    
    264.5000000000000       0.2216658413602493        13.10917978532498        171.9198360369915        2255.571372575423        70.87763313801160       -5.499986130679041    
    265.5000000000000       0.2209011393781464        13.09512275431791        171.5501469888460        2248.276541445154        70.87916318821794       -4.499987292284982    
    266.5000000000000       0.2203171324006939        13.08394657841268        171.2565293806429        2242.488888091133        70.88068904117939       -3.499988450704926    
    267.5000000000000       0.2199123546113456        13.07564219943214        171.0385501146703        2238.195993293353        70.88221164039966       -2.499989606655224    
    268.5000000000000       0.2196853919725992        13.07020079867363        170.8958302018609        2235.387460722688        70.88373192140287       -1.499990760846172    
    269.5000000000000       0.2196360915993961        13.06762087090472        170.8282388121086        2234.058907656367        70.88525081404319      -0.4999919139836074    
    270.5000000000000       0.2197640777027778        13.06789694934651        170.8355837074180        2234.205580311989        70.88676924478500       0.5000069332290495    
    271.5000000000000       0.2200703087480286        13.07103408560781        170.9180082781231        2235.830525945764        70.88828813896551        1.500005780089235    
    272.5000000000000       0.2205548786293408        13.07703167737708        171.0755473681323        2238.935433603508        70.88980842305146        2.500004625893678    
    273.5000000000000       0.2212195144774740        13.08589740859610        171.3085105648075        2243.528548395168        70.89133102690180        3.500003469936382    
    274.5000000000000       0.2220654314370189        13.09763552160850        171.6171603459274        2249.618044048141        70.89285688604770        4.500002311507040    
    275.5000000000000       0.2230950580752283        13.11225700862504        172.0019931794646        2257.217849490639        70.89438694400242        5.500001149889438    
    276.5000000000000       0.2242694756712100        13.12977937355740        172.4637268646331        2266.347272123566        70.89592215461278        6.499999984359360    
    277.5000000000000       0.2257168748760948        13.15019873590749        173.0025659823662        2277.016501067324        70.89746348446468        7.499998814182926    
    278.5000000000000       0.2273155334265152        13.17354803626028        173.6197416320375        2289.257178865614        70.89901191535623        8.499997638614850    
    279.5000000000000       0.2291114162562912        13.19984097557499        174.3160335346313        2303.093192312716        70.90056844685162        9.499996456896209    
    280.5000000000000       0.2311090289975978        13.22909736875565        175.0924372896242        2318.553860378434        70.90213409893049        10.49999526825257    
    281.5000000000000       0.2333130207680163        13.26133753085138        175.9500175854885        2335.671077744871        70.90370991474781        11.49999407189208    
    282.5000000000000       0.2357300103092393        13.29659287809856        176.8902046280096        2354.485558489811        70.90529696352090        12.49999286700292    
    283.5000000000000       0.2383655165707256        13.33488689247175        177.9142674774638        2375.035921874727        70.90689634356080        13.49999165275120    
    284.5000000000000       0.2412265521247392        13.37625216888696        179.0237911585903        2397.368745491071        70.90850918546734        14.49999042827866    
    285.5000000000000       0.2443205192020446        13.42072179555479        180.2204388843224        2421.533672442613        70.91013665550790        15.49998919269980    
    286.5000000000000       0.2476558397968255        13.46833236009145        181.5060397127591        2447.585362901058        70.91177995920295        16.49998794509933    
    287.5000000000000       0.2512412914914013        13.51912030102493        182.8824897225886        2475.581526874198        70.91344034514221        17.49998668452942    
    288.5000000000000       0.2550868467585585        13.57312752289595        184.3519122439240        2505.586399326407        70.91511910905871        18.49998541000627    
    289.5000000000000       0.2592025557225393        13.63039619759526        185.9165168189997        2537.667922713427        70.91681759819033        19.49998412050699    
    290.5000000000000       0.2635999177541160        13.69097244208850        187.5787063020827        2571.900139358640        70.91853721596138        20.49998281496620    
    291.5000000000000       0.2682913251499364        13.75490438640214        189.3410270426010        2608.362298301537        70.92027942702076        21.49998149227185    
    292.5000000000000       0.2732895900049606        13.82224298005961        191.2061965521070        2647.139614822403        70.92204576267679        22.49998015126132    
    293.5000000000000       0.2786089084902534        13.89304303262921        193.1771379240265        2688.324181665131        70.92383782677392        23.49997879071703    
    294.5000000000000       0.2842645316143308        13.96736129983992        195.2569324227590        2732.014192566771        70.92565730206120        24.49997740936138    
    295.5000000000000       0.2902728658302517        14.04525801050616        197.4488684772012        2778.315200864354        70.92750595710905        25.49997600585159    
    296.5000000000000       0.2966516704520402        14.12679637557683        199.7564337085580        2827.340180409035        70.92938565383729        26.49997457877415    
    297.5000000000000       0.3034196984302608        14.21204157516364        202.1832921992504        2879.209286896503        70.93129835572523        27.49997312663833    
    298.5000000000000       0.3105972745573106        14.30106315583249        204.7333626275704        2934.051871113054        70.93324613678446        28.49997164786943    
    299.5000000000000       0.3182065117923887        14.39393342678535        207.4107794180148        2992.005937546314        70.93523119138405        29.49997014080157    
    300.5000000000000       0.3262709269376429        14.49072705134645        210.2198875789888        3053.218329007048        70.93725584503137        30.49996860366912    
    301.5000000000000       0.3348156402738085        14.59152215226194        213.1652850525525        3117.846045839020        70.93932256622435        31.49996703459793    
    302.5000000000000       0.3438673991522327        14.69639984132962        216.2518171234026        3186.056486940472        70.94143397950798        32.49996543159548    
    303.5000000000000       0.3534551214255427        14.80544368698525        219.4845710636936        3258.027763477028        70.94359287988577        33.49996379253972    
    304.5000000000000       0.3636093615218883        14.91874064834795        222.8689147172296        3333.950023589826        70.94580224875928        34.49996211516704    
    305.5000000000000       0.3743630407949287        15.03638105249936        226.4105049155704        3414.026087781230        70.94806527159299        35.49996039705911    
    306.5000000000000       0.3857514226886220        15.15845974094707        230.1153366373541        3498.473158108894        70.95038535753270        36.49995863562756    
    307.5000000000000       0.3978130026620563        15.28507424998777        233.9896987731595        3587.522352150544        70.95276616123861        37.49995682809770    
    308.5000000000000       0.4105878018871971        15.41632579186890        238.0402153579522        3681.420222588280        70.95521160723648        38.49995497149003    
    309.5000000000000       0.4241194398916873        15.55231965684670        242.2738757453033        3780.430215101703        70.95772591713630        39.49995306259937    
    310.5000000000000       0.4384538798119972        15.69316163971502        246.6979325309783        3884.830877681442        70.96031364012623        40.49995109797185    
    311.5000000000000       0.4536410151698838        15.83896361310261        251.3200935112509        3994.921187606648        70.96297968721524        41.49994907387904    
    312.5000000000000       0.4697344617216396        15.98984005455443        256.1484305212471        4111.019293937893        70.96572936977843        42.49994698628839    
    313.5000000000000       0.4867908989098020        16.14590743260331        261.1913693890186        4233.462981474659        70.96856844305363        43.49994483083037    
    314.5000000000000       0.5048728711816340        16.30728798668213        266.4578358060354        4362.614324655164        70.97150315535239        44.49994260276121    
    315.5000000000000       0.5240453066280289        16.47410289219483        271.9570469373262        4498.855514885779        70.97454030388542        45.49994029692031    
    316.5000000000000       0.5443807652271023        16.64648153581823        277.6988335790031        4642.597864333558        70.97768729826740        46.49993790768209    
    317.5000000000000       0.5659531894494404        16.82455225381750        283.6933568966408        4794.276037223676        70.98095223296768        47.49993542890116    
    318.5000000000000       0.5888468692363473        17.00844911795916        289.9513448883873        4954.354961444541        70.98434397021627        48.49993285384908    
    319.5000000000000       0.6131458993610130        17.19830131784769        296.4837607194066        5123.322907131728        70.98787223517331        49.49993017514227    
    320.5000000000000       0.6389492873733934        17.39425494592248        303.3025684858250        5301.712561673026        70.99154772553621        50.49992738465890    
    321.5000000000000       0.6663500954949342        17.59643360487350        310.4193756219460        5490.066799459106        70.99538223821033        51.49992447344250    
    322.5000000000000       0.6954662424565543        17.80499261738017        317.8473788078514        5688.992171613261        70.99938881622893        52.49992143159042    
    323.5000000000000       0.7263989377706239        18.02005965043003        325.5992462559958        5899.103190765546        71.00358191980717        53.49991824812430    
    324.5000000000000       0.7592849482170758        18.24179579351896        333.6893794129266        6121.086451946991        71.00797762628901        54.49991491083781    
    325.5000000000000       0.7942485526149810        18.47032602968950        342.1313481263742        6355.630740341247        71.01259386485059        55.49991140611868    
    326.5000000000000       0.8314351377166293        18.70581965535591        350.9409163741997        6603.513893393796        71.01745069322284        56.49990771873874    
    327.5000000000000       0.8709940173548080        18.94839909900100        360.1326679877110        6865.510438895726        71.02257062548463        57.49990383160475    
    328.5000000000000       0.9130928360511041        19.19823106542772        369.7234150333711        7142.488919152270        71.02797902227549        58.49989972546231    
    329.5000000000000       0.9578930877932049        19.45544200090487        379.7290495672677        7435.325411785407        71.03370455775443        59.49989537854140    
    330.5000000000000        1.005598042402909        19.72018597719815        390.1671449158044        7744.980352036724        71.03977978151615        60.49989076612961    
    331.5000000000000        1.056384678306125        19.99260404382529        401.0553839258739        8072.454508232060        71.04624179878721        61.49988586005572    
    332.5000000000000        1.110487796323102        20.27284033698675        412.4122823641312        8418.815333683735        71.05313309901041        62.49988062806081    
    333.5000000000000        1.168113093720564        20.56103409606689        424.2568107236182        8785.185821567646        71.06050257201309        63.49987503302649    
    334.5000000000000        1.229522258465406        20.85735315610731        436.6098797934255        9172.796150453350        71.06840676325304        64.49986903202202    
    335.5000000000000        1.294963868204695        21.16189494895884        449.4901132770726        9582.850336481788        71.07691143644770        65.49986257511800    
    336.5000000000000        1.364728949512079        21.47484551626236        462.9206517066834        10016.74727842173        71.08609353514596        66.49985560389688    
    337.5000000000000        1.439082278960989        21.79628403044677        476.9208042038072        10475.81612206255        71.09604366735412        67.49984804956655    
    338.5000000000000        1.518398743987292        22.12635671785428        491.5133631297221        10961.54832806623        71.10686928350657        68.49983983054786    
    339.5000000000000        1.602935830379960        22.46517956751793        506.7209245400969        11475.50138506123        71.11869878452464        69.49983084935509    
    340.5000000000000        1.693129856674455        22.81283985850064        522.5648847612738        12019.22871140767        71.13168689382626        70.49982098851774    
    341.5000000000000        1.789315388846527        23.16948800664816        539.0710913795176        12594.52913329055        71.14602177151539        71.49981010517904    
    342.5000000000000        1.891906082083861        23.53513206202101        556.2587506139209        13203.00738434826        71.16193456758508        72.49979802384254    
    343.5000000000000        2.001361692154442        23.90994835566346        574.1562874864798        13846.68314023942        71.17971244880418        73.49978452648168    
    344.5000000000000        2.118131876059831        24.29394608576983        592.7844958767048        14527.35868524865        71.19971666794099        74.49976933882081    
    345.5000000000000        2.242717552392679        24.68717590219056        612.1670086205690        15247.01717769198        71.22240810936538        75.49975211093938    
    346.5000000000000        2.375621509293124        25.08971150465554        632.3291267102713        16007.77305597394        71.24838418732710        76.49973238925662    
    347.5000000000000        2.517451086234598        25.50157620051941        653.2944316529691        16811.75823865282        71.27843345375879        77.49970957507013    
    348.5000000000000        2.668680737866352        25.92273305874221        675.0838250914679        17661.07165673272        71.31361869403214        78.49968286146317    
    349.5000000000000        2.830065965708430        26.35324787571138        697.7241123808027        18558.12206238786        71.35540749997423        79.49965113416349    
    350.5000000000000        3.002151977040577        26.79308480072542        721.2374250030606        19505.21976236284        71.40588529751999        80.49961280979325    
    351.5000000000000        3.185779014286194        27.24225063796363        745.6484268058115        20504.84950240497        71.46811871893907        81.49956555995828    
    352.5000000000000        3.381562403978660        27.70068148195772        770.9786061048860        21559.45815969474        71.54680960548511        82.49950581464711    
    353.5000000000000        3.590318128419296        28.16835821026738        797.2521308973031        22671.68045384049        71.64955252474527        83.49942780733166    
    354.5000000000000        3.812976176732619        28.64524156225507        824.4924316878030        23844.20585936601        71.78946357756885        84.49932157867056    
    355.5000000000000        4.050385911109480        29.13125651219157        852.7212816151883        25079.74163414882        71.99131230554902        85.49916831960741    
    356.5000000000000        4.303534562315535        29.62632719253507        881.9603821263935        26381.06525435254        72.30815638191976        86.49892773636236    
    357.5000000000000        4.573520109649118        30.13038200730326        912.2321318913263        27751.08083681994        72.87783955509082        87.49849512555598    
    358.5000000000000        4.861412305562680        30.64330695677306        943.5563070195441        29192.64979576603        74.20470794853301        88.49748719032630    
    359.5000000000000        5.168430360207582        31.16504723372177        975.9565522541736        30708.90299305784        80.75659462541132        89.49249499299204    
