 # author: MA Kubiak / Space Research Center PAS Warsaw Poland, contact: mkubiak@cbk.waw.pl                          
 # code version Program.keplerV_ellipt_V2      , Dates: calkV:20/04/2026  ; part_pr:20/04/2026                       
 # czas no T v_mas, kier.naplywu(dl, szer) macierz obrotu (ecl to helio), r, theta, phi(ecl,spher), V_detector(ecl,cart), IBEX_energy_channel
 #     2026.035460000000        0.8088930000000000E-03     9480.000000000000        -11.28000000301609         251.5700000000000         11.95000000000000        0.2459841265748581        0.9692738567985851         0.000000000000000       -0.9615244635393438        0.2440174711049008        0.1261989691358298        0.1223213615382913       -0.3104294319752456E-01    0.9920049496797150        0.9748730000000000         113.4108140000000       -0.2941000000000000E-01    -27.43600000000000        -11.83600000000000        0.3799999999999999E-01 00
 # routs_end= 150.00;    Maxwellian,    elliptOrb=Off                                                                                        
 # Numerical parameters: GridKl=10  GridKf=09  GridKV=05  epsV= 0.0000100  epssJon=.0010000                                                  
 # Numerical parameters: GridKl=10  GridKf=09  GridKV=05  epsV= 0.0000100  epssJon=.0010000; tessel128                                                                                                                                                                                                                                                                                                                                                                                                                                                                 
# Axis to the Sun: alpha_ecl= 289.2910000000000000 delta_Ecl= -0.0420000000000000 delta_Ax= 75.0000000000000000  repoint= 00125
 #  flag_atom: He                                                   
 #  flag_general:                                                   
 #                                                                  
 #                                                                  
  # Ly_a_Profil: zero                                               
  # flag_Itot: zero                                                 
 #  v_SW_Eqtr: speed3D.hybrid2026c_patched.dat                      
 #  n_SW_Eqtr: density3D.hybrid2026c_patched.dat                    
 #  phot_Eqtr: 0.8500000  phion_Helium_T12F107_2026c.dat            
 #  sigma_SW: p+He->H +He+, He + alpha (2 chnls);src:simuLosses.nb  
 #  flag_el:slow  swEqtrElectrons5.2026c.patched.dat                
 #  SW_lati: interpolation                                          
 #  phot_lati: analit pole-flattened after Pryor & Auchere          
 #
 #
 #
 #Spin  flux speed	speed^2 speed^3    long_ecl lat_ecl
   0.5000000000000000        290.0420448973642        33.48132580945399        1127.173500272151        38154.54437816831        287.4307425181790        74.94987982878898    
    1.500000000000000        306.7780909356232        34.01223021673632        1163.162312695020        39994.20322274475        283.7263901763597        74.88509551131820    
    2.500000000000000        324.2731569938928        34.55016369936887        1200.199024825960        41917.02706110578        280.0697050847542        74.75635319786697    
    3.500000000000000        342.5356142685451        35.09489972598308        1238.289988959550        43925.39941820944        276.4898319222112        74.56525394917129    
    4.500000000000000        361.5684982281289        35.64626114258319        1277.444530518691        46021.90396310397        273.0122988485981        74.31407770272649    
    5.500000000000000        381.3710343262842        36.20402373061155        1317.667882733973        48208.93544495867        269.6581637870862        74.00565593851056    
    6.500000000000000        401.9433071107348        36.76798603035192        1358.966379709438        50488.98835195405        266.4436050613555        73.64322826210216    
    7.500000000000000        423.2821644896754        37.33791714228546        1401.343444506581        52864.42319219110        263.3799244069424        73.23029781031526    
    8.500000000000000        445.3794438270272        37.91359802504019        1444.802478058388        55337.61565586662        260.4738787374613        72.77049755834142    
    9.500000000000000        468.2236695286751        38.49479564439247        1489.345084886990        57910.86281686259        257.7282334818674        72.26747559004652    
    10.50000000000000        491.8030278958635        39.08125899596037        1534.970476776823        60586.33020483834        255.1424315877914        71.72480329414715    
    11.50000000000000        516.1022781269222        39.67274823887897        1581.677801665865        63366.18740131053        252.7132899473476        71.14590703559979    
    12.50000000000000        541.1041609315187        40.26901434458907        1629.464531023436        66252.50892168369        250.4356598050679        70.53402146896040    
    13.50000000000000        566.7893458117047        40.86977883166626        1678.324605823746        69247.14499281606        248.3030124840689        69.89216131301558    
    14.50000000000000        593.1347590762158        41.47479532668812        1728.253537545651        72352.03445812842        246.3079323588487        69.22310789968751    
    15.50000000000000        620.1186411853766        42.08378942100521        1779.243390925590        75568.88733612966        244.4425138928073        68.52940688310915    
    16.50000000000000        647.7175031693881        42.69648751252572        1831.285051093868        78899.31167090642        242.6986689625284        67.81337390202249    
    17.50000000000000        675.9069665080199        43.31261854271980        1884.368468042800        82344.83253251768        241.0683556744827        67.07710554183042    
    18.50000000000000        704.6654303645176        43.93191546840641        1938.482687838549        85906.88069957016        239.5437417271285        66.32249351683710    
    19.50000000000000        733.9691832552434        44.55408630350608        1993.613201358912        89586.60619608307        238.1173152372760        65.55124051749513    
    20.50000000000000        763.7984736812592        45.17885353619857        2049.745469046236        93385.10892201576        236.7819547236225        64.76487660978567    
    21.50000000000000        794.1327296949329        45.80592221189881        2106.861975141431        97303.22841223663        235.5309682355967        63.96477542674723    
    22.50000000000000        824.9565351475734        46.43498156373505        2164.942267908335        101341.5329983041        234.3581098143498        63.15216966176657    
    23.50000000000000        856.2563373174341        47.06573078986229        2223.965344341850        105500.4787131605        233.2575797878146        62.32816557179076    
    24.50000000000000        888.0185863099582        47.69785875499555        2283.907793595233        109780.2753236315        232.2240139330183        61.49375633995987    
    25.50000000000000        920.2379813501096        48.33104626875976        2344.743813534250        114180.8668521135        231.2524653167456        60.64983424433703    
    26.50000000000000        952.9116530302044        48.96497669604859        2406.446356641751        118702.0161325713        230.3383816421188        59.79720164361439    
    27.50000000000000        986.0412657162859        49.59932107874758        2468.985499593856        123343.1638791679        229.4775801568990        58.93658083093773    
    28.50000000000000        1019.632780141759        50.23373986427521        2532.328585174460        128103.4307616252        228.6662215859010        58.06862283033000    
    29.50000000000000        1053.699842865837        50.86790670113576        2596.442685243428        132981.8002009065        227.9007841013918        57.19391522187667    
    30.50000000000000        1088.256888162692        51.50145578814673        2661.289021834029        137976.6673158758        227.1780380115036        56.31298908572926    
    31.50000000000000        1123.324451529018        52.13402253171392        2726.827163490308        143086.1561104622        226.4950216018345        55.42632515385898    
    32.50000000000000        1158.929256343119        52.76523728989616        2793.014316878555        148308.0512765362        225.8490183885121        54.53435925430213    
    33.50000000000000        1195.100928302196        53.39472979354728        2859.805812166543        153639.8298790622        225.2375359152938        53.63748712672334    
    34.50000000000000        1231.873484973070        54.02210758428233        2927.152741529820        159078.4588847711        224.6582861397199        52.73606868138615    
    35.50000000000000        1269.283339096594        54.64697746453862        2995.004215295892        164620.5648415254        224.1091673938645        51.83043176665409    
    36.50000000000000        1307.373861738325        55.26894263162482        3063.307045774077        170262.3987016629        223.5882478662270        50.92087550332170    
    37.50000000000000        1346.190749032567        55.88760869477258        3132.006449368625        175999.8889383730        223.0937505270472        50.00767323761662    
    38.50000000000000        1385.776994961537        56.50255999413383        3201.043330848599        181828.3998775138        222.6240394055450        49.09107515873986    
    39.50000000000000        1426.177057289269        57.11336572181742        3270.354877669581        187742.7651529946        222.1776071211346        48.17131062137789    
    40.50000000000000        1467.444344781384        57.71962740670495        3339.880070309761        193737.7587683189        221.7530635692410        47.24859020873208    
    41.50000000000000        1509.620415517155        58.32090377956124        3409.551143604961        199807.3598092732        221.3491256642754        46.32310756725733    
    42.50000000000000        1552.758517345917        58.91679491693847        3479.303219420283        205945.5716538357        220.9646080464059        45.39504104044416    
    43.50000000000000        1596.893351312023        59.50683535584668        3549.061875856978        212145.3293550424        220.5984146641318        44.46455512558098    
    44.50000000000000        1642.082267031324        60.09064215047280        3618.760638727578        218400.0434958146        220.2495311507292        43.53180177445009    
    45.50000000000000        1688.347037095073        60.66773858828913        3688.320188948279        224701.7532148157        219.9170179189713        42.59692155629801    
    46.50000000000000        1735.732626621037        61.23773100802409        3757.669375691526        231042.9932787791        219.6000039048527        41.66004469913844    
    47.50000000000000        1784.254385017699        61.80016239219892        3826.727752611313        237415.2251213891        219.2976808971801        40.72129202345337    
    48.50000000000000        1833.925140219737        62.35460148103645        3895.416465925641        243809.8306277953        219.0092983957213        39.78077578061998    
    49.50000000000000        1884.752232431344        62.90063188818758        3963.656956063792        250217.9901987691        218.7341589460561        38.83860040687678    
    50.50000000000000        1936.725319008216        63.43783197779327        4031.368646479537        256630.4811704891        218.4716139043238        37.89486320232164    
    51.50000000000000        1989.822883202826        63.96579028602562        4098.470929989709        263037.8660597668        218.2210595896982        36.94965494328444    
    52.50000000000000        2044.009980939221        64.48410473676019        4164.883150879933        269430.4953342653        217.9819337866470        36.00306043541261    
    53.50000000000000        2099.236515359755        64.99238987163393        4230.525726412164        275798.6308027079        217.7537125628773        35.05515901393349    
    54.50000000000000        2155.428454862620        65.49025633565455        4295.317625184400        282132.2125450903        217.5359073723349        34.10602499679216    
    55.50000000000000        2212.496432548481        65.97733982544072        4359.180165809911        288421.2311859523        217.3280624157599        33.15572809569656    
    56.50000000000000        2270.324977553850        66.45327867054583        4422.034342328599        294655.4906129098        217.1297522341145        32.20433378951714    
    57.50000000000000        2328.783921552379        66.91774198478893        4483.804539304399        300824.9747309800        216.9405795127299        31.25190366397803    
    58.50000000000000        2387.713996720780        67.37038845042831        4544.413339590166        306919.3590494519        216.7601730762862        30.29849572112831    
    59.50000000000000        2446.938655501984        67.81091286372907        4603.787837224190        312928.6549169741        216.5881860567725        29.34416466168978    
    60.50000000000000        2506.263970696863        68.23902850952101        4661.857387655245        318842.9959970352        216.4242942183957        28.38896214303303    
    61.50000000000000        2565.471965535522        68.65446359213324        4718.553358328820        324652.6383315796        216.2681944250343        27.43293701523030    
    62.50000000000000        2624.333419227124        69.05696590976925        4773.809781753575        330348.0320278934        216.1196032372945        26.47613553736720    
    63.50000000000000        2682.597950974190        69.44628659804646        4827.561342830682        335919.6391764947        215.9782556275315        25.51860157606106    
    64.50000000000000        2740.001161624832        69.82221069921610        4879.747747858358        341358.4056146817        215.8439038023678        24.56037678792598    
    65.50000000000000        2796.280373524324        70.18453032792753        4930.310004655550        346655.3773412642        215.7163161232883        23.60150078754221    
    66.50000000000000        2851.159904451390        70.53305063028488        4979.191483291053        351801.8397545459        215.5952761168326        22.64201130232640    
    67.50000000000000        2904.359107664980        70.86758168816799        5026.336778771175        356789.2017193032        215.4805815667443        21.68194431555578    
    68.50000000000000        2955.594217079313        71.18794760722547        5071.693110324637        361609.1603364180        215.3720436811960        20.72133419867336    
    69.50000000000000        3004.579450550018        71.49397597071298        5115.208932116550        366253.5689350595        215.2694863288849        19.76021383388911    
    70.50000000000000        3051.034518234591        71.78550511672680        5156.835048145257        370714.5693394044        215.1727453384069        18.79861472799255    
    71.50000000000000        3094.680854338426        72.06238388006167        5196.524628931169        374984.6036999975        215.0816678558658        17.83656711820407    
    72.50000000000000        3135.242008105432        72.32446440808421        5234.232257958243        379056.3244731329        214.9961117561693        16.87410007081403    
    73.50000000000000        3172.444168501904        72.57161727697407        5269.916178191014        382922.8495009104        214.9159451039103        15.91124157328905    
    74.50000000000000        3206.032465535701        72.80371957255839        5303.536633041983        386577.5932823391        214.8410456601385        14.94801862046269    
    75.50000000000000        3235.760281326695        73.02066246567371        5335.057039875021        390014.4070863005        214.7713004316906        13.98445729537342    
    76.50000000000000        3261.395714575459        73.22234677327515        5364.443367112986        393227.5175271456        214.7066052600797        13.02058284526305    
    77.50000000000000        3282.729167085638        73.40868735289885        5391.664867094367        396211.6210057001        214.6468644472492        12.05641975320587    
    78.50000000000000        3299.582960888308        73.57961474573155        5416.694353249793        398961.9219787167        214.5919904157665        11.09199180579997    
    79.50000000000000        3311.814082274458        73.73507026985808        5439.507531176161        401474.0685132688        214.5419034012881        10.12732215731793    
    80.50000000000000        3319.318517303129        73.87500757618172        5460.083275654134        403744.1916249479        214.4965311753533        9.162433390683537    
    81.50000000000000        3322.030670391327        73.99938363281032        5478.402295764583        405768.7599513874        214.4558087967790        8.197347575615041    
    82.50000000000000        3319.930930696031        74.10816429651908        5494.447992898042        407544.6816613631        214.4196783901204        7.232086324250749    
    83.50000000000000        3313.047831322522        74.20131843550035        5508.205640158733        409069.2213468996        214.3880889498437        6.266670844553072    
    84.50000000000000        3301.462020729145        74.27881510351635        5519.661968551866        410339.9568916263        214.3609961690267        5.301121991768506    
    85.50000000000000        3285.301724559047        74.34063053554249        5528.806232706957        411354.9032676509        214.3383622915571        4.335460318205308    
    86.50000000000000        3264.737440497666        74.38673678668614        5535.628503202741        412112.3214167375        214.3201559869497        3.369706121577506    
    87.50000000000000        3239.977677801671        74.41711050520888        5540.121006617762        412610.8731835233        214.3063522470402        2.403879492152436    
    88.50000000000000        3211.265830696807        74.43173511534353        5542.278451577899        412849.6588521883        214.2969323039492        1.438000358929408    
    89.50000000000000        3178.869704688817        74.43059287147513        5542.096815030335        412828.0785922756        214.2918835688348       0.4720885350697756    
    90.50000000000000        3143.084633311970        74.41367462279351        5539.574856902497        412546.0090215279        214.2911995910790      -0.4938362372070662    
    91.50000000000000        3104.221929879214        74.38098160723833        5534.714381777258        412003.8317903086        214.2948800376694       -1.459754242051687    
    92.50000000000000        3062.599869560884        74.33251269697918        5527.518274753151        411202.2062347607        214.3029306926600       -2.425645745528715    
    93.50000000000000        3018.551113460291        74.26828177780563        5517.993154092189        410142.3725688320        214.3153634767083       -3.391490951069968    
    94.50000000000000        2972.405207291462        74.18831002126690        5506.148174573580        408826.0118707319        214.3321964868051       -4.357269954629161    
    95.50000000000000        2924.489934269429        74.09262990222874        5491.995644807031        407255.3159297836        214.3534540564323       -5.322962699328054    
    96.50000000000000        2875.128873978359        73.98128046575050        5475.550260159719        405432.8927224463        214.3791668365005       -6.288548929379918    
    97.50000000000000        2824.639564549306        73.85431255285903        5456.829882298150        403361.8517744548        214.4093718975472       -7.254008143070918    
    98.50000000000000        2773.323608748851        73.71179024046569        5435.855749679822        401045.8250992215        214.4441128537985       -8.219319544572027    
    99.50000000000000        2721.471338046957        73.55378755732386        5412.651911083425        398488.8925488932        214.4834400098352       -9.184461994345448    
    100.5000000000000        2669.355256367162        73.38038891374515        5387.245259993935        395695.5795499515        214.5274105307396       -10.14941395789761    
    101.5000000000000        2617.230225780024        73.19169410145017        5359.666259805633        392670.9330994834        214.5760886367513       -11.11415345261840    
    102.5000000000000        2565.339607978921        72.98780750789663        5329.947265383307        389420.3228131664        214.6295458236144       -12.07865799242997    
    103.5000000000000        2513.900880040250        72.76884930687969        5298.124148890821        385949.6149467715        214.6878611099693       -13.04290452995112    
    104.5000000000000        2463.114010729767        72.53495163657347        5264.235636270232        382265.0840812997        214.7511213133194       -14.00686939586238    
    105.5000000000000        2413.155482585710        72.28626767163202        5228.324587530496        378373.5450180460        214.8194213563045       -14.97052823513377    
    106.5000000000000        2364.181471815557        72.02295830104875        5190.435936832070        374282.1105886023        214.8928646052166       -15.93385593975013    
    107.5000000000000        2316.327069158133        71.74520264803024        5150.618215806239        369998.3533561218        214.9715632429318       -16.89682657753946    
    108.5000000000000        2269.703354074726        71.45318767524935        5108.921886608819        365530.1027277631        215.0556386786782       -17.85941331667513    
    109.5000000000000        2224.402454274830        71.14712595043828        5065.401805067268        360885.6973414582        215.1452219973380       -18.82158834538456    
    110.5000000000000        2180.496732691717        70.82724417377941        5020.115520612260        356073.7922379880        215.2404544512839       -19.78332278635414    
    111.5000000000000        2138.038659534740        70.49378884987787        4973.123942721417        351103.4108972690        215.3414879980819       -20.74458660527110    
    112.5000000000000        2097.061607219490        70.14702427159433        4924.490914422830        345983.8816254567        215.4484858877604       -21.70534851288852    
    113.5000000000000        2057.570893922220        69.78721614270982        4874.280796744503        340724.5669575317        215.5616233037520       -22.66557585993821    
    114.5000000000000        2019.556982399399        69.41465098644173        4822.561106743299        335335.1292294280        215.6810880620599       -23.62523452414690    
    115.5000000000000        1982.997089320163        69.02962464853199        4769.400779388289        329825.3320923647        215.8070813737014       -24.58428878853290    
    116.5000000000000        1947.857423267427        68.63245327959386        4714.871583486542        324205.1735226359        215.9398186760313       -25.54270121007360    
    117.5000000000000        1914.088057234605        68.22345130141328        4659.044938331614        318484.5388233291        216.0795305391613       -26.50043247773366    
    118.5000000000000        1881.625512132231        67.80294630053764        4601.993859482299        312673.3893868582        216.2264636543739       -27.45744125873401    
    119.5000000000000        1850.396398678809        67.37126940043017        4543.791574025905        306781.6119701708        216.3808819121905       -28.41368403181438    
    120.5000000000000        1820.318840970062        66.92875891377976        4484.511885864316        300819.0408690074        216.5430675785966       -29.36911490610048    
    121.5000000000000        1791.304475490631        66.47575726429727        4424.228644673369        294795.3923267827        216.7133225788767       -30.32368542402634    
    122.5000000000000        1763.260511660366        66.01261577863092        4363.016367809292        288720.3240436186        216.8919698995622       -31.27734434657943    
    123.5000000000000        1736.089799159668        65.53967923431216        4300.948064273389        282603.2059811967        217.0793551201754       -32.23003741893037    
    124.5000000000000        1709.690763314719        65.05729273691226        4238.096097120841        276453.2013572193        217.2758480877674       -33.18170711427516    
    125.5000000000000        1683.961915901583        64.56579969529832        4174.531837180308        270279.2252717731        217.4818447487206       -34.13229235345104    
    126.5000000000000        1658.798905112085        64.06553325795079        4110.324485890066        264089.8244389260        217.6977691539290       -35.08172819758557    
    127.5000000000000        1634.101563933107        63.55682833745298        4045.542633045220        257893.3300855040        217.9240756553079       -36.02994551069481    
    128.5000000000000        1609.768175740232        63.04001048343618        3980.252725116175        251697.7031884507        218.1612513136384       -36.97687058875290    
    129.5000000000000        1585.708006230738        62.51541976000073        3914.522219452566        245510.8466833688        218.4098185400478       -37.92242475130966    
    130.5000000000000        1561.825438925878        61.98337976408458        3848.415342792789        239340.1768641259        218.6703379959807       -38.86652389122173    
    131.5000000000000        1538.034246276920        61.44421480297459        3781.995450488558        233192.8649697647        218.9434117793785       -39.80907797747822    
    132.5000000000000        1514.246016919725        60.89824049178369        3715.323653820966        227075.6954563128        219.2296869279499       -40.74999050543484    
    133.5000000000000        1490.386267135035        60.34579545249656        3648.462884959928        220995.4585508267        219.5298592739492       -41.68915788800566    
    134.5000000000000        1466.375327347311        59.78719002598946        3581.471311703535        214958.3210397764        219.8446776887795       -42.62646878048380    
    135.5000000000000        1442.150300517523        59.22276421944488        3514.409703862107        208970.5316846087        220.1749487600493       -43.56180333065837    
    136.5000000000000        1417.642713738897        58.65283069894011        3447.334083088716        203037.7169979254        220.5215419484408       -44.49503234474066    
    137.5000000000000        1392.796862140278        58.07771482414781        3380.300864738677        197165.3791394237        220.8853952769177       -45.42601635828728    
    138.5000000000000        1367.563019669767        57.49773780462572        3313.364677080945        191358.6892182218        221.2675216103951       -46.35460459978864    
    139.5000000000000        1341.897226070928        56.91321767096589        3246.578413045228        185622.4931198571        221.6690155899912       -47.28063383284386    
    140.5000000000000        1315.764584930302        56.32446733791021        3179.993092833272        179961.3105750981        222.0910612923282       -48.20392706083951    
    141.5000000000000        1289.138641025722        55.73178634867234        3113.656880480999        174379.2522316882        222.5349406909232       -49.12429207575104    
    142.5000000000000        1261.999391941499        55.13548887252869        3047.618201997453        168880.2879744131        223.0020430033541       -50.04151983005344    
    143.5000000000000        1234.332767082697        54.53587730009048        2981.922778934532        163468.0007920462        223.4938750143136       -50.95538260771605    
    144.5000000000000        1206.139785343045        53.93325721870787        2916.615433865154        158145.7547979052        224.0120724704813       -51.86563196682340    
    145.5000000000000        1177.426610662833        53.32792233323188        2851.738214595885        152916.5280544381        224.5584126477584       -52.77199642246092    
    146.5000000000000        1148.208790598466        52.72016692684193        2787.331811867309        147783.0400050843        225.1348281939807       -53.67417883408709    
    147.5000000000000        1118.512052293640        52.11028863916957        2723.436028732300        142747.8091992790        225.7434223495645       -54.57185345664990    
    148.5000000000000        1088.368816924768        51.49858318917566        2660.088984861038        137813.0764013202        226.3864856429920       -55.46466260916748    
    149.5000000000000        1057.819828189196        50.88533476065226        2597.326191821017        132980.7451379439        227.0665141453168       -56.35221290838965    
    150.5000000000000        1026.911991482696        50.27084222775942        2535.183401554173        128252.6189184197        227.7862293448313       -57.23407100853023    
    151.5000000000000        995.7029420730333        49.65538737805382        2473.693091475813        123630.1174013373        228.5485996654204       -58.10975878102356    
    152.5000000000000        964.2506788085826        49.03924719762789        2412.885963551070        119114.4167028587        229.3568635941874       -58.97874786102166    
    153.5000000000000        932.6226915900958        48.42271859642006        2352.793349689563        114706.6304476990        230.2145542980122       -59.84045348027178    
    154.5000000000000        900.8914168719624        47.80607425419059        2293.442694303518        110407.4692718700        231.1255254846294       -60.69422749967485    
    155.5000000000000        869.1279746513378        47.18960442675947        2234.861875775960        106217.5825233381        232.0939780883715       -61.53935055011092    
    156.5000000000000        837.4106789500181        46.57357656396323        2177.075152400238        102137.2578059821        233.1244871168451       -62.37502318835644    
    157.5000000000000        805.8173810768435        45.95829929356314        2120.109364438158        98166.88024127028        234.2220276610016       -63.20035597805125    
    158.5000000000000        774.4256968199564        45.34403214512261        2063.985192346983        94306.30163312916        235.3919986209059       -64.01435841646935    
    159.5000000000000        743.3101672545529        44.73107508762413        2008.725857522409        90555.48258334045        236.6402421016871       -64.81592665019147    
    160.5000000000000        712.5508853314051        44.11971860086221        1954.352294689754        86914.14822526877        237.9730556536725       -65.60382996199075    
    161.5000000000000        682.2184394513768        43.51026786975242        1900.885345854899        83381.94256868379        239.3971935319312       -66.37669607443280    
    162.5000000000000        652.3813191680337        42.90298864559918        1848.340812689132        79958.09601085514        240.9198519037203       -67.13299541208772    
    163.5000000000000        623.1037682732327        42.29820278992904        1796.738352370716        76642.05380362501        242.5486314258902       -67.87102460533934    
    164.5000000000000        594.4465931180043        41.69618882713360        1746.092158750027        73432.82550709897        244.2914688744755       -68.58888971807600    
    165.5000000000000        566.4661969195911        41.09725310600780        1696.417636886747        70329.46168868456        246.1565276312575       -69.28448995360409    
    166.5000000000000        539.2086398738193        40.50170600845948        1647.729189783789        67330.90449144857        248.1520350275055       -69.95550295112309    
    167.5000000000000        512.7167986155373        39.90981139108841        1600.035814778965        64435.70350321696        250.2860531974941       -70.59937323636242    
    168.5000000000000        487.0268501097208        39.32187867787930        1553.349184834002        61642.55607427617        252.5661698270832       -71.21330592835818    
    169.5000000000000        462.1682473353057        38.73818707906282        1507.677163421325        58949.89339285446        254.9990969099405       -71.79426839885716    
    170.5000000000000        438.1684988004750        38.15904311385090        1463.028629862334        56356.19111126802        257.5901705463495       -72.33900316073237    
    171.5000000000000        415.0443763184371        37.58471979199859        1419.408575209164        53859.67424777836        260.3427542917032       -72.84405570047480    
    172.5000000000000        392.8063954361976        37.01550712891370        1376.822232732353        51458.57756522280        263.2575637406990       -73.30582107394120    
    173.5000000000000        371.4647705763890        36.45167892683473        1335.272421037435        49150.98813397050        266.3319512267814       -73.72061259992651    
    174.5000000000000        351.0204287796572        35.89349458802698        1294.759969486679        46934.89046299539        269.5592152499150       -74.08475463696769    
    175.5000000000000        331.4686462149556        35.34120666152119        1255.283974010915        44808.16653808128        272.9280252879918       -74.39469900501342    
    176.5000000000000        312.8046834947700        34.79508352890775        1216.844202371617        42768.77437510809        276.4220715671881       -74.64716110712993    
    177.5000000000000        295.0158181934844        34.25535534869890        1179.436453752274        40814.45444521234        280.0200514572849       -74.83926756322541    
    178.5000000000000        278.0870865951906        33.72223820314838        1143.054898462895        38942.89416181771        283.6960803943202       -74.96870297793849    
    179.5000000000000        262.0007309373415        33.19596170558376        1107.694078791927        37151.83748261502        287.4205619797589       -75.03384048564303    
    180.5000000000000        246.7357948915499        32.67672786872677        1073.345977621466        35438.92853319398        291.1614754688054       -75.03384015866014    
    181.5000000000000        232.2704213852885        32.16475256080074        1040.002926658125        33801.86720489366        294.8859567264404       -74.96870200124259    
    182.5000000000000        218.5793990198090        31.66020975200435        1007.653910570556        32238.22487874701        298.5619850245860       -74.83926594930267    
    183.5000000000000        205.6371348373551        31.16327964620082        976.2880688352436        30745.63650919978        302.1599639960620       -74.64715887592327    
    184.5000000000000        193.4160962931913        30.67412466186277        945.8930852882274        29321.71779627781        305.6540091192098       -74.39469618275014    
    185.5000000000000        181.8874376523796        30.19287792635545        916.4544215908957        27964.02694513200        309.0228178125304       -74.08475125474340    
    186.5000000000000        171.0238326261493        29.71968711760004        887.9584639799945        26670.23203732704        312.2500803527981       -73.72060869220665    
    187.5000000000000        160.7949427186959        29.25464582808945        860.3880218809031        25437.88722339179        315.3244662665043       -73.30581667712238    
    188.5000000000000        151.1727628085549        28.79787892435417        833.7279413622283        24264.70971456861        318.2392740973855       -72.84405085160991    
    189.5000000000000        142.1277463147858        28.34944941009029        807.9592636645784        23148.30139044963        320.9918562161469       -72.33899789647933    
    190.5000000000000        133.6319083894649        27.90945347805635        783.0653453158912        22086.44311443199        323.5829282475740       -71.79426275467173    
    191.5000000000000        125.6571432725461        27.47793985356825        759.0267107253497        21076.84608287055        326.0158537700968       -71.21329993792132    
    192.5000000000000        118.1761212612923        27.05497211574108        735.8251486033697        20117.35111490843        328.2959689006184       -70.59936693121379    
    193.5000000000000        111.1617224712197        26.64056684456149        713.4399742495851        19205.75537751907        330.4299856439175       -69.95549636046331    
    194.5000000000000        104.5888117491531        26.23476646141911        691.8524023765140        18340.00801559228        332.4254916924549       -69.28448310422803    
    195.5000000000000        98.43180322640970        25.83757134630207        671.0415874199931        17518.03296218060        334.2905491835645       -68.58888263440079    
    196.5000000000000        92.66625515621074        25.44896560071929        650.9863499685121        16737.81225654038        336.0333854489004       -67.87101730949789    
    197.5000000000000        87.26957915234524        25.06894976109496        631.6668536264075        15997.44629209378        337.6621638686888       -67.13298792406312    
    198.5000000000000        82.21964737454931        24.69747660452218        613.0612220271254        15295.01775787667        339.1848212160673       -66.37668841221583    
    199.5000000000000        77.49532194122702        24.33452882155595        595.1496972241531        14628.75617091127        340.6089581441175       -65.60382214174719    
    200.5000000000000        73.07595324679512        23.98004915247704        577.9109988840984        13996.89257446618        341.9417708158124       -64.81591868642950    
    201.5000000000000        68.94322057921460        23.63397707904859        561.3242832110501        13397.73526628268        343.1900134816884       -64.01435032220174    
    202.5000000000000        65.07846810950115        23.29625418610348        545.3694280964501        12829.67848153788        344.3599836874818       -63.20034776494818    
    203.5000000000000        61.46498527164594        22.96679239421220        530.0254315382134        12291.13918016390        345.4575235338055       -62.37501486688695    
    204.5000000000000        58.08634762729983        22.64552735055509        515.2731149540210        11780.65694840311        346.4880319163723       -61.53934212967203    
    205.5000000000000        54.92740733405071        22.33236370164636        501.0923643585683        11296.78762277781        347.4564839220017       -60.69421898870857    
    206.5000000000000        51.97376229910714        22.02721287580728        487.4640559811064        10838.17391671720        348.3674545544197       -59.84044488637015    
    207.5000000000000        49.21185198225817        21.72997043986352        474.3689139559889        10403.50027231293        349.2251447443459       -58.97873919102056    
    208.5000000000000        46.62900434127688        21.44054211066851        461.7888137306764        9991.539126368123        350.0334081961708       -58.10975004108619    
    209.5000000000000        44.21324307351204        21.15881277197089        449.7052292625945        9601.090854719749        350.7957780736942       -57.23406220422131    
    210.5000000000000        41.95344360123524        20.88467024131486        438.1003964124011        9231.024128759314        351.5154928611934       -56.35220404474099    
    211.5000000000000        39.83913044786497        20.61800390589002        426.9572665328066        8880.273095605122        352.1955209799661       -55.46465369073604    
    212.5000000000000        37.86056752355086        20.35868999011017        416.2587258026322        8547.804972721575        352.8385839159415       -54.57184448756918    
    213.5000000000000        36.00860421475774        20.10660548506353        405.9883299783461        8232.646746398317        353.4471777380172       -53.67416981811245    
    214.5000000000000        34.27468055962643        19.86162491242386        396.1300970194874        7933.874391023548        354.0235929727104       -52.77198736300970    
    215.5000000000000        32.65081666577307        19.62362003010458        386.6684566346089        7650.608447889251        354.5699328586473       -51.86562286701042    
    216.5000000000000        31.12957330003355        19.39246549660501        377.5885065222223        7382.021235115497        355.0881300420335       -50.95537347038485    
    217.5000000000000        29.70410741289377        19.16802895152433        368.8755866993687        7127.321721616751        355.5799617972851       -50.04151065780422    
    218.5000000000000        28.36800452041557        18.95018258732340        360.5157206070279        6885.766702277455        356.0470638697290       -49.12428287096521    
    219.5000000000000        27.11533803492917        18.73880043039648        352.4954869657637        6656.655096201347        356.4909430428248       -48.20391782570157    
    220.5000000000000        25.94061151191756        18.53375520970038        344.8018860287923        6439.322536789884        356.9129885330262       -47.28062456936081    
    221.5000000000000        24.83861684564559        18.33492192821856        337.4224493662829        6233.142578525892        357.3144823128241       -46.35459530980723    
    222.5000000000000        23.80456678322250        18.14217322300465        330.3450525532025        6037.520003531433        357.6966084579038       -45.42600704350945    
    223.5000000000000        22.83395954854252        17.95538738545182        323.5582050616029        5851.897723122092        358.0604616085274       -44.49502300673721    
    224.5000000000000        21.92264893151265        17.77444149894107        317.0507654745875        5675.747054164871        358.4070546288263       -43.56179397088126    
    225.5000000000000        21.06676821772106        17.59922008397831        310.8122566907241        5508.575538995999        358.7373255410472       -42.62645940027706    
    226.5000000000000        20.26271863210974        17.42960611032186        304.8325038758371        5349.915250833706        359.0521438052149       -41.68914848861532    
    227.5000000000000        19.50716111980007        17.26548438212340        299.1017441831638        5199.324714747315        359.3523160083346       -40.74998108801763    
    228.5000000000000        18.79699051979049        17.10674173806942        293.6106276541154        5056.388119979750        359.6385910212554       -39.80906854310953    
    229.5000000000000        18.12927724130404        16.95326309517473        288.3500443786916        4920.709169186406        359.9116646757222       -38.86651444090277    
    230.5000000000000        17.50136162855056        16.80494111926931        283.3114767825246        4791.920219913195       0.1721940268873193       -37.92241528597376    
    231.5000000000000        16.91073493919307        16.66166817566219        278.4866775116807        4669.672131092079       0.4207611364350167       -36.97686110927143    
    232.5000000000000        16.35509645130882        16.52334083770809        273.8678238811856        4553.637799927393       0.6579366833240011       -36.02993601788247    
    233.5000000000000        15.83230955757019        16.38985853881531        269.4474542038883        4443.509613648326       0.8842430783129698       -35.08171869220484    
    234.5000000000000        15.34035950921114        16.26111930538086        265.2183006177007        4338.994174989382        1.100167381842833       -34.13228283621675    
    235.5000000000000        14.87742992599414        16.13703398035118        261.1737811989397        4239.824766352059        1.306163945513562       -33.18169758585839    
    236.5000000000000        14.44179617434043        16.01750542107610        257.3072505935893        4145.740711717263        1.502656819926879       -32.23002787996171    
    237.5000000000000        14.03186131333844        15.90244517320981        253.6125729543448        4056.501912537454        1.690041951194021       -31.27733479765248    
    238.5000000000000        13.64616295589783        15.79176825169701        250.0839322969401        3971.883404298390        1.868689186114126       -30.32367586570064    
    239.5000000000000        13.28332444859188        15.68539316074169        246.7158155650206        3891.674221612118        2.038944103974908       -29.36910533890397    
    240.5000000000000        12.94208101389186        15.58324156995950        243.5029997131471        3815.676784121033        2.201129691089394       -28.41367445624606    
    241.5000000000000        12.62123599461081        15.48523492952031        240.4404154656030        3743.702678544621        2.355547872538359       -27.45743167526618    
    242.5000000000000        12.31969413299414        15.39129758233452        237.5232520983555        3675.575121314997        2.502480914117030       -26.50042288681380    
    243.5000000000000        12.03642028352518        15.30135642385214        234.7469349336441        3611.127945961477        2.642192706168545       -25.54269161212646    
    244.5000000000000        11.77047270957766        15.21534392215718        232.1072186200692        3550.207607099851        2.774929939808880       -24.58427918396222    
    245.5000000000000        11.52097365435848        15.13319275338973        229.6000000380762        3492.668137612784        2.900923184993296       -23.62522491333681    
    246.5000000000000        11.28711112680851        15.05484290461394        227.2215446020105        3438.376451967607        3.020387878929636       -22.66556624325498    
    247.5000000000000        11.06813784275215        14.98023458393368        224.9682453730632        3387.206063771170        3.133525232496987       -21.70533889068177    
    248.5000000000000        10.86334270829988        14.90930900053032        222.8366420111098        3339.037294664251        3.240523061568259       -20.74457697787505    
    249.5000000000000        10.67209132003281        14.84201341035461        220.8235782247076        3293.760874401843        3.341556549453013       -19.78331315408888    
    250.5000000000000        10.49377938493243        14.77829318753419        218.9259396799793        3251.271336559577        3.436788946063616       -18.82157870855713    
    251.5000000000000        10.32695711518234        14.71813675540064        217.1419880773773        3211.496743009353        3.526372208855862       -17.85940367558042    
    252.5000000000000        10.17378249310251        14.66138452937067        215.4657471608710        3174.274589212180        3.610447590097907       -16.89681693246127    
    253.5000000000000        10.03110912213925        14.60810656860962        213.8980717871509        3139.595575388343        3.689146174572702       -15.93384629096207    
    254.5000000000000        9.899401585571411        14.55822639969871        212.4356164019421        3107.360387323015        3.762589371413741       -14.97051858289997    
    255.5000000000000        9.778263137030368        14.51170610757239        211.0762470806170        3077.498538177351        3.830889363406787       -14.00685974043837    
    256.5000000000000        9.667328734321728        14.46850805290623        209.8179165084557        3049.943470430054        3.894149516757553       -13.04289487158458    
    257.5000000000000        9.566270571596201        14.42859835845809        208.6587689580556        3024.634890638172        3.952464754022763       -12.07864833136131    
    258.5000000000000        9.474784173665933        14.39194534351879        207.5970885735669        3001.517447968388        4.005921892626511       -11.11414378908151    
    259.5000000000000        9.392610224312889        14.35852015265142        206.6313181380882        2980.541118711962        4.054599951132214       -10.14940429212052    
    260.5000000000000        9.319503317793325        14.32829470499752        205.7599887454183        2961.659381085767        4.098570425210060       -9.184452326550748    
    261.5000000000000        9.255271461378502        14.30124863451502        204.9819362245887        2944.834271484549        4.137897535027898       -8.219309874977613    
    262.5000000000000        9.199739002525341        14.27736141163003        204.2960511865875        2930.030389942927        4.172638445598388       -7.253998471890484    
    263.5000000000000        9.152758732892401        14.25661436635126        203.7013403951293        2917.216282138923        4.202843461434336       -6.288539256823404    
    264.5000000000000        9.114199919165831        14.23899081948068        203.1969282449974        2906.364399012327        4.228556196695755       -5.322953025602230    
    265.5000000000000        9.083955352523386        14.22447640879485        202.7820673307857        2897.451337741416        4.249813721855163       -4.357260279938153    
    266.5000000000000        9.061945350248463        14.21305999444357        202.4561643692803        2890.458386330330        4.266646687759548       -3.391481275615560    
    267.5000000000000        9.048113407025829        14.20473366744590        202.2187792240079        2885.371463149065        4.279079427827734       -2.425636069511004    
    268.5000000000000        9.042425476898861        14.19949185761405        202.0695978723301        2882.180489726255        4.287130038988564       -1.459744565669508    
    269.5000000000000        9.044875113801629        14.19733242241019        202.0084649521081        2880.880119225136        4.290810441837817      -0.4938265606582894    
    270.5000000000000        9.052151665576183        14.19827159736309        202.0358376092167        2881.480039187393        4.290126420368099       0.4720982115876103    
    271.5000000000000        9.074192212785062        14.20225843484885        202.1501755083120        2883.945348107547        4.285077641505901        1.438010035218682    
    272.5000000000000        9.101126101991298        14.20934657765147        202.3531850513943        2888.316459148350        4.275657654571708        2.403889168015155    
    273.5000000000000        9.136323433877161        14.21952345662673        202.6446056374211        2894.589917762964        4.261853870662101        3.369715796814664    
    274.5000000000000        9.179885684778649        14.23279730851593        203.0248672735206        2902.779198827116        4.243647521835371        4.335469992616479    
    275.5000000000000        9.231926805555522        14.24917817809976        203.4945086986583        2912.901359912202        4.221013599864429        5.301131665151527    
    276.5000000000000        9.292603874844065        14.26867972465008        204.0542366680494        2924.978508028316        4.193920774200216        6.266680516703397    
    277.5000000000000        9.362081278676051        14.29131551423981        204.7048084937057        2939.035014116772        4.162331288665548        7.232095994961000    
    278.5000000000000        9.440545288630155        14.31710012390919        205.4470694816690        2955.098472290119        4.126200836271762        8.197357244674668    
    279.5000000000000        9.528222374643002        14.34605495158315        206.2821362627474        2973.204069704937        4.085478411417244        9.162443057878139    
    280.5000000000000        9.625354545973831        14.37820238402498        207.2112147445490        2993.390329619428        4.040106138587332        10.12733182242873    
    281.5000000000000        9.732219881532476        14.41356642945844        208.2356239765913        3015.699786616429        3.990019076527125        11.09200146860348    
    282.5000000000000        9.849126398842543        14.45217358996773        209.3568255295540        3040.179753664207        3.935144996701823        12.05642941347308    
    283.5000000000000        9.976415218964238        14.49405341291822        210.5764430084891        3066.882863630719        3.875404134690944        13.02059250275889    
    284.5000000000000        10.11444905876174        14.53923847900080        211.8962622586936        3095.867119720622        3.810708912982219        13.98446694985627    
    285.5000000000000        10.26362354308103        14.58776468534669        213.3182448492548        3127.196356769623        3.740963633435908        14.94802827168357    
    286.5000000000000        10.42437145316307        14.63966885944483        214.8444577200139        3160.938727538964        3.666064137478766        15.91125122099091    
    287.5000000000000        10.59717069258764        14.69499147473694        216.4771638363113        3197.169011969274        3.585897431856802        16.87410971473121    
    288.5000000000000        10.78254387082339        14.75377530111541        218.2187792319019        3235.967642696876        3.500341277524984        17.83657675806128    
    289.5000000000000        10.98105663307371        14.81606570602960        220.0718908302963        3277.421376608802        3.409263738976786        18.79862436350413    
    290.5000000000000        11.19332694759890        14.88191189817856        222.0392994200368        3321.624475754884        3.312522691014990        19.76022346475821    
    291.5000000000000        11.42003169280995        14.95136329485924        224.1239106762180        3368.676315197439        3.209965279633101        20.72134382459087    
    292.5000000000000        11.66191957794057        15.02447301942478        226.3288524304097        3418.684423615562        3.101427333310648        21.68195393619932    
    293.5000000000000        11.91978828494315        15.10129685616076        228.6574476867698        3471.764073167778        2.986732720621572        22.64202091735936    
    294.5000000000000        12.19450457664967        15.18189311150155        231.1132113780046        3528.038311832144        2.865692649607800        23.60151039661238    
    295.5000000000000        12.48698225109997        15.26632040941557        233.6997898772816        3587.636856496633        2.738104903874512        24.56038639066432    
    296.5000000000000        12.79820273624670        15.35464168913494        236.4210959284453        3650.699645277710        2.603753009813990        25.51861117208049    
    297.5000000000000        13.12920668320206        15.44692259376798        239.2812603456256        3717.375870659432        2.462405328754523        26.47614512626088    
    298.5000000000000        13.48110872507952        15.54323424202690        242.2847368246465        3787.827074243476        2.313814067151396        27.43294659657010    
    299.5000000000000        13.85511391591734        15.64365103715494        245.4362317102702        3862.225575274056        2.157714197181414        28.38897171636790    
    300.5000000000000        14.25252501741145        15.74824776714955        248.7406152749383        3940.752605073772        1.993822279260197        29.34417422654363    
    301.5000000000000        14.67472035823764        15.85710472659784        252.2031052512421        4023.603422065571        1.821835177062077        30.29850527699805    
    302.5000000000000        15.12320022898968        15.97030450685523        255.8291693878819        4110.985312694754        1.641428654575028        31.25191321033139    
    303.5000000000000        15.59957730574163        16.08793697664199        259.6247120359259        4203.123028660191        1.452255843553417        32.20434332579003    
    304.5000000000000        16.10559540500645        16.21009296121357        263.5958632703015        4300.253724694159        1.253945568424880        33.15573762129042    
    305.5000000000000        16.64315441256787        16.33686374852510        267.7489745971715        4402.627408388036        1.046100514248959        34.10603451107113    
    306.5000000000000        17.21430257574130        16.46834261430962        272.0906782631386        4510.508962650772       0.8282952216953156        35.05516851622098    
    307.5000000000000        17.82124545926177        16.60462602771812        276.6279524725749        4624.180781482622       0.6000738911883618        36.00306992498779    
    308.5000000000000        18.46639298796209        16.74581379180307        281.3681391158408        4743.943915032518       0.3609479763330733        36.94966441937843    
    309.5000000000000        19.15229856065037        16.89200681412021        286.3188668779151        4870.116446021394       0.1103935444679377        37.89487266411309    
    310.5000000000000        19.88168761949613        17.04330628834487        291.4880346615217        5003.033788389487        359.8478383617495        38.83860985348700    
    311.5000000000000        20.65750294878943        17.19981935950591        296.8840381840502        5143.055863948783        359.5726987827436        39.78078521110794    
    312.5000000000000        21.48290802165251        17.36165579149527        302.5156648884015        5290.565176115652        359.2843161452084        40.72130143680966    
    313.5000000000000        22.36132164194386        17.52892528058756        308.3919938641499        5445.964502610310        358.9819929942141        41.66005409427881    
    314.5000000000000        23.29643754362426        17.70173978694114        314.5225194879420        5609.681934973053        358.6649788289744        42.59693093205640    
    315.5000000000000        24.29218591700905        17.88021419045626        320.9171841620415        5782.172632761281        358.3324654376931        43.53181112957049    
    316.5000000000000        25.35275018709716        18.06446852101533        327.5864756176317        5963.922638436737        357.9835817557075        44.46456445870856    
    317.5000000000000        26.48264227408349        18.25462070212152        334.5411632054535        6155.442404956436        357.6173881950741        45.39505035011557    
    318.5000000000000        27.68669369547472        18.45079033059718        341.7924621120374        6357.272839986097        357.2328703882863        46.32311685188958    
    319.5000000000000        28.97007576649388        18.65310410433289        349.3522798849922        6569.994321184318        356.8289322829883        47.24859946661010    
    320.5000000000000        30.33837521539774        18.86168229421476        357.2326934864971        6794.212519734097        356.4043885184129        48.17131985064103    
    321.5000000000000        31.79758386805693        19.07665636722362        365.4466636423015        7030.581015776153        355.9579560079469        49.09108435736626    
    322.5000000000000        33.35413912744064        19.29814991354960        374.0072863848565        7279.780368070259        355.4882446458938        50.00768240340580    
    323.5000000000000        35.01493587818378        19.52629494129274        382.9285035240837        7542.542356711631        354.9937470504379        50.92088463387540    
    324.5000000000000        36.78729838213275        19.76121000740515        392.2241605259608        7819.620704716338        354.4728272494506        51.83044085935401    
    325.5000000000000        38.67911333485335        20.00302549825136        401.9091282633271        8111.829650281969        353.9237082116920        52.73607773336944    
    326.5000000000000        40.69876614898998        20.25185912422531        411.9982537379329        8420.011563056081        353.3444581240378        53.63749613485481    
    327.5000000000000        42.85531642128144        20.50784256776494        422.5075041382586        8745.075259073357        352.7329753167800        54.53436821514273    
    328.5000000000000        45.15842227894158        20.77109247170039        433.4528069770835        9087.962982233097        352.0869717455043        55.42633406363033    
    329.5000000000000        47.61846983559853        21.04174604906642        444.8515368064546        9449.698477899194        351.4039549518245        56.31299794027367    
    330.5000000000000        50.24573235618700        21.31987918207375        456.7188967509468        9831.268556288549        350.6812084495205        57.19392401661164    
    331.5000000000000        53.05189940171747        21.60563647429794        469.0737673157205        10233.82274243478        349.9157705216223        58.06863156019705    
    332.5000000000000        56.04997275713298        21.89911673501267        481.9336066313444        10658.50439501433        349.1044114734586        58.93658949034449    
    333.5000000000000        59.25187746355348        22.20044962087552        495.3178161237105        11106.56386939312        348.2436094742447        59.79721022636903    
    334.5000000000000        62.67247790103647        22.50970872216263        509.2439319690739        11579.23488391559        347.3295252454856        60.64984274357446    
    335.5000000000000        66.32593214448869        22.82700566337338        523.7317670598808        12077.87426271767        346.3579760313701        61.49376474805875    
    336.5000000000000        70.22728343626031        23.15241555110321        538.8001060889402        12603.85340894679        345.3244095311902        62.32817388028010    
    337.5000000000000        74.39294794848924        23.48604521881218        554.4698512144706        13158.67086369843        344.2238788076583        63.15217786122146    
    338.5000000000000        78.84076201722648        23.82794746190360        570.7599371941478        13743.80720722663        343.0510196335202        63.96478350667302    
    339.5000000000000        83.58692544387868        24.17820966985762        587.6915472208511        14360.87910831723        341.8000323322777        64.76488455848995    
    340.5000000000000        88.65141343552631        24.53688783691126        605.2849944847611        15011.53152288174        340.4646709405899        65.55124832194798    
    341.5000000000000        94.05315037414269        24.90404058416246        623.5612812226358        15697.49279239486        339.0382435034681        66.32250116252065    
    342.5000000000000        99.81278643280771        25.27970857092960        642.5410516104160        16420.53771598172        337.5136285354587        67.07711301257932    
    343.5000000000000        105.9510744906757        25.66392038904644        662.2448968119162        17182.50223536899        335.8833141497522        67.81338117985973    
    344.5000000000000        112.4897255829879        26.05670387227592        682.6939128806500        17985.30648738226        334.1394680420746        68.52941394808298    
    345.5000000000000        119.4503296869745        26.45805121038478        703.9076670741522        18830.86930451071        332.2740483175169        69.22311472971892    
    346.5000000000000        126.8553822079281        26.86800088275913        725.9088335858477        19721.30775431651        330.2789668532257        69.89216788376919    
    347.5000000000000        134.7281591534877        27.28651331958289        748.7161597086715        20658.63991919123        328.1463181158276        70.53402775375737    
    348.5000000000000        143.0923540279001        27.71356881491998        772.3498860273783        21645.01427756888        325.8686864865604        71.14591300539600    
    349.5000000000000        151.9707953618002        28.14914386709204        796.8303892937543        22682.65342381766        323.4395432997339        71.72480891760611    
    350.5000000000000        161.3871987012409        28.59318408441158        822.1766463281209        23773.79070677047        320.8537398164918        72.26748083374221    
    351.5000000000000        171.3648302088473        29.04564789079815        848.4085351332617        24920.76286718201        318.1080929518481        72.77050238712725    
    352.5000000000000        181.9278210540729        29.50644942211128        875.5435718044102        26125.87195736124        315.2020456832137        73.23030218789582    
    353.5000000000000        193.0974809314793        29.97551803140059        903.6003436809460        27391.53686737385        312.1383634762907        73.64323215183386    
    354.5000000000000        204.8974783261718        30.45276076247607        932.5961223626025        28720.17992137089        308.9238032877293        74.00565930443950    
    355.5000000000000        217.3486006805501        30.93808214896265        962.5481742272459        30114.29485287660        305.5696669007202        74.31408051084293    
    356.5000000000000        230.4717874706469        31.43135150431759        993.4714562284875        31576.32656176872        302.0921326884426        74.56525616882034    
    357.5000000000000        244.2847605092732        31.93246171502694        1025.382322227464        33108.84936848790        298.5122586216380        74.75635480321453    
    358.5000000000000        258.8083751924122        32.44126626579555        1058.294566771488        34714.37987242036        294.8555729014141        74.88509648273322    
    359.5000000000000        274.0560131682807        32.95760848261957        1092.220932168468        36395.43233035193        291.1512202371526        74.94988015398626    
