 # author: MA Kubiak / Space Research Center PAS Warsaw Poland, contact: mkubiak@cbk.waw.pl                          
 # code version Program.keplerV_ellipt_V2      , Dates: calkV:20/04/2026  ; part_pr:20/04/2026                       
 # czas no T v_mas, kier.naplywu(dl, szer) macierz obrotu (ecl to helio), r, theta, phi(ecl,spher), V_detector(ecl,cart), IBEX_energy_channel
 #     2025.969708000000        0.8088930000000000E-03     9480.000000000000        -11.28000000301609         251.5700000000000         11.95000000000000        0.2459841265748581        0.9692738567985851         0.000000000000000       -0.9615244635393438        0.2440174711049008        0.1261989691358298        0.1223213615382913       -0.3104294319752456E-01    0.9920049496797150        0.9755700000000001         89.15489400000000       -0.2961400000000000E-01    -29.80400000000000        0.3200000000000000       -0.2199999999999999E-01 00
 # routs_end= 150.00;    Maxwellian,    elliptOrb=Off                                                                                        
 # Numerical parameters: GridKl=10  GridKf=09  GridKV=05  epsV= 0.0000100  epssJon=.0010000                                                  
 # Numerical parameters: GridKl=10  GridKf=09  GridKV=05  epsV= 0.0000100  epssJon=.0010000; tessel128                                                                                                                                                                                                                                                                                                                                                                                                                                                                 
# Axis to the Sun: alpha_ecl= 265.1580000000000000 delta_Ecl= 0.0730000000000000 delta_Ax= 90.0000000000000000  repoint= 00084
 #  flag_atom: He                                                   
 #  flag_general:                                                   
 #                                                                  
 #                                                                  
  # Ly_a_Profil: zero                                               
  # flag_Itot: zero                                                 
 #  v_SW_Eqtr: speed3D.hybrid2026c_patched.dat                      
 #  n_SW_Eqtr: density3D.hybrid2026c_patched.dat                    
 #  phot_Eqtr: 0.8500000  phion_Helium_T12F107_2026c.dat            
 #  sigma_SW: p+He->H +He+, He + alpha (2 chnls);src:simuLosses.nb  
 #  flag_el:slow  swEqtrElectrons5.2026c.patched.dat                
 #  SW_lati: interpolation                                          
 #  phot_lati: analit pole-flattened after Pryor & Auchere          
 #
 #
 #
 #Spin  flux speed	speed^2 speed^3    long_ecl lat_ecl
   0.5000000000000000        642.8674040870012        33.09823799243924        1101.459838406014        36852.77499481259        166.8517176737842        89.49469672891071    
    1.500000000000000        684.3884109003782        33.63859350534497        1137.671317819176        38682.53798796800        172.3724425309892        88.49822261805548    
    2.500000000000000        728.5691696447375        34.18663327238278        1174.990134011721        40598.58926570532        173.4865024155751        87.49893259871691    
    3.500000000000000        775.5564288722996        34.74211914410156        1213.424554755310        42603.57527300870        173.9646359303156        86.49923723944447    
    4.500000000000000        825.5014859663709        35.30477023351015        1252.979109474469        44699.98408326833        174.2305307551260        85.49940664105615    
    5.500000000000000        878.5762446404851        35.87445495145859        1293.668392562034        46890.89556276170        174.3999128647385        84.49951455097225    
    6.500000000000000        934.9289005859222        36.45081433603067        1335.489518071561        49178.45724739175        174.5173164814422        83.49958934517093    
    7.500000000000000        994.7392778160390        37.03362550666164        1378.448811393368        51565.36203287153        174.6035297654558        82.49964426841886    
    8.500000000000000        1058.169886528974        37.62254280828080        1422.542216966217        54053.72826848659        174.6695598916914        81.49968633345743    
    9.500000000000000        1125.410446449225        38.21731748137060        1467.771920575567        56646.04107725574        174.7217800569919        80.49971960059538    
    10.50000000000000        1196.633350393264        38.81757089013998        1514.129021437745        59344.15446815384        174.7641358426476        79.49974658348901    
    11.50000000000000        1272.025347105388        39.42303467196211        1561.611817105939        62150.33379113075        174.7992005866987        78.49976892154581    
    12.50000000000000        1351.776060864903        40.03332632576865        1610.208015849132        65066.18680391985        174.8287242331447        77.49978772960098    
    13.50000000000000        1436.070013014372        40.64811963601719        1659.908689224914        68093.52115646057        174.8539382704145        76.49980379219306    
    14.50000000000000        1525.105675183320        41.26705947414036        1710.700496076501        71233.80743889147        174.8757344981239        75.49981767745388    
    15.50000000000000        1619.059926433438        41.88973826550063        1762.564508860345        74488.14804869491        174.8947745983721        74.49982980691445    
    16.50000000000000        1718.127521423042        42.51584933980347        1815.488329592215        77857.98998349946        174.9115598652176        73.49984049992823    
    17.50000000000000        1822.509073965741        43.14497398643540        1869.448474791679        81344.01867277207        174.9264770281116        72.49985000286352    
    18.50000000000000        1932.366983043346        43.77672203496086        1924.421808917575        84946.85049047458        174.9398292143458        71.49985850882925    
    19.50000000000000        2047.902899146114        44.41070623332634        1980.383715395485        88666.92779747814        174.9518573849775        70.49986617133055    
    20.50000000000000        2169.279901620583        45.04653108268025        2037.306911781933        92504.42114523359        174.9627554970573        69.49987311392836    
    21.50000000000000        2296.667788742587        45.68380764431847        2095.162619034468        96459.28742199612        174.9726814346824        68.49987943720313    
    22.50000000000000        2430.224986680114        46.32210710183252        2153.916642823598        100531.0125365371        174.9817650251968        67.49988522386155    
    23.50000000000000        2570.111340382301        46.96105076491253        2213.537251993699        104719.1232155621        174.9901140087655        66.49989054253963    
    24.50000000000000        2716.440654627215        47.60021249713851        2273.986208169246        109022.5521726245        174.9978185460589        65.49989545067426    
    25.50000000000000        2869.349270750078        48.23919270559733        2335.225848253112        113440.1427177437        175.0049546653374        64.49989999669926    
    26.50000000000000        3028.930207516751        48.87757949824267        2397.215089374812        117970.3291794326        175.0115869290919        63.49990422174414    
    27.50000000000000        3195.268992718380        49.51496637656022        2459.911483654570        122611.3022848988        175.0177705188920        62.49990816096228    
    28.50000000000000        3368.420496418618        50.15093170230904        2523.268933861167        127360.8123088827        175.0235528813371        61.49991184457949    
    29.50000000000000        3548.427901153310        50.78509829037974        2587.243794564075        132216.6268358378        175.0289750392533        60.49991529872930    
    30.50000000000000        3735.288212242017        51.41702914093368        2651.784371517664        137175.7283463239        175.0340726449649        59.49991854612402    
    31.50000000000000        3928.979904210692        52.04634155217011        2716.842472323305        142235.1826281904        175.0388768329553        58.49992160659775    
    32.50000000000000        4129.444636768586        52.67263083540464        2782.365763900119        147391.5551915091        175.0434149151265        57.49992449754951    
    33.50000000000000        4336.583682402294        53.29550660739458        2848.301487852604        152641.1880893190        175.0477109515470        56.49992723430675    
    34.50000000000000        4550.269313512775        53.91458835204533        2914.596018617627        157980.1589696846        175.0517862219507        55.49992983042561    
    35.50000000000000        4770.311283216206        54.52947355324164        2981.191633922102        163404.0276059280        175.0556596175581        54.49993229794075    
    36.50000000000000        4996.498515924291        55.13979897836715        3048.033056094580        168908.3524434037        175.0593479684998        53.49993464757372    
    37.50000000000000        5228.569571425651        55.74519663530273        3115.062817557970        174488.3175726593        175.0628663188644        52.49993688890834    
    38.50000000000000        5466.210851409513        56.34530728451006        3182.222852649074        180138.8662119603        175.0662281588937        51.49993903053851    
    39.50000000000000        5709.066860721704        56.93976957668698        3249.453285165229        185854.5927036055        175.0694456219190        50.49994108019376    
    40.50000000000000        5956.724714589553        57.52823673598239        3316.694368821541        191629.9055416866        175.0725296521351        49.49994304484602    
    41.50000000000000        6208.731607537453        58.11036721785736        3383.885575840547        197458.9568932881        175.0754901481288        48.49994493080116    
    42.50000000000000        6464.579893272713        58.68582936927294        3450.966192277332        203335.6944763807        175.0783360861580        47.49994674377749    
    43.50000000000000        6723.709664291956        59.25429337524319        3517.874436555643        209253.7841721382        175.0810756264393        46.49994848897343    
    44.50000000000000        6985.511044348351        59.81543368103218        3584.547835494476        215206.6474558900        175.0837162051180        45.49995017112615    
    45.50000000000000        7249.328678060969        60.36893536611336        3650.924062692682        221187.5395899536        175.0862646141231        44.49995179456243    
    46.50000000000000        7514.454184187152        60.91448811177369        3716.940294460254        227189.4956076613        175.0887270707333        43.49995336324297    
    47.50000000000000        7780.146557549135        61.45179147212017        3782.533992847158        233205.4120412889        175.0911092783684        42.49995488080107    
    48.50000000000000        8045.616726148467        61.98055472160507        3847.642938931441        239228.0523680474        175.0934164798761        41.49995635057671    
    49.50000000000000        8310.030012726917        62.50048596147266        3912.203925838305        245249.9273360872        175.0956535043741        40.49995777564622    
    50.50000000000000        8572.501919395172        63.01130609984354        3976.154629923241        251263.4807376472        175.0978248085417        39.49995915884875    
    51.50000000000000        8832.130857866468        63.51274425392373        4039.433117491653        257261.0497090001        175.0999345131180        38.49996050280935    
    52.50000000000000        9087.963427683084        64.00452711378668        4101.976540307854        263234.7441741338        175.1019864352442        37.49996180995976    
    53.50000000000000        9339.032182621017        64.48639703046126        4163.723577193998        269176.6932498195        175.1039841171961        36.49996308255652    
    54.50000000000000        9584.356477955183        64.95810350852335        4224.613440192950        275078.9593878210        175.1059308519711        35.49996432269746    
    55.50000000000000        9822.933341082764        65.41940251930252        4284.585851622190        280933.5432029915        175.1078297061272        34.49996553233608    
    56.50000000000000        10053.75685664685        65.87006717689454        4343.582528271339        286732.5386203349        175.1096835402152        33.49996671329470    
    57.50000000000000        10275.83953139057        66.30987774896296        4401.545972388122        292468.0252465347        175.1114950270990        32.49996786727604    
    58.50000000000000        10488.20390024268        66.73862181522068        4458.419576812282        298132.0886414837        175.1132666684166        31.49996899587376    
    59.50000000000000        10689.91216855235        67.15609942707827        4514.148424247790        303716.9134591428        175.1150008094027        30.49997010058188    
    60.50000000000000        10880.05955335540        67.56211420272020        4568.678125209627        309214.6719794264        175.1166996522633        29.49997118280328    
    61.50000000000000        11057.79744562114        67.95647750147550        4621.955473596540        314617.6021611054        175.1183652682678        28.49997224385748    
    62.50000000000000        11222.32273530556        68.33900660139501        4673.928255984973        319917.9968991498        175.1199996087051        27.49997328498752    
    63.50000000000000        11372.92584799362        68.70952625210086        4724.545566412968        325108.2494584134        175.1216045148278        26.49997430736634    
    64.50000000000000        11508.95938186208        69.06786303726523        4773.757075443309        330180.7856891361        175.1231817268988        25.49997531210259    
    65.50000000000000        11629.86478021590        69.41384847615527        4821.513524784113        335128.1254430794        175.1247328924355        24.49997630024579    
    66.50000000000000        11735.14316118198        69.74731300316257        4867.765905107123        339942.8013300116        175.1262595737383        23.49997727279119    
    67.50000000000000        11824.37544696801        70.06809203580109        4912.466415534212        344617.4745757236        175.1277632547797        22.49997823068415    
    68.50000000000000        11897.22525669103        70.37602602684933        4955.568478958469        349144.9407853531        175.1292453475212        21.49997917482414    
    69.50000000000000        11953.43858149326        70.67096254171011        4997.027125753906        353518.1836230588        175.1307071977166        20.49998010606847    
    70.50000000000000        11992.84359694025        70.95275526641370        5036.798896661202        357730.3726176700        175.1321500902560        19.49998102523566    
    71.50000000000000        12015.35780716858        71.22126852568780        5074.842541873948        361774.9472706214        175.1335752540968        18.49998193310859    
    72.50000000000000        12020.97575342502        71.47636653571034        5111.117521380966        365645.4635397313        175.1349838668237        17.49998283043745    
    73.50000000000000        12009.77248825777        71.71792432652678        5145.585637788128        369335.7801393986        175.1363770588766        16.49998371794236    
    74.50000000000000        11981.89923178343        71.94582238497256        5178.210299716307        372839.9860739716        175.1377559174783        15.49998459631593    
    75.50000000000000        11937.59634576818        72.15995013824552        5208.957105897192        376152.4761271820        175.1391214902946        14.49998546622555    
    76.50000000000000        11877.19088237984        72.36020462696490        5237.793670870244        379267.9370230617        175.1404747888525        13.49998632831562    
    77.50000000000000        11792.05938594374        72.54567451816409        5264.571084649159        382168.4320011003        175.1418167917424        12.49998718320951    
    78.50000000000000        11709.87914116712        72.71870303795360        5289.614512448205        384887.8078425692        175.1431484476267        11.49998803151156    
    79.50000000000000        11604.07721004656        72.87676627905243        5312.542686458747        387382.9744205400        175.1444706780748        10.49998887380887    
    80.50000000000000        11484.34990641002        73.02059000509081        5333.447766850663        389662.5671322771        175.1457843802439        9.499989710672917    
    81.50000000000000        11351.40226537757        73.15009331481070        5352.305769033876        391722.6650389500        175.1470904294226        8.499990542661312    
    82.50000000000000        11206.01275116675        73.26520040667701        5369.094594458942        393559.6677015001        175.1483896814537        7.499991370319256    
    83.50000000000000        11049.01411876218        73.36584239956422        5383.794319976739        395170.3316903069        175.1496829750493        6.499992194181019    
    84.50000000000000        10881.27416658921        73.45195260908764        5396.386516554637        396551.6987992417        175.1509711340144        5.499993014771399    
    85.50000000000000        10703.69606763038        73.52347025696315        5406.854835656227        397701.1670974497        175.1522549693898        4.499993832607065    
    86.50000000000000        10517.19471005680        73.58033843672004        5415.184717706546        398616.4610663105        175.1535352815265        3.499994648197839    
    87.50000000000000        10322.67178271825        73.62250962506498        5421.364231886009        399295.7288311778        175.1548128621052        2.499995462048054    
    88.50000000000000        10121.03585669907        73.64994464621707        5425.383939446698        399737.5298263637        175.1560884961087        1.499996274657779    
    89.50000000000000        9913.182301042369        73.66260899376066        5427.236363604221        399940.7782569131        175.1573629637599       0.4999970865240104    
    90.50000000000000        9699.993645845361        73.66047352644402        5426.916105851074        399904.7579877588        175.1586370424356      -0.5000021018580309    
    91.50000000000000        9482.328802553664        73.64351643313746        5424.420145447602        399629.1569759749        175.1599115085644       -1.500001289993729    
    92.50000000000000        9261.036642657675        73.61172550047206        5419.748190253702        399114.1078965837        175.1611871395207       -2.500000477387904    
    93.50000000000000        9036.920919274540        73.56509349042415        5412.901978207728        398360.1086083819        175.1624647155229       -3.499999663543526    
    94.50000000000000        8810.740710081531        73.50362087488624        5403.885683580759        397368.0668231912        175.1637450215469       -4.499998847960539    
    95.50000000000000        8583.221053107241        73.42731793242071        5392.706239845371        396139.3364952572        175.1650288492637       -5.499998030134655    
    96.50000000000000        8355.059278023982        73.33620024635020        5379.372651600806        394675.6378265221        175.1663169990128       -6.499997209556033    
    97.50000000000000        8126.906623165589        73.23029284802651        5363.896602983531        392979.1228548231        175.1676102818208       -7.499996385708032    
    98.50000000000000        7899.377029876649        73.10962717539064        5346.291989087862        391052.3196906723        175.1689095214758       -8.499995558065871    
    99.50000000000000        7673.029882665905        72.97423864057141        5326.574525911898        388898.0839111172        175.1702155566708       -9.499994726095322    
    100.5000000000000        7448.396281986556        72.82417874134607        5304.763559462175        386519.7991831265        175.1715292432266       -10.49999388925119    
    101.5000000000000        7225.960659784217        72.65950294499467        5280.880217013007        383921.1633290945        175.1728514564072       -11.49999304697591    
    102.5000000000000        7006.152028126801        72.48027237706262        5254.947635037836        381106.2085636953        175.1741830933425       -12.49999219869803    
    103.5000000000000        6789.360129996860        72.28655891493260        5226.991695113225        378079.3784868540        175.1755250755712       -13.49999134383049    
    104.5000000000000        6575.933134244829        72.07844052292366        5197.040292687126        374845.4393421405        175.1768783517225       -14.49999048176901    
    105.5000000000000        6366.186473565281        71.85600282540969        5165.123511151216        371409.4897222200        175.1782439003499       -15.49998961189025    
    106.5000000000000        6160.399871056500        71.61934088389397        5131.273862048241        367776.9814723366        175.1796227329408       -16.49998873354988    
    107.5000000000000        5958.798970367612        71.36856036300941        5095.526407157417        363953.7243513190        175.1810158971172       -17.49998784608052    
    108.5000000000000        5761.594353355772        71.10377739023136        5057.918660812287        359945.8632781904        175.1824244800550       -18.49998694878967    
    109.5000000000000        5568.944834003854        70.82511050709148        5018.489379694212        355759.7383362755        175.1838496121429       -19.49998604095724    
    110.5000000000000        5380.985897947035        70.53269916164820        4977.281184495950        351402.1599328045        175.1852924709104       -20.49998512183313    
    111.5000000000000        5197.816934346414        70.22669019344399        4934.338535116991        346880.1776172813        175.1867542852554       -21.49998419063455    
    112.5000000000000        5019.501884803351        69.90723287821439        4889.706949798802        342200.9848906620        175.1882363400038       -22.49998324654303    
    113.5000000000000        4846.081573626848        69.57450229370536        4843.436276359997        337372.2590132035        175.1897399808405       -23.49998228870136    
    114.5000000000000        4677.564915221456        69.22866990417023        4795.576425004692        332401.6929175340        175.1912666196523       -24.49998131621017    
    115.5000000000000        4513.940785302781        68.86992506466714        4746.180353789201        327297.3026118940        175.1928177403319       -25.49998032812419    
    116.5000000000000        4355.174214084055        68.49846481153013        4695.302513002063        322067.2469394007        175.1943949050937       -26.49997932344832    
    117.5000000000000        4201.215931380108        68.11449010616515        4642.998275648674        316719.7596639730        175.1959997613624       -27.49997830113309    
    118.5000000000000        4051.997738446832        67.71821086051099        4589.324566984948        311263.2048225744        175.1976340493015       -28.49997726007004    
    119.5000000000000        3907.437428777282        67.30984732551184        4534.339918680002        305706.0648987279        175.1992996100570       -29.49997619908635    
    120.5000000000000        3767.440885495673        66.88962267282838        4478.103434259572        300056.8299896108        175.2009983948024       -30.49997511693908    
    121.5000000000000        3631.915072876878        66.45777442095037        4420.676235656566        294324.1315312574        175.2027324746835       -31.49997401230893    
    122.5000000000000        3500.754980485347        66.01454571328627        4362.120162631371        288516.5956246372        175.2045040517731       -32.49997288379318    
    123.5000000000000        3373.853108519347        65.56018296140572        4302.497406264773        282642.7991246504        175.2063154711625       -33.49997172989794    
    124.5000000000000        3251.094262902932        65.09494554207976        4241.871735418743        276711.3836185198        175.2081692343351       -34.49997054902981    
    125.5000000000000        3132.368045672518        64.61909095692992        4180.306413515823        270730.8353245470        175.2100680139880       -35.49996933948628    
    126.5000000000000        3017.567769374723        64.13288916973366        4117.866022421856        264709.6577844569        175.2120146704922       -36.49996809944522    
    127.5000000000000        2906.581260305654        63.63661697773014        4054.615577793619        258656.2698840138        175.2140122702111       -37.49996682695338    
    128.5000000000000        2799.300102055183        63.13056211892281        3990.621032408090        252579.0511784164        175.2160641059320       -38.49996551991325    
    129.5000000000000        2695.610820720616        62.61500673249894        3925.947035984041        246486.1153944478        175.2181737197031       -39.49996417606851    
    130.5000000000000        2595.404214068863        62.09023573843472        3860.657999416510        240385.4117349565        175.2203449284188       -40.49996279298780    
    131.5000000000000        2498.575472509936        61.55656149494789        3794.820968128291        234284.9756799420        175.2225818525503       -41.49996136804639    
    132.5000000000000        2405.029536838689        61.01430780518696        3728.503561273952        228192.7310673583        175.2248889484864       -42.49995989840548    
    133.5000000000000        2314.659770585455        60.46377568926682        3661.769761337028        222116.1029992764        175.2272710450277       -43.49995838098914    
    134.5000000000000        2227.367060181717        59.90529339799991        3594.685806363631        216062.5402295544        175.2297333846768       -44.49995681245792    
    135.5000000000000        2143.059907680387        59.33921428250158        3527.319885119142        210039.4867810563        175.2322816704770       -45.49995518917887    
    136.5000000000000        2061.633375722626        58.76585395387312        3459.734569446803        204053.6996856151        175.2349221192945       -46.49995350719190    
    137.5000000000000        1983.000011799840        58.18560285766499        3391.999968432637        198112.4067351900        175.2376615226073       -47.49995176217080    
    138.5000000000000        1907.056598579780        57.59876560124418        3324.174765937604        192221.6315944089        175.2405073160648       -48.49994994937901    
    139.5000000000000        1833.723600950299        57.00573647623656        3256.326852379112        186388.0173537478        175.2434676593388       -49.49994806361882    
    140.5000000000000        1762.907363352509        56.40687268424569        3188.518163571185        180617.4731797701        175.2465515280863       -50.49994609917270    
    141.5000000000000        1694.526863305763        55.80255591517430        3120.812017172993        174915.8352516192        175.2497688202304       -51.49994404973560    
    142.5000000000000        1628.498457638599        55.19313742033707        3053.266668083166        169288.3043837026        175.2531304792307       -52.49994190833655    
    143.5000000000000        1564.732672532958        54.57904093710646        2985.946628625804        163740.3903746550        175.2566486376028       -53.49993966724706    
    144.5000000000000        1503.172257374238        53.96059760485149        2918.904822437978        158276.4664971606        175.2603367846797       -54.49993731787438    
    145.5000000000000        1443.713396320680        53.33824104729943        2852.203071995603        152901.3945895206        175.2642099635358       -55.49993485063602    
    146.5000000000000        1386.316234494489        52.71233900031908        2785.894881461084        147619.2118292199        175.2682850031663       -56.49993225481185    
    147.5000000000000        1330.885891903362        52.08329277659519        2720.034878823681        142433.8015568160        175.2725807935157       -57.49992951836885    
    148.5000000000000        1277.378656077057        51.45150845523456        2654.676709216973        137348.8105107640        175.2771186128798       -58.49992662775274    
    149.5000000000000        1225.711720891073        50.81738666019208        2589.871244231263        132367.4584140187        175.2819225197004       -59.49992356763813    
    150.5000000000000        1175.836691179351        50.18133846056543        2525.668538468346        127492.7246148130        175.2870198240320       -60.49992032062838    
    151.5000000000000        1127.695486415209        49.54371655881872        2462.110758013774        122726.8101215414        175.2924416582512       -61.49991686689204    
    152.5000000000000        1081.218356626548        48.90495415380062        2399.246312046066        118072.2263354794        175.2982236722691       -62.49991318371998    
    153.5000000000000        1036.377716803953        48.26547371489597        2337.120252382258        113531.0503343237        175.3044068861350       -63.49990924498214    
    154.5000000000000        993.1026349400657        47.62560293994484        2275.766433602522        109104.3826916232        175.3110387432363       -64.49990502045688    
    155.5000000000000        951.3595065775179        46.98580852729152        2215.230385953639        104794.0419679386        175.3181744214072       -65.49990047499561    
    156.5000000000000        911.0962918158061        46.34644601668236        2155.544517998945        100600.7250702971        175.3258784787684       -66.49989556747435    
    157.5000000000000        872.2745031479217        45.70789453191816        2096.742097312623        96525.10341247452        175.3342269384358       -67.49989024946595    
    158.5000000000000        834.8487306701919        45.07060570194442        2038.860839319616        92568.00905196874        175.3433099549797       -68.49988446354131    
    159.5000000000000        798.7928458108454        44.43491085458788        1981.925157624028        88729.22012114842        175.3532352612794       -69.49987814107376    
    160.5000000000000        764.0454455339280        43.80123694824788        1925.966930967476        85008.96650978217        175.3641326759029       -70.49987119936790    
    161.5000000000000        730.5980680704238        43.16993861423398        1871.008785592111        81406.69681795678        175.3761600722812       -71.49986353785697    
    162.5000000000000        698.3935921706967        42.54140077009354        1817.075136575050        77921.95727073343        175.3895113943703       -72.49985503299681    
    163.5000000000000        667.4153154565746        41.91599005430754        1764.186258660832        74553.89127120058        175.4044275869721       -73.49984553130314    
    164.5000000000000        637.6099504144618        41.29409759726239        1712.363060823261        71301.63738562162        175.4212117569473       -74.49983483969345    
    165.5000000000000        608.9667786367309        40.67604866077289        1661.619005334120        68163.78750140256        175.4402506077092       -75.49982271183273    
    166.5000000000000        581.4417527817749        40.06221504742960        1611.970032918564        65139.05504329041        175.4620453996051       -76.49980882841105    
    167.5000000000000        555.0025083708318        39.45295548701309        1563.429245247031        62225.92479575645        175.4872577703007       -77.49979276795455    
    168.5000000000000        529.6221923629842        38.84858027120159        1516.004122087627        59422.49754829812        175.5167794596248       -78.49977396240848    
    169.5000000000000        505.2691115936743        38.24947861021241        1469.707383636693        56727.18836186107        175.5518418736089       -79.49975162734063    
    170.5000000000000        481.9106649704007        37.65587218638949        1424.536957745794        54137.50866385856        175.5941948394419       -80.49972464806672    
    171.5000000000000        459.5249219855126        37.06817842116419        1380.504749207792        51651.78391462287        175.6464115238844       -81.49969138540081    
    172.5000000000000        438.0681735575546        36.48660152589055        1337.605237212949        49267.34532414753        175.7124372465482       -82.49964932602589    
    173.5000000000000        417.5261995117457        35.91148510206220        1295.842167047582        46982.05349333098        175.7986447835144       -83.49959441017977    
    174.5000000000000        397.8642188680109        35.34303682903020        1255.208270547277        44793.17750438994        175.9160405873513       -84.49951962606259    
    175.5000000000000        379.0540674052425        34.78155937170374        1215.702442276955        42698.36039333661        176.0854114653613       -85.49941173067864    
    176.5000000000000        361.0649176482632        34.22725850633005        1177.315463751180        40694.82046421163        176.3512887770576       -86.49924235182155    
    177.5000000000000        343.8770947215060        33.68038400513242        1140.040944638995        38779.99228615913        176.8293912090383       -87.49893775177864    
    178.5000000000000        327.4588929683466        33.14113185025653        1103.867748677279        36951.08568008738        177.9433808709532       -88.49822786459026    
    179.5000000000000        311.7827758527930        32.60970221960726        1068.784494284536        35205.35028336290        183.4638073728917       -89.49470240894655    
    180.5000000000000        296.8257459097652        32.08632996771669        1034.782896908974        33540.31856671135        346.8523567258995       -89.49469249611623    
    181.5000000000000        282.5604467814253        31.57110185313454        1001.841765260975        31952.77280815412        352.3726377106305       -88.49821785852157    
    182.5000000000000        268.9653373848445        31.06424460805335        969.9514026366949        30440.28938847295        353.4866154931835       -87.49892773813640    
    183.5000000000000        256.0062471869148        30.56583394399849        939.0912805568857        28999.92409507711        353.9647146459558       -86.49923233608995    
    184.5000000000000        243.6694108362742        30.07607613773853        909.2488234830906        27629.17377319614        354.2305906073900       -85.49940171408670    
    185.5000000000000        231.9221736536218        29.59500725163761        880.4011393767895        26325.13879417409        354.3999608017241       -84.49950960903514    
    186.5000000000000        220.7424131434651        29.12274777410128        852.5305556159087        25085.23382096714        354.5173562122941       -83.49958439290172    
    187.5000000000000        210.1110813676989        28.65935470821201        825.6154838682349        23906.76179790272        354.6035635025032       -82.49963930859063    
    188.5000000000000        200.0036901544231        28.20490686687643        799.6363196447104        22787.21333308998        354.6695890602489       -81.49968136786050    
    189.5000000000000        190.3975730893934        27.75940348414631        774.5684529412811        21723.90791961743        354.7218056290522       -80.49971463045274    
    190.5000000000000        181.2713826389435        27.32292352949483        750.3929613229009        20714.52414169145        354.7641585106829       -79.49974160967305    
    191.5000000000000        172.6049554724451        26.89543499975017        727.0843375486758        19756.50680897718        354.7992208614603       -78.49976394470060    
    192.5000000000000        164.3792908577279        26.47698139915102        704.6222352485356        18847.61783727383        354.8287425021325       -77.49978275021570    
    193.5000000000000        156.5727552647268        26.06753513497321        682.9825957546382        17985.52878722515        354.8539548345832       -76.49979881064786    
    194.5000000000000        149.1679886165545        25.66708006179081        662.1425704434350        17168.03978979744        354.8757495958723       -75.49981269405004    
    195.5000000000000        142.1474416103828        25.27559990467465        642.0799778487545        16393.05657890817        354.8947884217595       -74.49982482189489    
    196.5000000000000        135.4919827668682        24.89303127860723        622.7705215810940        15658.46403730775        354.9115725712462       -73.49983551349152    
    197.5000000000000        129.1840724255774        24.51935628012187        604.1931012661572        14962.35237696843        354.9264887467721       -72.49984501517430    
    198.5000000000000        123.2084810000767        24.15449066955624        586.3236657188477        14302.75880454768        354.9398400544808       -71.49985352002531    
    199.5000000000000        117.5476260528968        23.79836982305854        569.1399425249391        13677.86067548910        354.9518674386358       -70.49986118152846    
    200.5000000000000        112.1865470037589        23.45092246941341        552.6199624008769        13085.90990279077        354.9627648427828       -69.49986812322767    
    201.5000000000000        107.1101771561833        23.11205371341136        536.7412450124060        12525.20088363032        354.9726901400355       -68.49987444568944    
    202.5000000000000        102.3040435779752        22.78166961478051        521.4820954947844        11994.11893375970        354.9817731487138       -67.49988023160907    
    203.5000000000000        97.75445337480531        22.45968571487539        506.8219190332666        11491.14508967526        354.9901216015002       -66.49988554961310    
    204.5000000000000        93.44790006746088        22.14596838844249        492.7384764353321        11014.75699052385        354.9978256528078       -65.49989045713048    
    205.5000000000000        89.37258971326555        21.84042403718923        479.2121557787365        10563.58026679480        355.0049613256253       -64.49989500258835    
    206.5000000000000        85.51556559294362        21.54291748373459        466.2220475720687        10136.24366541168        355.0115931779700       -63.49989922711059    
    207.5000000000000        81.86603208749897        21.25333552034633        453.7489543181509        9731.484263312153        355.0177763875907       -62.49990316584571    
    208.5000000000000        78.41266074293924        20.97154702797268        441.7735540075731        9348.081208086545        355.0235583978047       -61.49990684901535    
    209.5000000000000        75.14506050393548        20.69742576441513        430.2773544699870        8984.883536110568        355.0289802286024       -60.49991030274951    
    210.5000000000000        72.05349080046214        20.43084799578825        419.2426380515072        8640.808056611275        355.0340775298457       -59.49991354975729    
    211.5000000000000        69.12827889951589        20.17167365982079        408.6516063150021        8314.807900412601        355.0388814338697       -58.49991660987013    
    212.5000000000000        66.36056018658678        19.91977873359181        398.4877289349755        8005.913172651778        355.0434192506938       -57.49991950048462    
    213.5000000000000        63.74175950937131        19.67502122706412        388.7343305621148        7713.184869591038        355.0477150387294       -56.49992223692614    
    214.5000000000000        61.26374374633713        19.43727801592198        379.3760818169443        7435.758611785443        355.0517900762467       -55.49992483274895    
    215.5000000000000        58.91894767219581        19.20640751307600        370.3974319414117        7172.793640511964        355.0556632531682       -54.49992729998610    
    216.5000000000000        56.69994182299258        18.98227245098454        361.7835625001015        6923.501320271413        355.0593513984695       -53.49992964935765    
    217.5000000000000        54.59987359198211        18.76474168693111        353.5204168224443        6687.143374814528        355.0628695552086       -52.49993189044608    
    218.5000000000000        52.61218825219844        18.55368061229396        345.5942989356100        6463.018001585477        355.0662312127041       -51.49993403184418    
    219.5000000000000        50.73067704001782        18.34895575916102        337.9920273362551        6250.462384471120        355.0694485034586       -50.49993608128039    
    220.5000000000000        48.94956104496496        18.15043422376275        330.7009095931683        6048.850782370128        355.0725323709207       -49.49993804572569    
    221.5000000000000        47.26333381432017        17.95798685616363        323.7088407394610        5857.595651990385        355.0754927130036       -48.49993993148513    
    222.5000000000000        45.66686431339519        17.77148636599572        317.0042037899897        5676.143033712811        355.0783385053558       -47.49994174427621    
    223.5000000000000        44.15525243214078        17.59080596290720        310.5758009079821        5503.969200680953        355.0810779076411       -46.49994348929664    
    224.5000000000000        42.72394555474106        17.41581952584308        304.4128491398415        5340.579432887281        355.0837183555024       -45.49994517128302    
    225.5000000000000        41.36858158911011        17.24640405694981        298.5050460615299        5185.508379005772        355.0862666404113       -44.49994679456148    
    226.5000000000000        40.08513202172875        17.08244069613584        292.8425932152472        5038.319626521604        355.0887289792287       -43.49994836309219    
    227.5000000000000        38.86976748941088        16.92381123568014        287.4160503639595        4898.600532194628        355.0911110749931       -42.49994988050803    
    228.5000000000000        37.71889159401218        16.77040236466808        282.2164711447703        4765.964850917633        355.0934181702027       -41.49995135014848    
    229.5000000000000        36.62912442876421        16.62210167112991        277.2352441469153        4640.047465819265        355.0956550936542       -40.49995277508948    
    230.5000000000000        35.59729102395863        16.47880071868511        272.4641834866185        4520.505813829570        355.0978263017328       -39.49995415816977    
    231.5000000000000        34.62040637277594        16.34039376832365        267.8954696404650        4407.017479240186        355.0999359149064       -38.49995550201410    
    232.5000000000000        33.69567857865153        16.20677950113432        263.5216970432217        4299.280696863393        355.1019877500667       -37.49995680905391    
    233.5000000000000        32.82045491075913        16.07785967147993        259.3358122952851        4197.011959321035        355.1039853492592       -36.49995808154539    
    234.5000000000000        31.99225690792387        15.95353882050834        255.3310872270508        4099.944511733289        355.1059320052687       -35.49995932158610    
    235.5000000000000        31.20875928622388        15.83372422301298        251.5011067026958        4007.827449540788        355.1078307844566       -34.49996053112940    
    236.5000000000000        30.46776435776335        15.71832675613950        247.8397833490683        3920.425419245839        355.1096845471919       -33.49996171199724    
    237.5000000000000        29.76720377626064        15.60725847321724        244.3412655921910        3837.515749677723        355.1114959661699       -32.49996286589219    
    238.5000000000000        29.10514789840377        15.50043489328012        241.0000048373959        3758.889666850892        355.1132675428724       -31.49996399440773    
    239.5000000000000        28.47979003128103        15.39777409209255        237.8107154626832        3684.350817376572        355.1150016223891       -30.49996509903763    
    240.5000000000000        27.88944306205995        15.29919762348911        234.7683939982605        3613.715265416815        355.1167004067915       -29.49996618118465    
    241.5000000000000        27.33252689533034        15.20463006288510        231.8682944170316        3546.810448206234        355.1183659672241       -28.49996724216818    
    242.5000000000000        26.80755226001472        15.11399928766374        229.1059257798510        3483.474663101986        355.1200002548593       -27.49996828323103    
    243.5000000000000        26.31312058488640        15.02723464759140        226.4769845911695        3423.555056025540        355.1216051108421       -26.49996930554605    
    244.5000000000000        25.84794053618549        14.94426900599162        223.9774168944358        3366.908899001548        355.1231822753349       -25.49997031022180    
    245.5000000000000        25.41081060371588        14.86503818016493        221.6033914139835        3313.402594541827        355.1247333957616       -24.49997129830759    
    246.5000000000000        25.00061068412427        14.78948088267078        219.3512901747450        3262.911150249264        355.1262600343356       -23.49997227079861    
    247.5000000000000        24.61629147121366        14.71753868815397        217.2176994255794        3215.317666402336        355.1277636749491       -22.49997322864017    
    248.5000000000000        24.25688711095555        14.64915678119779        215.1994280723723        3170.513553831077        355.1292457294881       -21.49997417273154    
    249.5000000000000        23.92148728590170        14.58428410038699        213.2935052920100        3128.398227229035        355.1307075436369       -20.49997510392998    
    250.5000000000000        23.60923707005607        14.52287199399474        211.4971328796289        3088.877766385992        355.1321504022208       -19.49997602305400    
    251.5000000000000        23.31933020748107        14.46487329861930        209.8076504576753        3051.863883200047        355.1335755341370       -18.49997693088631    
    252.5000000000000        23.05104369696433        14.41024358686497        208.2225717491303        3017.274647676205        355.1349841169148       -17.49997782817704    
    253.5000000000000        22.80370559704312        14.35894057540863        206.7395600833567        2985.033714477688        355.1363772809423       -16.49997871564633    
    254.5000000000000        22.57670909542960        14.31092309692801        205.3563936772739        2955.069391476088        355.1377561133948       -15.49997959398660    
    255.5000000000000        22.36948102461404        14.26615417892273        204.0710548948133        2927.316537848620        355.1391216618944       -14.49998046386527    
    256.5000000000000        22.18151640663664        14.22459991930963        202.8816937574713        2901.715628918568        355.1404749379276       -13.49998132592671    
    257.5000000000000        22.01235647016116        14.18622775731419        201.7865704658400        2878.211288775861        355.1418169200481       -12.49998218079416    
    258.5000000000000        21.86160099659027        14.15100848641190        200.7841155725607        2856.753612972936        355.1431485568842       -11.49998302907196    
    259.5000000000000        21.72889865910273        14.11891445794126        199.8728702423027        2837.296645991796        355.1444707699750       -10.49998387134721    
    260.5000000000000        21.61394932520326        14.08992137695135        199.0515393144757        2819.799537951767        355.1457844564499       -9.499984708191278    
    261.5000000000000        21.51649410388220        14.06400627316325        198.3189266315114        2804.224970605957        355.1470904915726       -8.499985540161772    
    262.5000000000000        21.43632437011484        14.04114952578075        197.6739954022492        2790.540493409437        355.1483897311637       -7.499986367803916    
    263.5000000000000        21.37326506952741        14.02133379463820        197.1158332937840        2778.717649649283        355.1496830139161       -6.499987191651868    
    264.5000000000000        21.32718677141852        14.00454406197337        196.6436533834533        2768.731976609766        355.1509711636179       -5.499988012230447    
    265.5000000000000        21.29800500566322        13.99076839508822        196.2568152687240        2760.563427598651        355.1522549912954       -4.499988830056344    
    266.5000000000000        21.28566530284044        13.97999582166613        195.9547576378297        2754.194752170361        355.1535352972881       -3.499989645639285    
    267.5000000000000        21.28212952679002        13.97225080609443        195.7379918576236        2749.633034227109        355.1548128732669       -2.499990459483635    
    268.5000000000000        21.31149610888844        13.96742922862749        195.6033922419493        2746.807972055981        355.1560885042076       -1.499991272089488    
    269.5000000000000        21.34975806949596        13.96562572507108        195.5535913694523        2745.774678496806        355.1573629703287      -0.4999920839537603    
    270.5000000000000        21.40505976940714        13.96680766105954        195.5876251666649        2746.511809596887        355.1586370490044       0.5000071044282937    
    271.5000000000000        21.47755601084886        13.97097628864006        195.7055514323126        2749.021091402452        355.1599115166634        1.500006292562019    
    272.5000000000000        21.56742733711382        13.97813388596764        195.9075078265133        2753.307011710115        355.1611871506824        2.500005479952310    
    273.5000000000000        21.67490010367374        13.98828477754355        196.1937428039424        2759.377533285971        355.1624647312845        3.500004666102092    
    274.5000000000000        21.80026416338973        14.00143789069486        196.5646974622279        2767.246067265346        355.1637450434526        4.500003850511259    
    275.5000000000000        21.94384982696254        14.01760383884846        197.0209132422551        2776.929279852286        355.1650288788672        5.500003032675595    
    276.5000000000000        22.10603080065039        14.03679439268304        197.5630176506737        2788.446813624520        355.1663170378797        6.500002212085198    
    277.5000000000000        22.28723323347347        14.05902430826343        198.1917811138107        2801.822633008468        355.1676103315309        7.500001388223361    
    278.5000000000000        22.48793511858899        14.08431085800211        198.9081050895695        2817.084818422580        355.1689095836258        8.500000560565399    
    279.5000000000000        22.70864425411351        14.11267379459266        199.7130207001655        2834.265543253160        355.1702156328769        9.499999728576975    
    280.5000000000000        22.94992976481602        14.14413464770842        200.6076682504669        2853.400641649313        355.1715293351270        10.49999889171283    
    281.5000000000000        23.21242172575214        14.17871729693651        201.5933197254993        2874.530257504694        355.1728515656649        11.49999804941550    
    282.5000000000000        23.49682460128995        14.21644927048880        202.6714223810521        2897.699969728661        355.1741832216483        12.49999720111339    
    283.5000000000000        23.80389828065234        14.25736013054847        203.8435474013314        2922.959579076643        355.1755252246466        13.49999634621939    
    284.5000000000000        24.13446667752622        14.30147991231194        205.1113447783200        2950.362161726353        355.1768785233225        14.49999548412927    
    285.5000000000000        24.48943019795623        14.34884330587171        206.4766769177793        2979.967321683519        355.1782440962667        15.49999461421958    
    286.5000000000000        24.86975860777360        14.39948771627847        207.9415616280151        3011.839961186936        355.1796229550067        16.49999373584590    
    287.5000000000000        25.27650431158991        14.45345244425251        209.5081521576552        3046.049981352462        355.1810161472085        17.49999284834091    
    288.5000000000000        25.71080847685693        14.51077951673756        211.1787637155938        3082.672968754389        355.1824247600956        18.49999195101197    
    289.5000000000000        26.17390822362361        14.57151205579620        212.9558285124068        3121.789316898261        355.1838499241080        19.49999104313888    
    290.5000000000000        26.66714515824676        14.63569694762709        214.8419852366430        3163.486545861940        355.1852928168311        20.49999012397160    
    291.5000000000000        27.19193439650584        14.70338418756138        216.8400583556825        3207.858867732594        355.1867546672227        21.49998919272716    
    292.5000000000000        27.74980566999227        14.77462528610859        218.9530162304842        3255.006455161618        355.1882367601737        22.49998824858701    
    293.5000000000000        28.34243169038725        14.84947625172190        221.1840714558016        3305.038055188503        355.1897404414383        23.49998729069392    
    294.5000000000000        28.97158374822712        14.92799406737477        223.5365745577149        3358.068663940094        355.1912671229788        24.49998631814839    
    295.5000000000000        29.63918736530630        15.01023958013111        226.0141132774701        3414.222172587981        355.1928182887684        25.49998533000499    
    296.5000000000000        30.34726553656845        15.09627626106750        228.6204747452503        3473.630603829287        355.1943955011085        26.49998432526859    
    297.5000000000000        31.09799892345190        15.18617126072789        231.3596913417430        3536.435628287667        355.1960004075172        27.49998330288960    
    298.5000000000000        31.89373870744728        15.27999416373070        234.2360072767570        3602.788039421871        355.1976347482583        28.49998226175933    
    299.5000000000000        32.73700483792479        15.37781799073157        237.2539178960259        3672.849017403719        355.1993003645858        29.49998120070495    
    300.5000000000000        33.63049874439017        15.47971871334074        240.4181648160643        3746.790437011809        355.2009992077894        30.49998011848334    
    301.5000000000000        34.57712426826823        15.58577479017817        243.7337279639237        3824.794999096399        355.2027333491400        31.49997901377496    
    302.5000000000000        35.58001618333375        15.69606853274792        247.2058867487081        3907.058362888217        355.2045049908447        32.49997788517701    
    303.5000000000000        36.64251015288651        15.81068330381462        250.8401220802588        3993.786744243624        355.2063164781399        33.49997673119542    
    304.5000000000000        37.76819155472110        15.92970837547296        254.6423039699829        4085.202530174189        355.2081703126653        34.49997555023649    
    305.5000000000000        38.96090799922040        16.05323347946194        258.6185122227196        4181.540047967169        355.2100691672863        35.49997434059760    
    306.5000000000000        40.22478402751282        16.18135197855321        262.7751561668613        4283.049193677299        355.2120159025561        36.49997310045636    
    307.5000000000000        41.56424901698679        16.31416158509711        267.1190206584077        4389.997495085972        355.2140135850344        37.49997182785922    
    308.5000000000000        42.98402018776557        16.45175753047263        271.6570198935823        4502.663712935299        355.2160655077213        38.49997052070848    
    309.5000000000000        44.48918744615973        16.59424739163103        276.3967569506357        4621.354064101271        355.2181752128951        39.49996917674751    
    310.5000000000000        46.08515642822243        16.74173002077555        281.3457611204952        4746.381710371104        355.2203465176999        40.49996779354454    
    311.5000000000000        47.77796523520958        16.89432289478909        286.5125197374452        4878.096489600675        355.2225835428779        41.49996636847461    
    312.5000000000000        49.57388854267170        17.05213097877341        291.9053361073119        5016.853736799988        355.2248907451123        42.49996489869854    
    313.5000000000000        51.47978443667455        17.21526453355070        297.5329968194420        5163.033617436878        355.2272729535244        43.49996338113989    
    314.5000000000000        53.50304760859242        17.38385870915423        303.4055654790269        5317.065702614397        355.2297354109662        44.49996181245885    
    315.5000000000000        55.65135542818627        17.55800394596837        309.5316952353342        5479.351283981478        355.2322838208626        45.49996018902201    
    316.5000000000000        57.93330474181932        17.73785621564702        315.9229514415318        5650.391824999901        355.2349244004976        46.49995850686865    
    317.5000000000000        60.35766300442012        17.92350111300477        322.5884655804394        5830.630830441843        355.2376639418064        47.49995676167207    
    318.5000000000000        62.93457281102916        18.11511091042641        329.5411963693663        6020.642963776143        355.2405098809411        48.49995494869506    
    319.5000000000000        65.67392074946167        18.31277036934263        336.7910439872952        6220.929260028774        355.2434703781260        49.49995306273912    
    320.5000000000000        68.58751381663986        18.51664775697482        344.3516091339732        6432.119695292248        355.2465544096276        50.49995109808605    
    321.5000000000000        71.68654045355663        18.72684360572625        352.2342763264554        6654.799343050575        355.2497718740426        51.49994904842994    
    322.5000000000000        74.98517337396099        18.94352278530384        360.4534124724439        6889.663805356143        355.2531337155768        52.49994690679877    
    323.5000000000000        78.49575989866526        19.16680192667071        369.0219716304809        7137.390806086446        355.2566520675745        53.49994466546314    
    324.5000000000000        82.23433978487489        19.39682481007734        377.9544783809023        7398.730531684551        355.2603404202918        54.49994231582904    
    325.5000000000000        86.21614845200746        19.63374297369218        387.2662958999671        7674.486040847868        355.2642138178341        55.49993984831264    
    326.5000000000000        90.45852900074983        19.87766026312709        396.9713956510919        7965.446987950151        355.2682890903511        56.49993725219245    
    327.5000000000000        94.97989235400034        20.12876811657334        407.0878810020430        8272.561323783249        355.2725851290855        57.49993451543377    
    328.5000000000000        99.79974337832363        20.38714735494106        417.6299149551907        8596.688628004209        355.2771232137970        58.49993162448035    
    329.5000000000000        104.9400303484666        20.65297106706664        428.6159502069390        8938.853794535502        355.2819274045842        59.49992856400485    
    330.5000000000000        110.4221002149119        20.92637137622556        440.0636436394269        9300.103582123307        355.2870250133842        60.49992531660821    
    331.5000000000000        116.2730518608210        21.20746625204572        451.9902932503863        9681.500462793187        355.2924471747222        61.49992186245615    
    332.5000000000000        122.5153055697693        21.49640069600861        464.4153004766013        10084.22602522555        355.2982295409715        62.49991817883654    
    333.5000000000000        129.1797819693950        21.79327191622453        477.3564707374449        10509.44810399660        355.3044131350170        63.49991423961571    
    334.5000000000000        136.2952340339499        22.09824574683244        490.8354109070707        10958.51073056750        355.3110454035285        64.49991001456776    
    335.5000000000000        143.8925622278549        22.41140863092108        504.8707844623444        11432.70464756210        355.3181815281608        65.49990546853938    
    336.5000000000000        152.0079786922289        22.73288356659407        519.4836427909751        11933.45498152223        355.3258860715081        66.49990056040089    
    337.5000000000000        160.6756981211277        23.06277793319823        534.6949863083016        12462.23771464568        355.3342350619584        67.49989524171843    
    338.5000000000000        169.9360750145761        23.40121690356287        550.5273971949740        13020.64209060928        355.3433186603389        68.49988945505498    
    339.5000000000000        179.8299775984169        23.74827286178800        567.0016044216891        13610.24832730774        355.3532446070116        69.49988313177450    
    340.5000000000000        190.4013752416734        24.10401690422374        584.1388972594997        14232.71364561313        355.3641427295686        70.49987618916997    
    341.5000000000000        201.6975223992115        24.46855858100781        601.9632382653524        14889.86216164595        355.3761709124245        71.49986852666088    
    342.5000000000000        213.7673942511486        24.84198411665888        620.4981174641239        15583.56455327635        355.3895231130402        72.49986002068603    
    343.5000000000000        226.6650975504346        25.22432727579179        639.7651426172678        16315.69231222280        355.4044402930112        73.49985051773977    
    344.5000000000000        240.4463502486970        25.61564714084695        659.7875383564232        17088.23507386256        355.4212255803467        74.49983982471298    
    345.5000000000000        255.1719062927173        26.01601306070462        680.5900200239345        17903.32590429260        355.4402657054712        75.49982769523659    
    346.5000000000000        270.9040272333224        26.42544936953721        702.1954860002111        18763.09663561431        355.4620619637897        76.49981380995627    
    347.5000000000000        287.7099380050321        26.84396952073796        724.6267585515998        19669.74900979284        355.4872760393070        77.49979774733981    
    348.5000000000000        305.6625619035698        27.27162229598796        747.9092534308357        20625.67258998910        355.5167997344083        78.49977893925364    
    349.5000000000000        324.8391546774750        27.70836555100174        772.0637339463958        21633.13597638930        355.5518645416706        79.49975660115658    
    350.5000000000000        345.3139344026773        28.15418958439287        797.1133380589728        22694.59008797917        355.5942204115344        80.49972961820933    
    351.5000000000000        367.1791455005036        28.60909945163949        823.0824253575884        23812.61728228946        355.6464406924822        81.49969635099770    
    352.5000000000000        390.5198164636092        29.07301551489145        849.9908039928648        24989.68006309204        355.7124709836476        82.49965428585402    
    353.5000000000000        415.4333482220850        29.54589279418206        877.8606808050677        26228.42968471631        355.7986845144356        83.49959936244889    
    354.5000000000000        442.0169042412367        30.02768747725722        906.7144714812107        27531.60226517694        355.9160885244344        84.49952456799966    
    355.5000000000000        470.3782121305700        30.51822078230290        936.5666176890098        28901.64787385892        356.0854713177716        85.49941665764794    
    356.5000000000000        500.6269766156586        31.01746609576923        967.4409882579334        30341.53175276501        356.3513674929419        86.49924725517582    
    357.5000000000000        532.8740411079298        31.52522116913924        999.3503411440149        31853.76083162775        356.8295042871323        87.49894261235848    
    358.5000000000000        567.2505917869646        32.04141008308125        1032.315616791824        33441.31987411826        357.9435760519868        88.49823262412262    
    359.5000000000000        603.8679014354863        32.56580647884989        1066.347479096089        35106.73982369273        3.464456456928794        89.49470664172453    
