 # author: MA Kubiak / Space Research Center PAS Warsaw Poland, contact: mkubiak@cbk.waw.pl                          
 # code version Program.keplerV_ellipt_V2      , Dates: calkV:20/04/2026  ; part_pr:20/04/2026                       
 # czas no T v_mas, kier.naplywu(dl, szer) macierz obrotu (ecl to helio), r, theta, phi(ecl,spher), V_detector(ecl,cart), IBEX_energy_channel
 #     2026.164226000000        0.8088930000000000E-03     9480.000000000000        -11.28000000301609         251.5700000000000         11.95000000000000        0.2459841265748581        0.9692738567985851         0.000000000000000       -0.9615244635393438        0.2440174711049008        0.1261989691358298        0.1223213615382913       -0.3104294319752456E-01    0.9920049496797150        0.9810739999999999         160.9019100000000        0.3791500000000000E-01    -10.10100000000000        -28.01200000000000        0.2500000000000000E-01 00
 # routs_end= 150.00;    Maxwellian,    elliptOrb=Off                                                                                        
 # Numerical parameters: GridKl=10  GridKf=09  GridKV=05  epsV= 0.0000100  epssJon=.0010000                                                  
 # Numerical parameters: GridKl=10  GridKf=09  GridKV=05  epsV= 0.0000100  epssJon=.0010000; tessel128                                                                                                                                                                                                                                                                                                                                                                                                                                                                 
# Axis to the Sun: alpha_ecl= 336.9050000000000000 delta_Ecl= 0.0870000000000000 delta_Ax= 90.0000000000000000  repoint= 00172
 #  flag_atom: He                                                   
 #  flag_general:                                                   
 #                                                                  
 #                                                                  
  # Ly_a_Profil: zero                                               
  # flag_Itot: zero                                                 
 #  v_SW_Eqtr: speed3D.hybrid2026c_patched.dat                      
 #  n_SW_Eqtr: density3D.hybrid2026c_patched.dat                    
 #  phot_Eqtr: 0.8500000  phion_Helium_T12F107_2026c.dat            
 #  sigma_SW: p+He->H +He+, He + alpha (2 chnls);src:simuLosses.nb  
 #  flag_el:slow  swEqtrElectrons5.2026c.patched.dat                
 #  SW_lati: interpolation                                          
 #  phot_lati: analit pole-flattened after Pryor & Auchere          
 #
 #
 #
 #Spin  flux speed	speed^2 speed^3    long_ecl lat_ecl
   0.5000000000000000        6.867910571792628        31.74759942026661        1012.798855496223        32464.80169427980        237.0346092780636        89.49248512337898    
    1.500000000000000        7.308842022336305        32.28793779841607        1047.554344229754        34149.47232772727        243.5863241942467        88.49747718922565    
    2.500000000000000        7.780019271968323        32.83667539001919        1083.444377874902        35918.40186077421        244.9131784481229        87.49848511370807    
    3.500000000000000        8.283429490901112        33.39356968059423        1120.479930101241        37774.42676239329        245.4828577150211        86.49891772154739    
    4.500000000000000        8.821614773063372        33.95837151003516        1158.670571930169        39720.35151296817        245.7997001825306        85.49915830357055    
    5.500000000000000        9.396946803515394        34.53087596769257        1198.028654080158        41759.19759267864        246.0015480958110        84.49931156201508    
    6.500000000000000        10.01232271900130        35.11084291374551        1238.563210571449        43893.85587569420        246.1414586799728        83.49941779032031    
    7.500000000000000        10.67067927005317        35.69798903466474        1280.279650168972        46127.08108985984        246.2442013051591        82.49949579741251    
    8.500000000000000        11.37536066128603        36.29206605512604        1323.184886373632        48461.74294558942        246.3228919951589        81.49955554257441    
    9.500000000000000        12.12997519910800        36.89284981248850        1367.287249402765        50900.85733113518        246.3851252787594        80.49960279230478    
    10.50000000000000        12.93856213679246        37.50008061182895        1412.591051903476        53447.22571204506        246.4356029759520        79.49964111659882    
    11.50000000000000        13.80550449147533        38.11353826053790        1459.102947711829        56103.82897924967        246.4773917065631        78.49967284384131    
    12.50000000000000        14.73570500703515        38.73289249494452        1506.819537321883        58873.05639403337        246.5125768888518        77.49969955740426    
    13.50000000000000        15.73429873631348        39.35786138700849        1555.740066322187        61757.46617286724        246.5426261097019        76.49972237155615    
    14.50000000000000        16.80759018526162        39.98806220399838        1605.854286480047        64759.03819819834        246.5686021511852        75.49974209321115    
    15.50000000000000        17.96187736974548        40.62317232033771        1657.155280097247        67879.93724401957        246.5912935629631        74.49975932107013    
    16.50000000000000        19.20452934332952        41.26285885003366        1709.633934865842        71122.18133675015        246.6112977576807        73.49977450871248    
    17.50000000000000        20.54357246352761        41.90680299010370        1763.281103291050        74487.78267707820        246.6290756185481        72.49978800605786    
    18.50000000000000        21.98827563961962        42.55465348710998        1818.083221174004        77978.43124888391        246.6449883974785        71.49980008738136    
    19.50000000000000        23.54850203625339        43.20602488144139        1874.021900577540        81595.44449797935        246.6593232605993        70.49981097070902    
    20.50000000000000        25.23574675113784        43.86058152988881        1931.081305453063        85340.24680792443        246.6723113574145        69.49982083153687    
    21.50000000000000        27.06212783906935        44.51789318264210        1989.235257916959        89213.49476213679        246.6841408476499        68.49982981272142    
    22.50000000000000        29.04205993578197        45.17762632366026        2048.464432445785        93216.23260691093        246.6949664544277        67.49983803173302    
    23.50000000000000        31.19130367209835        45.83940889017438        2108.744503345526        97349.10523492844        246.7049165784347        66.49984558605708    
    24.50000000000000        33.52802881807290        46.50291340772767        2170.053121117963        101612.7833872417        246.7140986699179        65.49985255727276    
    25.50000000000000        36.07217922731376        47.16772575941450        2232.357894154063        106007.1255902806        246.7226033367322        64.49985901417195    
    26.50000000000000        38.84670852646430        47.83346579071598        2295.627463167629        110531.9336711458        246.7305075223028        63.49986501517208    
    27.50000000000000        41.87701206246852        48.49971982500659        2359.825406027257        115186.5313795033        246.7378769902460        62.49987061020258    
    28.50000000000000        45.19231591767974        49.16613823270722        2424.919759559482        119970.4564939176        246.7447682859354        61.49987584219405    
    29.50000000000000        48.82555688712791        49.83232100201878        2490.871408201268        124882.5608981535        246.7512302991285        60.49988074826482    
    30.50000000000000        52.81401510968286        50.49786366596154        2557.638469612800        129921.3159001780        246.7573055192095        59.49988536067384    
    31.50000000000000        57.20028140366898        51.16233293306495        2625.174053999527        135084.6478793207        246.7630310513553        58.49988970759224    
    32.50000000000000        62.03242440377665        51.82535076537049        2693.435054826359        140370.6236462949        246.7684394451187        57.49989381373233    
    33.50000000000000        67.36557493900830        52.48651985418584        2762.374282131293        145776.8110539636        246.7735593746228        56.49989770086427    
    34.50000000000000        73.26165427262114        53.14539788892477        2831.937270000933        151299.9789091859        246.7784162004765        55.49990138824231    
    35.50000000000000        79.79114279881793        53.80152080591309        2902.065032972867        156936.3268530742        246.7830324367321        54.49990489295964    
    36.50000000000000        87.03425131291014        54.45447805257624        2972.702327878877        162682.1618387868        246.7874281410978        53.49990823024455    
    37.50000000000000        95.08342652766761        55.10384753507613        3043.790648081577        168533.3184818639        246.7916212427298        52.49991141370921    
    38.50000000000000        104.0420104570840        55.74917005846295        3115.264873647598        174484.8247937195        246.7956278189548        51.49991445555988    
    39.50000000000000        114.0278835576546        56.38993624518247        3187.051820083030        180530.7699120142        246.7994623299727        50.49991736677506    
    40.50000000000000        125.1745007988056        57.02566054238054        3259.078725870780        186665.0281807792        246.8031378188036        49.49992015725728    
    41.50000000000000        137.6340562161285        57.65590407818124        3331.276269858913        192881.5435853248        246.8066660823410        48.49992283596296    
    42.50000000000000        151.5785565910616        58.28016544136870        3403.565389108476        199173.1233509134        246.8100578182722        47.49992541101407    
    43.50000000000000        167.2004628443944        58.89791809707715        3475.861603410493        205531.8024686986        246.8133227517479        46.49992788979408    
    44.50000000000000        184.7172224328901        59.50861140247579        3548.075258714754        211948.8679571754        246.8164697449901        45.49993027903140    
    45.50000000000000        204.3726949759474        60.11175047100166        3620.121371954579        218415.7635338834        246.8195068924609        44.49993258487151    
    46.50000000000000        226.4409291589316        60.70682190474340        3691.910614361090        224923.2560515293        246.8224416037685        43.49993481293993    
    47.50000000000000        251.2249553730325        61.29328092443414        3763.347446591892        231461.2278396570        246.8252806761177        42.49993696839723    
    48.50000000000000        279.0597715421916        61.87056562450371        3834.332003059873        238018.8550406769        246.8280303578151        41.49993905598723    
    49.50000000000000        310.3134598278983        62.43811391569497        3904.762385540845        244584.8334779420        246.8306964040935        40.49994108007945    
    50.50000000000000        345.3901720963144        62.99541855709084        3974.542029049033        251148.1125102598        246.8332841263240        39.49994304470635    
    51.50000000000000        384.7277064290000        63.54197415846321        4043.572890075460        257697.2293810275        246.8357984355118        38.49994495359649    
    52.50000000000000        428.7916988413831        64.07726005052380        4111.753219197449        264220.0867099131        246.8382438808414        37.49994681020367    
    53.50000000000000        478.0782387986474        64.60077979279950        4178.982890822486        270704.4876321934        246.8406246839199        36.49994861773303    
    54.50000000000000        533.1048546173088        65.11205696726998        4245.163194259910        277138.1456160261        246.8429447692700        35.49995037916413    
    55.50000000000000        594.4054851837665        65.61065189672370        4310.199286577934        283508.9516197810        246.8452077915496        34.49995209727165    
    56.50000000000000        662.5189479763699        66.09618821451822        4374.004107565449        289805.4022698582        246.8474171599019        33.49995377464391    
    57.50000000000000        737.9795331688251        66.56831770231612        4436.493828095578        296016.1572862995        246.8495760597894        32.49995541369933    
    58.50000000000000        821.2984712596299        67.02672089359945        4497.588089105689        302130.0803773711        246.8516874726116        31.49995701670144    
    59.50000000000000        912.9448492369748        67.47111077090608        4557.210847723771        308136.3626179507        246.8537541933703        30.49995858577227    
    60.50000000000000        1013.326573902565        67.90122740815865        4615.289796104376        314024.4814665575        246.8557788466088        29.49996012290442    
    61.50000000000000        1122.758516647334        68.31684975662704        4671.758286571759        319784.4343357504        246.8577639008235        28.49996162997201    
    62.50000000000000        1241.450020172019        68.71779864588189        4726.555953969354        325406.8292224389        246.8597116815205        27.49996310874059    
    63.50000000000000        1369.466437252074        69.10394284508945        4779.629840106049        330883.0362430783        246.8616243830677        26.49996456087617    
    64.50000000000000        1506.706812649808        69.47518823229207        4830.933042011702        336205.0687156349        246.8635040794753        25.49996598795339    
    65.50000000000000        1652.872651681519        69.83147052250268        4880.423895880093        341365.5243507946        246.8653527342216        24.49996739146292    
    66.50000000000000        1807.448542153776        70.17274689199311        4928.064792681294        346357.4653488465        246.8671722092256        23.49996877281837    
    67.50000000000000        1969.661192415520        70.49899084021605        4973.821671765204        351174.3940724718        246.8689642730567        22.49997013336247    
    68.50000000000000        2138.487714298852        70.81019954515021        5017.665033268372        355810.3637271242        246.8707306084631        21.49997147437278    
    69.50000000000000        2312.623051978876        71.10638437549103        5059.568804686309        360259.8867008365        246.8724728192886        20.49997279706696    
    70.50000000000000        2490.500838344461        71.38758343999831        5099.512047108195        364518.1143702679        246.8741924368408        19.49997410260761    
    71.50000000000000        2670.275547958910        71.65383574501617        5137.475401386700        368580.4765865849        246.8758909257678        18.49997539210669    
    72.50000000000000        2849.864547236197        71.90519614532957        5173.443150900153        372442.9004558744        246.8775696894936        17.49997666662972    
    73.50000000000000        3026.963344088706        72.14172463992180        5207.401785276988        376101.6720215738        246.8792300752553        16.49997792719952    
    74.50000000000000        3199.091570974288        72.36348095545992        5239.339164511824        379553.3447836936        246.8808733787856        15.49997917479982    
    75.50000000000000        3363.658733716515        72.57052666058648        5269.244752735488        382794.7615883142        246.8825008486736        14.49998041037857    
    76.50000000000000        3518.014397548292        72.76291431223127        5297.108130823227        385822.9069541863        246.8841136904395        13.49998163485104    
    77.50000000000000        3659.540895669111        72.94071485643840        5322.922888641200        388635.3256429133        246.8857130703503        12.49998284910263    
    78.50000000000000        3785.721202801070        73.10399240607644        5346.683023445812        391229.7407917014        246.8873001190053        11.49998405399171    
    79.50000000000000        3894.226123266509        73.25280745333160        5368.383344257635        393604.0945672625        246.8888759347156        10.49998525035214    
    80.50000000000000        3982.989101567240        73.38722012705654        5388.019909515724        395756.5949491563        246.8904415866979        9.499986438995666    
    81.50000000000000        4050.276113586866        73.50726706232851        5405.586637542946        397685.3458668229        246.8919981181071        8.499987620714254    
    82.50000000000000        4094.761010189223        73.61299049306839        5421.079515979614        399388.8064635241        246.8935465489225        7.499988796282299    
    83.50000000000000        4115.557097072265        73.70441482220345        5434.493160942153        400865.4141833175        246.8950878787082        6.499989966458644    
    84.50000000000000        4112.266126813361        73.78154775562138        5445.820963109499        402113.6006008869        246.8966230892621        5.499991131988691    
    85.50000000000000        4084.980552305360        73.84439987279369        5455.057926143429        403132.1016197454        246.8981531471700        4.499992293606284    
    86.50000000000000        4034.277905219984        73.89295417404298        5462.196196390714        403919.4667220334        246.8996790062786        3.499993452035560    
    87.50000000000000        3961.209629882272        73.92718065847187        5467.227184997218        404474.2916576968        246.9012016101010        2.499994607992847    
    88.50000000000000        3867.257005098778        73.94704592348782        5470.142996507279        404795.3789127134        246.9027218941685        1.499995762188414    
    89.50000000000000        3754.262535788898        73.95250120126163        5470.934724365059        404881.5566118404        246.9042407883396       0.4999969153281841    
    90.50000000000000        3624.392842468414        73.94350314011722        5469.595499776086        404732.0142628107        246.9057592190814      -0.5000019318844600    
    91.50000000000000        3480.038886785003        73.91999656922253        5466.117911395981        404346.0129007709        246.9072781117310       -1.500000778746991    
    92.50000000000000        3323.734886417671        73.88190639116223        5460.492858577639        403722.7635484025        246.9087983927528       -2.499999624556069    
    93.50000000000000        3158.095574969307        73.82916110111891        5452.713037207674        402861.8144253654        246.9103209920009       -3.499998468605737    
    94.50000000000000        2985.727548278279        73.76167821184271        5442.770794640021        401762.8133687997        246.9118468449997       -4.499997310185739    
    95.50000000000000        2809.136122400252        73.67936608815538        5430.658480100466        400425.5545412631        246.9133768952529       -5.499996148579800    
    96.50000000000000        2630.808083577098        73.58214093473644        5416.370939083637        398850.2519017652        246.9149120965953       -6.499994983063762    
    97.50000000000000        2452.870993448446        73.46991691210772        5399.904092933328        397037.3844870942        246.9164534155987       -7.499993812903812    
    98.50000000000000        2277.348022530360        73.34260958366491        5381.255519117723        394987.7668751167        246.9180018340442       -8.499992637354579    
    99.50000000000000        2105.982288812713        73.20015392241380        5360.427107805697        392702.8408858720        246.9195583514767       -9.499991455657247    
    100.5000000000000        1940.250131029597        73.04248473647954        5337.422143373282        390184.3463308889        246.9211239878535       -10.49999026703745    
    101.5000000000000        1781.353398108970        72.86953289208613        5312.244721923339        387434.2505092140        246.9226997863049       -11.49998907070327    
    102.5000000000000        1630.228786368183        72.68125403971297        5284.904097185550        384455.2385451053        246.9242868160205       -12.49998786584299    
    103.5000000000000        1487.560162068284        72.47761482023176        5255.412587040389        381250.4713620017        246.9258861752805       -13.49998665162281    
    104.5000000000000        1353.795464269846        72.25860527048009        5223.787375675023        377823.7781493401        246.9274989946511       -14.49998542718440    
    105.5000000000000        1229.167040208555        72.02423048301395        5190.049240747866        374179.5065294060        246.9291264403626       -15.49998419164242    
    106.5000000000000        1113.724322219378        71.77451651019538        5154.223392378874        370322.6075801165        246.9307697178953       -16.49998294408165    
    107.5000000000000        1007.356459219266        71.50950374097310        5116.338391231987        366258.5000832383        246.9324300757950       -17.49998168355421    
    108.5000000000000        909.8252725937566        71.22925808573368        5076.427742203363        361993.2362660491        246.9341088097470       -18.49998040907648    
    109.5000000000000        820.7875614636449        70.93387502952119        5034.530406001974        357533.5442406686        246.9358072669376       -19.49997911962566    
    110.5000000000000        739.8276464307704        70.62348515086740        4990.691441160052        352886.8758247544        246.9375268507356       -20.49997781413634    
    111.5000000000000        666.4716109133213        70.29825184692760        4944.961587840423        348061.3476662840        246.9392690257296       -21.49997649149666    
    112.5000000000000        600.2117804831109        69.95835924825575        4897.395369433546        343065.5141018653        246.9410353231631       -22.49997515054411    
    113.5000000000000        540.5232499834499        69.60401632165058        4848.051561878491        337908.4002209160        246.9428273468109       -23.49997379006111    
    114.5000000000000        486.8784443411347        69.23547021142038        4796.994898743022        332599.6590584716        246.9446467793468       -24.49997240877025    
    115.5000000000000        438.7583522613373        68.85300350729072        4744.295549350028        327149.4977255577        246.9464953892605       -25.49997100532890    
    116.5000000000000        395.6603247085026        68.45690484812451        4690.024702576474        321568.1777842748        246.9483750383847       -26.49996957832362    
    117.5000000000000        357.1056132886008        68.04748422054796        4634.256705249382        315866.2366537607        246.9502876901053       -27.49996812626382    
    118.5000000000000        322.6449511266824        67.62507692453009        4577.069499388176        310054.5185010575        246.9522354183336       -28.49996664757503    
    119.5000000000000        291.8603141219806        67.19003041438572        4518.542561009478        304143.9315538743        246.9542204173303       -29.49996514059145    
    120.5000000000000        264.3669076998125        66.74269367559296        4458.755268418730        298145.2602921115        246.9562450124866       -30.49996360354763    
    121.5000000000000        239.8117965709644        66.28341707923882        4397.786787969059        292069.1426745770        246.9583116721754       -31.49996203456969    
    122.5000000000000        217.8748660267042        65.81255094777767        4335.715879566894        285926.0498201764        246.9604230208069       -32.49996043166524    
    123.5000000000000        198.2672802420882        65.33046335408599        4272.623191597183        279726.5065127941        246.9625818532396       -33.49995879271243    
    124.5000000000000        180.7290246531855        64.83751652594013        4208.587909036863        273480.7340657744        246.9647911507186       -34.49995711544798    
    125.5000000000000        165.0276653671150        64.33406748852725        4143.687727582219        267198.6371104234        246.9670540985397       -35.49995539745375    
    126.5000000000000        150.9552624762420        63.82046873478087        4077.998990044964        260889.8229319301        246.9693741056667       -36.49995363614162    
    127.5000000000000        138.3279233277873        63.29709800643872        4011.600539856150        254563.9772998946        246.9717548265630       -37.49995182873729    
    128.5000000000000        126.9820481721035        62.76431302173522        3944.567650055638        248230.2539637109        246.9742001855414       -38.49994997226148    
    129.5000000000000        116.7724064062534        62.22246394774679        3876.973622391306        241897.4311728812        246.9767144039814       -39.49994806350940    
    130.5000000000000        107.5707728526916        61.67189450756214        3808.889916477715        235573.9253941476        246.9793020308214       -40.49994609902762    
    131.5000000000000        99.26376176658869        61.11295463297756        3740.387729611191        229267.9419253725        246.9819679767991       -41.49994407508804    
    132.5000000000000        91.75156945904808        60.54600117518309        3671.537936254470        222987.4578303769        246.9847175529946       -42.49994198765853    
    133.5000000000000        84.94577329742849        59.97136952195865        3602.407581227494        216739.9001106772        246.9875565143250       -43.49993983237016    
    134.5000000000000        78.76876209260388        59.38939738897516        3533.062840533989        210532.4265316122        246.9904911087518       -44.49993760447960    
    135.5000000000000        73.15228854018125        58.80043579746800        3463.570245592713        204372.0311183015        246.9935281331035       -45.49993529882683    
    136.5000000000000        68.03603680024987        58.20483061241531        3393.994351603927        198265.3271661301        246.9966749965768       -46.49993290978696    
    137.5000000000000        63.36694703957137        57.60293485547555        3324.399096254564        192218.6642077291        246.9999397931830       -47.49993043121525    
    138.5000000000000        59.09781448677772        56.99509050649649        3254.845759251051        186237.9632832994        247.0033313846491       -48.49992785638402    
    139.5000000000000        55.18721789584011        56.38166323878070        3185.396938357515        180329.0644344611        247.0068594955817       -49.49992517791057    
    140.5000000000000        51.59817364740933        55.76300939390264        3116.112533343921        174497.3653502178        247.0105348230680       -50.49992238767393    
    141.5000000000000        48.29826152992485        55.13948724468269        3047.050950310355        168747.9242961875        247.0143691633388       -51.49991947671864    
    142.5000000000000        45.25872870038785        54.51146467670528        2978.270062049213        163085.5569669719        247.0183755586801       -52.49991643514329    
    143.5000000000000        42.45410207962343        53.87932673682095        2909.827991894761        157514.9059058413        247.0225684684771       -53.49991325197067    
    144.5000000000000        39.86179249709290        53.24347047155560        2841.782461565565        152040.3857979422        247.0269639691494       -54.49990991499586    
    145.5000000000000        37.46149715653395        52.60428022545413        2774.187915356238        146665.9402649313        247.0315799888407       -55.49990641060821    
    146.5000000000000        35.23509446769008        51.96211699980559        2707.094302252700        141394.9454497976        247.0364365841252       -56.49990272358123    
    147.5000000000000        33.16667137949416        51.31734396126904        2640.550003127728        136230.4706455010        247.0415562677817       -57.49989883682365    
    148.5000000000000        31.24177543956279        50.67035880753035        2574.605280263492        131175.5650093949        247.0469643989834       -58.49989473108337    
    149.5000000000000        29.44789030074695        50.02154114521959        2509.306637431051        126232.8107137231        247.0526896502298       -59.49989038459278    
    150.5000000000000        27.77345007729912        49.37128724056815        2444.700259569626        121404.5873569214        247.0587645692292       -60.49988577264232    
    151.5000000000000        26.20849263296833        48.71998610662247        2380.829539837165        116692.8884735774        247.0652262590561       -61.49988086706408    
    152.5000000000000        24.74381771687633        48.06803864179562        2317.736989895844        112099.4753737457        247.0721172066863       -62.49987563560284    
    153.5000000000000        23.37128189900481        47.41581039260875        2255.459340706208        107625.5043306316        247.0794862991060       -63.49987004114447    
    154.5000000000000        22.08334003414274        46.76366799184443        2194.031704530125        103271.8888674173        247.0873900784837       -64.49986404076324    
    155.5000000000000        20.87355252958167        46.11204262486958        2133.493482693160        99039.72351150076        247.0958943047086       -65.49985758453550    
    156.5000000000000        19.73575986360236        45.46134091318964        2073.879847550263        94929.67827793091        247.1050759168461       -66.49985061405042    
    157.5000000000000        18.66476788367268        44.81198611397412        2015.225420935816        90942.25280086917        247.1150255176184       -67.49984306052394    
    158.5000000000000        17.65566399713170        44.16434495751541        1957.557474304939        87077.31241837304        247.1258505511883       -68.49983484238629    
    159.5000000000000        16.70393639742073        43.51882939901613        1900.905626774750        83334.79049513784        247.1376794109757       -69.49982586216309    
    160.5000000000000        15.80578098644738        42.87581843917234        1845.294381492923        79714.16341479766        247.1506668113512       -70.49981600239748    
    161.5000000000000        14.95743616428475        42.23567061391151        1790.744662804365        76214.59185220880        247.1650009014056       -71.49980512024922    
    162.5000000000000        14.15565391907505        41.59875043645788        1737.276110427891        72835.07659463561        247.1809128175882       -72.49979304024225    
    163.5000000000000        13.39746619598163        40.96537599165733        1684.902441488889        69574.15961816412        247.1986897098239       -73.49977954437543    
    164.5000000000000        12.67995600905578        40.33585997874446        1633.635394513071        66430.21361003075        247.2186928096653       -74.49976435840490    
    165.5000000000000        12.00084197068692        39.71054760616352        1583.488024106647        63401.66449462519        247.2413829743802       -75.49974713245082    
    166.5000000000000        11.35790729995917        39.08973906005960        1534.468226624672        60486.59092819120        247.2673575830351       -76.49972741298537    
    167.5000000000000        10.74895098621221        38.47381746001592        1486.589019411250        57683.35065011446        247.2974051410459       -77.49970460137581    
    168.5000000000000        10.17226305875816        37.86310003369915        1439.856717173696        54989.87996612425        247.3325883709709       -78.49967789079956    
    169.5000000000000        9.625996533103756        37.25789082404545        1394.275317465849        52403.97339604310        247.3743747777075       -79.49964616711453    
    170.5000000000000        9.108586548637366        36.65854874145467        1349.851527641140        49923.56691129832        247.4248496633443       -80.49960784712816    
    171.5000000000000        8.618529949783836        36.06536063017778        1306.585306465535        47546.21411061211        247.4870794774694       -81.49956060271892    
    172.5000000000000        8.154281648000126        35.47862576370407        1264.476529792388        45269.48417632477        247.5657657801824       -82.49950086429440    
    173.5000000000000        7.714600583807454        34.89863472377575        1223.523102499784        43090.84354737790        247.6685026827877       -83.49942286600509    
    174.5000000000000        7.298287991713665        34.32564796466313        1183.719889361936        41007.62684422456        247.8084054932881       -84.49931664968511    
    175.5000000000000        6.904012746643521        33.75994826916914        1145.062455759868        39017.24065007034        248.0102422436413       -85.49916340850771    
    176.5000000000000        6.530685043451401        33.20175334796318        1107.540993995480        37116.84783032047        248.3270673352148       -86.49892285349890    
    177.5000000000000        6.177321288172788        32.65129847601299        1071.146143851435        35303.67808339762        248.8967158588435       -87.49849029388892    
    178.5000000000000        5.842905875386018        32.10881758703536        1035.867953070983        33574.98883476742        250.2235011680221       -88.49748247983388    
    179.5000000000000        5.526492551709215        31.57449252918340        1001.692305610697        31927.87674884549        256.7749355424489       -89.49249091683937    
    180.5000000000000        5.227053648545430        31.04844322123151        968.6011224802230        30359.33224820768        57.03526834674955       -89.49248104720645    
    181.5000000000000        4.943865428195558        30.53091124256934        936.5832236785915        28866.70707048097        63.58653097334556       -88.49747247873110    
    182.5000000000000        4.676154469637933        30.02200090754355        905.6188944650419        27447.04774415490        64.91330214388000       -87.49848028204023    
    183.5000000000000        4.423078684436397        29.52184138379456        875.6898876734360        26097.53761020361        65.48294676148025       -86.49891283868338    
    184.5000000000000        4.183902123650256        29.03057983417398        846.7786605747868        24815.45450730106        65.79977024429118       -85.49915339247066    
    185.5000000000000        3.957976981749758        28.54825308511695        818.8615994982230        23597.90121872801        66.00160617999396       -84.49930663302948    
    186.5000000000000        3.744542921019776        28.07502574066428        791.9222130627051        22442.35520821337        66.14150852186062       -83.49941284899367    
    187.5000000000000        3.543114663546000        27.61087887562459        765.9341044956424        21345.96413897064        66.24424513040960       -82.49949084705976    
    188.5000000000000        3.352919002248709        27.15596916933168        740.8805748544336        20306.35003928401        66.32293123658808       -81.49955058533503    
    189.5000000000000        3.173472015660652        26.71026260003019        716.7350162572561        19320.81752549337        66.38516091290265       -80.49959782963964    
    190.5000000000000        3.004175248022718        26.27383803705636        693.4771173842489        18387.00126239220        66.43563569819231       -79.49963614954989    
    191.5000000000000        2.844516076608949        25.84666200680580        671.0810840112455        17502.40071625553        66.47742202960229       -78.49966787317766    
    192.5000000000000        2.693939873854740        25.42879027576746        649.5262602366398        16664.79698975452        66.51260520154605       -77.49969458370987    
    193.5000000000000        2.551994803088705        25.02015144899625        628.7857909363555        15871.80475546042        66.54265271397803       -76.49971739528485    
    194.5000000000000        2.418231085772658        24.62072667633089        608.8363467969593        15121.26203374403        66.56862728615674       -75.49973711472261    
    195.5000000000000        2.292186456291590        24.23050891633727        589.6554760691001        14411.10515383509        66.59131742122679       -74.49975434065418    
    196.5000000000000        2.173385113471277        23.84940455418370        571.2173866378726        13739.23251362688        66.61132049665045       -73.49976952660617    
    197.5000000000000        2.061526632408133        23.47741009007450        553.5010101108645        13103.77637685628        66.62909736853555       -72.49978302245755    
    198.5000000000000        1.956109133583556        23.11437707987650        536.4792365088956        12502.73063769460        66.64500926757997       -71.49979510245151    
    199.5000000000000        1.856889147970349        22.76032514465391        520.1334617700157        11934.45512644908        66.65934334306681       -70.49980598458873    
    200.5000000000000        1.763410116145069        22.41505912805187        504.4358393378997        11397.05424396645        66.67233073095660       -69.49981584434487    
    201.5000000000000        1.675407455954917        22.07859327459263        489.3688813130146        10889.05456293607        66.68415957996207       -68.49982482455987    
    202.5000000000000        1.592526335650662        21.75074087797759        474.9065864510389        10408.74948750646        66.69498460415777       -67.49983304269040    
    203.5000000000000        1.514498119933099        21.43144295929329        461.0295277410936        9954.716910963483        66.70493419672948       -66.49984059621063    
    204.5000000000000        1.441016249021720        21.12054695033013        447.7147817431523        9525.471874667348        66.71411580165235       -65.49984756669025    
    205.5000000000000        1.371836072685304        20.81796779770004        434.9431349191161        9119.706164216366        66.72262002149714       -64.49985402291315    
    206.5000000000000        1.306664282337308        20.52352969371041        422.6921395458944        8736.056654466931        66.73052379520597       -63.49986002329007    
    207.5000000000000        1.245311920769076        20.23714910136125        410.9440170590960        8373.359399976158        66.73789288256636       -62.49986561774460    
    208.5000000000000        1.187516828613840        19.95864704066098        399.6776385122234        8030.389668942897        66.74478382566305       -61.49987084920241    
    209.5000000000000        1.133080030775682        19.68790718179397        388.8752069945323        7706.071836346166        66.75124551141229       -60.49987575477753    
    210.5000000000000        1.081803819697349        19.42479205751457        378.5186701483368        7399.362090670066        66.75732042673120       -59.49988036672521    
    211.5000000000000        1.033495212720111        19.16914470849188        368.5898636215956        7109.253037113411        66.76304567464460       -58.49988471321326    
    212.5000000000000       0.9879771224458111        18.92083384300610        359.0722803431094        6834.823836075530        66.76845380281907       -57.49988881895126    
    213.5000000000000       0.9450855284427989        18.67971249701166        349.9493988559771        6575.187563461330        66.77357348371804       -56.49989270570675    
    214.5000000000000       0.9046576853672150        18.44563432005026        341.2053126117523        6329.507865727817        66.77843007648411       -55.49989639273181    
    215.5000000000000       0.8665524160507594        18.21845867005004        332.8249038519511        6097.001665164329        66.78304609386957       -54.49989989711769    
    216.5000000000000       0.8306252978709130        17.99803943294259        324.7934072466584        5876.924898726245        66.78744159242585       -53.49990323409090    
    217.5000000000000       0.7967512073594206        17.78423524763591        317.0967596970986        5668.580021768836        66.79163450027673       -52.49990641726205    
    218.5000000000000       0.7648031743668499        17.57690238708497        309.7213171669503        5471.306267823295        66.79564089382451       -51.49990945883604    
    219.5000000000000       0.7346699138164165        17.37589921900146        302.6540108280634        5284.482533952376        66.79947523243919       -50.49991236979007    
    220.5000000000000       0.7062403907276705        17.18108842629697        295.8823861153054        5107.526193883570        66.80315055839354       -49.49991516002554    
    221.5000000000000       0.6794155021228873        16.99233095624452        289.3943915274411        4939.886483428117        66.80667866790667       -48.49991783849790    
    222.5000000000000       0.6541008557850514        16.80949756420035        283.1787270718239        4781.051215917871        66.81007025805533       -47.49992041332816    
    223.5000000000000       0.6302035875316530        16.63244895485168        277.2241759785860        4630.528998562610        66.81333505343710       -46.49992289189893    
    224.5000000000000       0.6076478099488302        16.46106386580787        271.5205114401295        4487.870277398767        66.81648191577075       -45.49992528093794    
    225.5000000000000       0.5863456937113378        16.29520565289647        266.0573708751348        4352.638087358714        66.81951893906029       -44.49992758658990    
    226.5000000000000       0.5662338363893490        16.13476100464581        260.8255253967490        4224.438568836445        66.82245353249593       -43.49992981447970    
    227.5000000000000       0.5472359735894625        15.97959723208468        255.8154325802202        4102.883465834904        66.82529249290037       -42.49993196976737    
    228.5000000000000       0.5292926298392806        15.82960428151107        251.0186294316246        3987.624239920168        66.82804206823009       -41.49993405719621    
    229.5000000000000       0.5123417961856859        15.68466251511768        246.4266307538054        3878.323229846409        66.83070801339727       -40.49993608113520    
    230.5000000000000       0.4963272976166096        15.54466067131449        242.0315189924691        3774.667711337110        66.83329563947791       -39.49993804561638    
    231.5000000000000       0.4811974672852649        15.40949021370161        237.8257355952143        3676.363719045345        66.83580985720593       -38.49993995436791    
    232.5000000000000       0.4669014205049322        15.27904293311703        233.8019858174424        3583.132878668672        66.83825521551617       -37.49994181084325    
    233.5000000000000       0.4533938677881134        15.15321661324698        229.9534208463288        3494.716433186660        66.84063593578502       -36.49994361824709    
    234.5000000000000       0.4406316934391318        15.03191213133748        226.2735129963311        3410.871098689980        66.84295594232249       -35.49994537955873    
    235.5000000000000       0.4285743946537197        14.91503356143679        222.7560580739122        3331.368796627758        66.84521888958950       -34.49994709755260    
    236.5000000000000       0.4171842932374773        14.80248854717421        219.3951680184213        3255.995724555619        66.84742818654735       -33.49994877481663    
    237.5000000000000       0.4064259516389634        14.69418722552918        216.1852269958379        3184.550811710968        66.84958701848976       -32.49995041376904    
    238.5000000000000       0.3962664127815833        14.59004293799996        213.1209044775198        3116.845575892281        66.85169836665985       -31.49995201667320    
    239.5000000000000       0.3866750286858436        14.48997131901427        210.1971130845295        3052.702592170994        66.85376502591434       -30.49995358565079    
    240.5000000000000       0.3776222143888482        14.39389064613025        207.4090116120717        2991.955185568335        66.85578962066189       -29.49995512269427    
    241.5000000000000       0.3690809288625714        14.30172431602462        204.7520704369702        2934.448513901642        66.85777461927384       -28.49995662967761    
    242.5000000000000       0.3610261845974932        14.21339711268174        202.2219498662521        2880.036430547546        66.85972234713986       -27.49995810836610    
    243.5000000000000       0.3534346127674122        14.12883848220240        199.8145876294143        2828.583060893064        66.86163499851976       -26.49995956042562    
    244.5000000000000       0.3462845545969651        14.04797941738430        197.5261000547235        2779.960315880118        66.86351464732337       -25.49996098743070    
    245.5000000000000       0.3395551216374562        13.97075491352609        195.3528457297811        2734.048976722346        66.86536325693555       -24.49996239087180    
    246.5000000000000       0.3332275169084218        13.89710208987660        193.2913630079188        2690.737038986023        66.86718268918816       -23.49996377216243    
    247.5000000000000       0.3272838548565837        13.82696115356082        191.3383922383019        2649.919961905426        66.86897471256991       -22.49996513264525    
    248.5000000000000       0.3217074783787366        13.76027532578113        189.4908673579513        2611.500251370689        66.87074100975393       -21.49996647359760    
    249.5000000000000       0.3164834042002023        13.69699150544368        187.7459282104126        2575.387489383800        66.87248318451405       -20.49996779623709    
    250.5000000000000       0.3115973340738386        13.63705768597393        186.1008414097881        2541.496441381870        66.87420276809313       -19.49996910172627    
    251.5000000000000       0.3070358980973519        13.58042515244486        184.5530578830241        2509.748105417318        66.87590122507928       -18.49997039117692    
    252.5000000000000       0.3027871609214661        13.52704823370410        183.1002004504975        2480.069265083214        66.87757995884053       -17.49997166565450    
    253.5000000000000       0.2988399160660554        13.47688524825279        181.7400866091467        2452.392829879401        66.87924031656263       -16.49997292618182    
    254.5000000000000       0.2951835596252431        13.42989613140792        180.4706567330227        2426.656156709136        66.88088359393053       -15.49997417374245    
    255.5000000000000       0.2918084646746979        13.38604261595649        179.2899761878722        2402.800982946121        66.88251103948961       -14.49997540928431    
    256.5000000000000       0.2887060432644701        13.34528937127372        178.1962631361829        2380.773881432287        66.88412385871958       -13.49997663372263    
    257.5000000000000       0.2858684753388165        13.30760456043997        177.1879001091885        2360.526379172067        66.88572321785047       -12.49997784794270    
    258.5000000000000       0.2832887219578747        13.27295826703709        176.2633874043892        2342.013889576077        66.88731024744803       -11.49997905280288    
    259.5000000000000       0.2809599534769203        13.24132184051886        175.4213225340624        2325.195203711615        66.88888604579230       -10.49998024913701    
    260.5000000000000       0.2788758268612823        13.21266952107554        174.6604428791813        2310.033299427449        66.89045168207262       -9.499981437756714    
    261.5000000000000       0.2770309503917003        13.18697852202864        173.9796259934120        2296.495282055751        66.89200819941885       -8.499982619453972    
    262.5000000000000       0.2754209226120252        13.16422787665749        173.3778551433247        2284.551594211087        66.89355661778829       -7.499983795003172    
    263.5000000000000       0.2740416759461822        13.14440003982734        172.8542615411138        2274.176830893346        66.89509793672549       -6.499984965163059    
    264.5000000000000       0.2728897130795679        13.12747943455254        172.4080830093408        2265.348841191920        66.89663313801155       -5.499986130679041    
    265.5000000000000       0.2719622737537008        13.11345173159128        172.0386427056533        2258.048244825704        66.89816318821789       -4.499987292284983    
    266.5000000000000       0.2712568959293804        13.10230595801998        171.7454056874254        2252.259559021954        66.89968904117934       -3.499988450704926    
    267.5000000000000       0.2707717846352383        13.09403339354948        171.5279479538068        2247.970537237098        66.90121164039961       -2.499989606655224    
    268.5000000000000       0.2705056936074089        13.08862673086348        171.3859322193376        2245.171638549047        66.90273192140283       -1.499990760846172    
    269.5000000000000       0.2704580476042137        13.08608168506000        171.3191520048290        2243.856928621649        66.90425081404315      -0.4999919139836074    
    270.5000000000000       0.2706142746328770        13.08638427022463        171.3271936767997        2244.017338066352        66.90576924478495       0.5000069332290495    
    271.5000000000000       0.2710188229613646        13.08956996930945        171.4110008922982        2245.671700618449        66.90728813896546        1.500005780089235    
    272.5000000000000       0.2716288753073037        13.09560593499793        171.5697598551792        2248.804951267773        66.90880842305143        2.500004625893679    
    273.5000000000000       0.2724602631511011        13.10450803065201        171.8039935705354        2253.429514698611        66.91033102690176        3.500003469936381    
    274.5000000000000       0.2735154727026802        13.11628413635789        172.1140657906264        2259.555687655252        66.91185688604764        4.500002311507040    
    275.5000000000000       0.2747968231418701        13.13094303362176        172.5004130275987        2267.196188167971        66.91338694400238        5.500001149889437    
    276.5000000000000       0.2763075734857202        13.14849658114132        172.9636055202586        2276.367445006461        66.91492215461274        6.499999984359360    
    277.5000000000000       0.2780515024384088        13.16895802660315        173.5043017234004        2287.088687293766        66.91646348446463        7.499998814182926    
    278.5000000000000       0.2800328224097793        13.19234411907481        174.1233071884867        2299.383188651722        66.91801191535617        8.499997638614850    
    279.5000000000000       0.2822563824107455        13.21867391188156        174.8215434663187        2313.277677415608        66.91956844685157        9.499996456896209    
    280.5000000000000       0.2847277166778267        13.24796835314605        175.6000384672898        2328.802187872718        66.92113409893045        10.49999526825258    
    281.5000000000000       0.2874529919741276        13.28025103335116        176.4599487579362        2345.990576529258        66.92270991474777        11.49999407189208    
    282.5000000000000       0.2904392789464504        13.31554811495970        177.4025599886940        2364.880602368361        66.92429696352085        12.49999286700292    
    283.5000000000000       0.2936942827457272        13.35388788935021        178.4292771524082        2385.513802484436        66.92589634356077        13.49999165275120    
    284.5000000000000       0.2972267431829833        13.39530143154363        179.5416451511970        2407.935998952304        66.92750918546730        14.49999042827866    
    285.5000000000000       0.3010459477323201        13.43982159973760        180.7413237540918        2432.196866720084        66.92913665550786        15.49998919269980    
    286.5000000000000       0.3051621909143938        13.48748413019289        182.0301211774700        2458.350736438134        66.93077995920291        16.49998794509933    
    287.5000000000000       0.3095863567645360        13.53832707342991        183.4099817176678        2486.456446540591        66.93244034514217        17.49998668452942    
    288.5000000000000       0.3143305999684669        13.59239096203230        184.8829944525252        2516.577655173263        66.93411910905867        18.49998541000627    
    289.5000000000000       0.3194080467543008        13.64971904490128        186.4514032027698        2548.783172206048        66.93581759819030        19.49998412050699    
    290.5000000000000       0.3248326775764016        13.71035771409864        188.1176230199741        2583.147458058940        66.93753721596134        20.49998281496620    
    291.5000000000000       0.3306198534463396        13.77435618610967        189.8842358800124        2619.750693831988        66.93927942702072        21.49998149227185    
    292.5000000000000       0.3367862861157863        13.84176640846333        191.7539928960551        2658.679000655139        66.94104576267674        22.49998015126132    
    293.5000000000000       0.3433495538763582        13.91264360679373        193.7298351499778        2700.025072706526        66.94283782677388        23.49997879071704    
    294.5000000000000       0.3503284570584554        13.98704488496650        195.8148600653137        2743.887676000350        66.94465730206115        24.49997740936139    
    295.5000000000000       0.3577436623727035        14.06503059053967        198.0123666023429        2790.372844493512        66.94650595710903        25.49997600585159    
    296.5000000000000       0.3656171765701461        14.14666402092373        200.3258523865294        2839.594041106381        66.94838565383724        26.49997457877415    
    297.5000000000000       0.3739723639623562        14.23201146918310        202.7590226546796        2891.672630065018        66.95029835572520        27.49997312663833    
    298.5000000000000       0.3828346083217058        14.32114194027937        205.3157889232503        2946.738122739047        66.95224613678441        28.49997164786943    
    299.5000000000000       0.3922306590830095        14.41412708934024        208.0002756534309        3004.928645997294        66.95423119138401        29.49997014080157    
    300.5000000000000       0.4021896142579562        14.51104232592007        210.8168604243470        3066.392149663015        66.95625584503132        30.49996860366913    
    301.5000000000000       0.4127425044845565        14.61196635579178        213.7701688634990        3131.286645940267        66.95832256622431        31.49996703459793    
    302.5000000000000       0.4239223007773275        14.71698147373019        216.8650939846423        3199.781059594409        66.96043397950793        32.49996543159548    
    303.5000000000000       0.4357648672346958        14.82617313852732        220.1067926148367        3272.055551226063        66.96259287988573        33.49996379253972    
    304.5000000000000       0.4483083752307421        14.93962945410501        223.5006800786639        3348.301848338131        66.96480224875924        34.49996211516704    
    305.5000000000000       0.4615940908658571        15.05744172211460        227.0524585547696        3428.724392938461        66.96706527159296        35.49996039705910    
    306.5000000000000       0.4756655278713181        15.17970429947292        230.7681236834700        3513.541004975013        66.96938535753264        36.49995863562756    
    307.5000000000000       0.4905699243638061        15.30651562040030        234.6540089038165        3602.984491550438        66.97176616123858        37.49995682809770    
    308.5000000000000       0.5063582714180878        15.43797710766682        238.7167653407647        3697.302804693435        66.97421160723644        38.49995497149003    
    309.5000000000000       0.5230853202727419        15.57419194703352        242.9633343385147        3796.758999134861        66.97672591713626        39.49995306259937    
    310.5000000000000       0.5408092505012119        15.71526822053858        247.4010621721481        3901.634687662025        66.97931364012618        40.49995109797185    
    311.5000000000000       0.5595924464889031        15.86131508018809        252.0375924545267        4012.228221436151        66.98197968721520        41.49994907387904    
    312.5000000000000       0.5795013987156882        16.01244612989719        256.8809898359765        4128.858475449249        66.98472936977839        42.49994698628839    
    313.5000000000000       0.6006070176908864        16.16877922932198        261.9397508239522        4251.866007740387        66.98756844305356        43.49994483083037    
    314.5000000000000       0.6229854505861127        16.33043216495026        267.2226776433046        4381.610871122303        66.99050315535234        44.49994260276121    
    315.5000000000000       0.6467206954446590        16.49753164585979        272.7391939373728        4518.481472450141        66.99354030388538        45.49994029692031    
    316.5000000000000       0.6718984313606137        16.67020242022672        278.4989992894765        4662.886969894940        66.99668729826736        46.49993790768209    
    317.5000000000000       0.6986157276539321        16.84857608748971        284.5123884142389        4815.266593578286        66.99995223296763        47.49993542890115    
    318.5000000000000       0.7269718004606123        17.03278323444406        290.7900030658612        4976.084530974361        67.00334397021622        48.49993285384908    
    319.5000000000000       0.7570791706621712        17.22295881395787        297.3430244174728        5145.835872674759        67.00687223517325        49.49993017514227    
    320.5000000000000       0.7890465871582859        17.41923718140668        304.1830434491892        5325.045208635120        67.01054772553617        50.49992738465890    
    321.5000000000000       0.8230121281108808        17.62176689568446        311.3225806691830        5514.281281295654        67.01438223821027        51.49992447344250    
    322.5000000000000       0.8590940272404310        17.83067383465659        318.7738152530671        5714.125099327827        67.01838881622888        52.49992143159042    
    323.5000000000000       0.8974570580366768        18.04612283272306        326.5507950550844        5925.230572439994        67.02258191980712        53.49991824812430    
    324.5000000000000       0.9382358030368918        18.26823819208640        334.6666468647906        6148.252243715361        67.02697762628897        54.49991491083781    
    325.5000000000000       0.9816164414651290        18.49719071544434        343.1366755506488        6383.929386654039        67.03159386485054        55.49991140611868    
    326.5000000000000        1.027760554733982        18.73310550714503        351.9750907284712        6633.000228947164        67.03645069322279        56.49990771873874    
    327.5000000000000        1.076876748962809        18.97615994668682        361.1985916093365        6896.301899186620        67.04157062548460        57.49990383160475    
    328.5000000000000        1.129141804957412        19.22647272671370        370.8222714522325        7174.658433188672        67.04697902227544        58.49989972546231    
    329.5000000000000        1.184813482582116        19.48422371190543        380.8641481984987        7469.011209079248        67.05270455775440        59.49989537854140    
    330.5000000000000        1.244081309264975        19.74951706941236        391.3399082431598        7780.268770229755        67.05877978151609        60.49989076612961    
    331.5000000000000        1.307235951225503        20.02255275961774        402.2697386193361        8109.513854063920        67.06524179878717        61.49988586005572    
    332.5000000000000        1.374514886100588        20.30341058741214        413.6695554368167        8457.736691625418        67.07213309901037        62.49988062806081    
    333.5000000000000        1.446221464066748        20.59229998136143        425.5613666618778        8826.161414957622        67.07950257201306        63.49987503302649    
    334.5000000000000        1.522664623027834        20.88929948185348        437.9623629148099        9215.903660981778        67.08740676325300        64.49986903202202    
    335.5000000000000        1.604144210856619        21.19456724035317        450.8938109587655        9628.256359792475        67.09591143644765        65.49986257511800    
    336.5000000000000        1.691065602493155        21.50825498521901        464.3774761429635        10064.57999827529        67.10509353514593        66.49985560389688    
    337.5000000000000        1.783735898043491        21.83042214296939        478.4317544883083        10526.17424307083        67.11504366735409        67.49984804956655    
    338.5000000000000        1.882597664918751        22.16126430962183        493.0818291842462        11014.62056071602        67.12586928350653        68.49983983054786    
    339.5000000000000        1.988046162191371        22.50078818886717        508.3451463624144        11531.29637198505        67.13769878452460        69.49983084935509    
    340.5000000000000        2.100578707722032        22.84921366181619        524.2495275248124        12077.99231316211        67.15068689382622        70.49982098851774    
    341.5000000000000        2.220588420339000        23.20651834431857        540.8124543722738        12656.20604154888        67.16502177151536        71.49981010517904    
    342.5000000000000        2.348696625947996        23.57287914421813        558.0613885230586        13267.84888346316        67.18093456758501        72.49979802384254    
    343.5000000000000        2.485378256736913        23.94833113425849        576.0177541992026        13914.68344174366        67.19871244880414        73.49978452648168    
    344.5000000000000        2.631235613204649        24.33295718969766        594.7061352756301        14598.66169483902        67.21871666794095        74.49976933882081    
    345.5000000000000        2.786843252067126        24.72677313834447        614.1483301167394        15321.69886980700        67.24140810936534        75.49975211093938    
    346.5000000000000        2.952950985429400        25.12990291649552        634.3721750105200        16086.00951026502        67.26738418732707        76.49973238925662    
    347.5000000000000        3.130185251842265        25.54229823737039        655.3976663814864        16893.59504130024        67.29743345375874        77.49970957507013    
    348.5000000000000        3.319293607608745        25.96404466104237        677.2520902316195        17746.80946716371        67.33261869403209        78.49968286146317    
    349.5000000000000        3.521062401252455        26.39514021920461        699.9587735249555        18647.93221575590        67.37440749997420        79.49965113416349    
    350.5000000000000        3.736390234499830        26.83558808192886        723.5419502293730        19599.36393321014        67.42488529751995        80.49961280979325    
    351.5000000000000        3.966116189412536        27.28536454068052        748.0248602604316        20603.54610066283        67.48711871893902        81.49956555995828    
    352.5000000000000        4.211198395674009        27.74447802997277        773.4329533829629        21663.09499568019        67.56580960548507        82.49950581464711    
    353.5000000000000        4.472752609984131        28.21285298374443        799.7874452388984        22780.53527416315        67.66855252474524        83.49942780733166    
    354.5000000000000        4.751758812329463        28.69051287390412        827.1155264268435        23958.73323508452        67.80846357756882        84.49932157867056    
    355.5000000000000        5.049539082616280        29.17739272583265        855.4399972839436        25200.46805425105        68.01031230554898        85.49916831960741    
    356.5000000000000        5.367303229359833        29.67345254559489        884.7850612120864        26508.65412260012        68.32715638191972        86.49892773636236    
    357.5000000000000        5.706424691162295        30.17858898804977        915.1715341144603        27886.14790777671        68.89683955509076        87.49849512555598    
    358.5000000000000        6.068565809852705        30.69276276719602        946.6241797235002        29336.06930570078        70.22370794853296        88.49748719032630    
    359.5000000000000        6.455125982568449        31.21581839934316        979.1606907983581        30861.29478555856        76.77559462541127        89.49249499299204    
