 # author: MA Kubiak / Space Research Center PAS Warsaw Poland, contact: mkubiak@cbk.waw.pl                          
 # code version Program.keplerV_ellipt_V2      , Dates: calkV:20/04/2026  ; part_pr:20/04/2026                       
 # czas no T v_mas, kier.naplywu(dl, szer) macierz obrotu (ecl to helio), r, theta, phi(ecl,spher), V_detector(ecl,cart), IBEX_energy_channel
 #     2025.999845000000        0.8088930000000000E-03     9480.000000000000        -11.28000000301609         251.5700000000000         11.95000000000000        0.2459841265748581        0.9692738567985851         0.000000000000000       -0.9615244635393438        0.2440174711049008        0.1261989691358298        0.1223213615382913       -0.3104294319752456E-01    0.9920049496797150        0.9749990000000000         100.2687820000000       -0.3488200000000000E-01    -29.26400000000000        -5.360999999999999       -0.5999999999999998E-02 00
 # routs_end= 150.00;    Maxwellian,    elliptOrb=Off                                                                                        
 # Numerical parameters: GridKl=10  GridKf=09  GridKV=05  epsV= 0.0000100  epssJon=.0010000                                                  
 # Numerical parameters: GridKl=10  GridKf=09  GridKV=05  epsV= 0.0000100  epssJon=.0010000; tessel128                                                                                                                                                                                                                                                                                                                                                                                                                                                                 
# Axis to the Sun: alpha_ecl= 276.2320000000000000 delta_Ecl= 0.0820000000000000 delta_Ax= 75.0000000000000000  repoint= 00095
 #  flag_atom: He                                                   
 #  flag_general:                                                   
 #                                                                  
 #                                                                  
  # Ly_a_Profil: zero                                               
  # flag_Itot: zero                                                 
 #  v_SW_Eqtr: speed3D.hybrid2026c_patched.dat                      
 #  n_SW_Eqtr: density3D.hybrid2026c_patched.dat                    
 #  phot_Eqtr: 0.8500000  phion_Helium_T12F107_2026c.dat            
 #  sigma_SW: p+He->H +He+, He + alpha (2 chnls);src:simuLosses.nb  
 #  flag_el:slow  swEqtrElectrons5.2026c.patched.dat                
 #  SW_lati: interpolation                                          
 #  phot_lati: analit pole-flattened after Pryor & Auchere          
 #
 #
 #
 #Spin  flux speed	speed^2 speed^3    long_ecl lat_ecl
   0.5000000000000000        669.5755162038861        33.95875193665250        1159.721856440926        39828.06847970427        274.3566465530693        75.07381394723375    
    1.500000000000000        708.6287940984288        34.48889008549921        1196.161995037120        41717.14800878447        270.6225021144202        75.00850644975074    
    2.500000000000000        749.5584632219935        35.02593149174045        1233.645924194455        43690.22047192991        266.9371905297027        74.87873797124335    
    3.500000000000000        792.3980679964742        35.56968517456927        1272.181960642413        45749.77019983127        263.3305264443862        74.68614786192242    
    4.500000000000000        837.1797733187002        36.11994400957043        1311.776630818909        47898.21987420286        259.8285662350617        74.43306865700762    
    5.500000000000000        883.9252938938000        36.67648065067159        1352.434359638622        50137.91126836344        256.4527300122242        74.12239396950574    
    6.500000000000000        932.6578393091381        37.23907790148044        1394.159546520315        52471.20898748008        253.2193900481464        73.75743009523977    
    7.500000000000000        983.3852543280259        37.80749049998947        1436.953696516105        54900.33714789739        250.1398896503682        73.34174690747317    
    8.500000000000000        1036.116287443471        38.38149940098307        1480.819464056589        57427.60306955173        247.2209024643086        72.87904056361647    
    9.500000000000000        1090.850424718388        38.96083242802526        1525.754439908922        60055.02833927571        244.4650183401679        72.37301627197526    
    10.50000000000000        1147.584312290339        39.54523733178280        1571.756883718803        62784.68415642782        241.8714443998005        71.82729505295698    
    11.50000000000000        1206.306344139133        40.13446108315063        1618.823911616210        65618.57068127624        239.4367294830681        71.24534487773796    
    12.50000000000000        1266.997620806565        40.72822201416623        1666.949304039823        68558.48207369700        237.1554468037792        70.63043412414405    
    13.50000000000000        1329.634874741078        41.32625296130157        1716.126782775628        71606.19013794468        235.0207958448543        69.98560394007716    
    14.50000000000000        1394.190010999104        41.92826460752757        1766.347156139449        74763.27134183234        233.0251060055565        69.31365563119283    
    15.50000000000000        1460.628812472852        42.53398273409277        1817.601122106725        78031.26012265308        231.1602398292785        68.61714930908514    
    16.50000000000000        1528.917981008469        43.14311279156576        1869.876531121008        81411.48574893150        229.4179031420038        67.89841049029471    
    17.50000000000000        1599.009793600774        43.75535334168324        1923.159162393796        84905.09247269544        227.7898743213369        67.15954192932958    
    18.50000000000000        1670.867494369282        44.37039999584597        1977.433181641255        88513.07138829134        226.2681665831403        66.40243857319682    
    19.50000000000000        1744.436436609048        44.98793716680343        2032.680279972502        92236.18813509580        224.8451368398266        65.62880407007617    
    20.50000000000000        1819.671652237837        45.60766264135871        2088.881922471671        96075.13168709088        223.5135532772866        64.84016772028460    
    21.50000000000000        1896.515649795845        46.22924319966013        2146.015200713343        100030.2153599905        222.2666319444012        64.03790111808343    
    22.50000000000000        1974.924019390111        46.85235657918334        2204.056683263540        104101.6379754403        221.0980507348763        63.22323400606489    
    23.50000000000000        2054.836084645855        47.47667338083204        2262.980704034654        108289.3527956896        220.0019473749465        62.39726906347607    
    24.50000000000000        2136.206073430147        48.10184491899665        2322.757988834797        112592.9475732528        218.9729065060392        61.56099549077433    
    25.50000000000000        2218.981726370124        48.72754422189100        2383.359862328839        117011.9608510487        218.0059396930639        60.71530134870087    
    26.50000000000000        2303.105079473954        49.35340817825887        2444.752293247308        121545.4135652914        217.0964611830327        59.86098467285121    
    27.50000000000000        2388.528415625088        49.97908716292292        2506.900901528255        126192.1817264703        216.2402614541731        58.99876342341611    
    28.50000000000000        2475.203748350822        50.60422957838478        2569.769376786489        130950.8680437338        215.4334799958661        58.12928435162613    
    29.50000000000000        2563.087387853619        51.22848429722417        2633.319731108590        135819.8110395262        214.6725783088814        57.25313087480089    
    30.50000000000000        2652.136696803934        51.85147713821520        2697.509788837884        140796.8786701470        213.9543137816587        56.37083005466833    
    31.50000000000000        2742.306919770185        52.47284232022846        2762.296468378340        145879.7158044835        213.2757148550284        55.48285877155156    
    32.50000000000000        2833.557542656197        53.09220288423951        2827.633701448263        151065.5704207334        212.6340577130532        54.58964918205550    
    33.50000000000000        2925.844738223664        53.70917046719664        2893.472338401418        156351.2724596444        212.0268446144145        53.69159354134236    
    34.50000000000000        3019.129844294938        54.32336946252929        2959.762876373830        161733.4569713611        211.4517838936378        52.78904846384553    
    35.50000000000000        3113.368667148877        54.93441919176972        3026.453411813584        167208.3792393616        210.9067716042668        51.88233868890672    
    36.50000000000000        3208.523096920214        55.54192012776191        3093.488124333988        172771.7818567776        210.3898747391466        50.97176041068101    
    37.50000000000000        3304.539408345917        56.14548641819390        3160.810970466505        178419.2022338901        209.8993159405360        50.05758422495015    
    38.50000000000000        3401.385575741002        56.74473569052534        3228.364542750377        184145.8687722798        209.4334596005481        49.14005773931712    
    39.50000000000000        3499.008523615966        57.33928834519259        3296.090086322663        189946.7038979911        208.9907992473064        48.21940788767039    
    40.50000000000000        3597.348781889682        57.92874086020939        3363.924305062683        195816.0296255252        208.5699461119142        47.29584298480408    
    41.50000000000000        3696.367118768071        58.51274211447664        3431.808420736853        201748.3683112399        208.1696187742083        46.36955455263485    
    42.50000000000000        3795.980081799824        59.09088100267100        3499.675030976191        207737.2827127912        207.7886337901430        45.44071894553117    
    43.50000000000000        3896.132095011063        59.66279471320222        3567.460786464375        213776.4829820773        207.4258972096804        44.50949879882015    
    44.50000000000000        3996.737467654653        60.22809880263339        3635.098425696616        219859.1429682785        207.0803969006666        43.57604432151390    
    45.50000000000000        4097.721101693359        60.78642673806482        3702.521321039641        225978.2852982661        206.7511956009653        42.64049445165404    
    46.50000000000000        4198.987464821792        61.33740556625427        3769.660721739754        232126.5433001311        206.4374246278134        41.70297789036837    
    47.50000000000000        4300.432009795281        61.88066707952604        3836.447165947920        238296.2906960294        206.1382781798112        40.76361402872352    
    48.50000000000000        4401.942486616894        62.41585050193938        3902.810858994937        244479.6771857493        205.8530081730368        39.82251377970753    
    49.50000000000000        4503.392239858383        62.94259972932036        3968.681479058933        250668.6205011741        205.5809195584421        38.87978032615302    
    50.50000000000000        4604.636104973604        63.46056357553479        4033.988232361914        256854.8110016010        205.3213660729052        37.93550979408422    
    51.50000000000000        4705.520934260525        63.96939973513565        4098.660478648434        263029.7807172100        205.0737463810974        36.98979185981707    
    52.50000000000000        4805.875239019679        64.46876682217732        4162.626803079862        269184.8204262368        204.8375005696656        36.04271029813454    
    53.50000000000000        4905.516389480051        64.95834325811865        4225.817524413824        275311.2280997065        204.6121069591700        35.09434347798229    
    54.50000000000000        5004.240733019401        65.43780664514188        4288.162202451362        281400.0836302446        204.3970792027669        34.14476481136476    
    55.50000000000000        5101.834437903164        65.90685243429269        4349.592075889026        287442.4866404901        204.1919636438241        33.19404316045389    
    56.50000000000000        5198.056923070045        66.36517282742214        4410.037420926731        293429.3082449257        203.9963369075267        32.24224320733841    
    57.50000000000000        5292.667277286221        66.81248733960301        4469.431777778002        299351.6302553535        203.8098037041056        31.28942579033209    
    58.50000000000000        5385.398321845795        67.24851229190641        4527.707907172624        305200.3434930799        203.6319948236272        30.33564821031114    
    59.50000000000000        5475.978908338478        67.67298535601280        4584.801243026785        310966.5130088364        203.4625653043449        29.38096451016042    
    60.50000000000000        5564.124600673368        68.08565350361488        4640.648409795011        316641.2438689088        203.3011927584612        28.42542573006329    
    61.50000000000000        5649.553014003617        68.48627843620888        4695.187985798518        322215.7636850113        203.1475758407992        27.46908014106851    
    62.50000000000000        5731.980631104139        68.87463423313584        4748.360353243212        327681.4275744032        203.0014328473583        26.51197345910208    
    63.50000000000000        5811.133107144378        69.25050565948483        4800.107530081397        333029.7096620799        202.8625004320519        25.55414904135782    
    64.50000000000000        5886.753130531946        69.61369349462331        4850.374050829379        338252.3126900487        202.7305324311025        24.59564806679460    
    65.50000000000000        5958.596088721891        69.96400498390094        4899.105671928243        343341.0394831116        202.6052987856339        23.63650970228618    
    66.50000000000000        6026.434458383606        70.30126030738322        4946.250408195340        348287.9191235953        202.4865845539391        22.67677125580940    
    67.50000000000000        6090.052663936701        70.62527639021420        4991.756298859376        353084.9787306574        202.3741890057606        21.71646831791401    
    68.50000000000000        6149.248893100994        70.93587385064987        5035.572461215977        357724.3666766459        202.2679247916741        20.75563489259190    
    69.50000000000000        6203.842929112169        71.23288173883293        5077.649852353032        362198.4471255699        202.1676171813548        19.79430351855242    
    70.50000000000000        6253.666372382248        71.51613196663672        5117.940507516098        366499.7256930504        202.0731033651181        18.83250538181152    
    71.50000000000000        6298.573835456073        71.78545514354504        5156.397009666878        370620.8031813395        201.9842318136808        17.87027042041477    
    72.50000000000000        6338.420185385639        72.04069442432299        5192.974548259265        374554.6089062048        201.9008616915848        16.90762742203712    
    73.50000000000000        6373.069314450964        72.28170258086038        5227.630563217795        378294.3732792202        201.8228623201777        15.94460411513239    
    74.50000000000000        6402.389035635724        72.50833797053207        5260.324218651705        381833.5804569382        201.7501126864483        14.98122725424489    
    75.50000000000000        6426.252306355002        72.72047835303947        5291.018459987988        385166.2016898264        201.6825009943834        14.01752270004045    
    76.50000000000000        6444.541247225137        72.91800996445104        5319.678512471273        388286.5446845405        201.6199242558454        13.05351549456605    
    77.50000000000000        6457.163361861835        73.10083513019514        5346.273013407705        391189.3833425767        201.5622879182736        12.08922993220382    
    78.50000000000000        6464.054998884152        73.26887593299891        5370.774625735636        393870.0369168989        201.5095055267869        11.12468962674750    
    79.50000000000000        6465.184927985599        73.42205649290720        5393.157470233766        396324.0939348037        201.4614984185176        10.15991757499479    
    80.50000000000000        6460.556022575521        73.56031835532877        5413.399433307964        398547.6748091202        201.4181954472381        9.194936217219579    
    81.50000000000000        6450.212777445179        73.68360540751463        5431.479988533319        400537.1986519928        201.3795327365516        8.229767494861564    
    82.50000000000000        6434.235641817320        73.79187222829962        5447.381446673054        402289.5261162714        201.3454534601155        7.264432905746873    
    83.50000000000000        6412.758789296466        73.88507606623351        5461.087840560171        403801.8460665642        201.3159076475472        6.298953557133379    
    84.50000000000000        6385.955417572080        73.96317906492646        5472.585223082415        405071.7070932218        201.2908520148278        5.333350216856522    
    85.50000000000000        6354.038020205968        74.02614366084346        5481.861016417107        406096.9504726357        201.2702498181797        4.367643362835588    
    86.50000000000000        6317.263304447725        74.07393825654817        5488.904882629950        406875.8118702759        201.2540707305403        3.401853231187726    
    87.50000000000000        6275.913789847606        74.10653241171420        5493.708007019598        407406.8423759094        201.2422907398935        2.435999863185678    
    88.50000000000000        6230.295901241015        74.12390120821138        5496.263757743364        407688.9842453233        201.2348920688556        1.470103151285826    
    89.50000000000000        6180.737845066405        74.12603135093494        5496.568623275116        407721.6796053169        201.2318631150380       0.5041828844460658    
    90.50000000000000        6127.569863414999        74.11291245021914        5494.620868042162        407504.7152365596        201.2331984118340      -0.4617412070525794    
    91.50000000000000        6071.131234793787        74.08454362968490        5490.421561417702        407038.3427744806        201.2388986093962       -1.427649407070894    
    92.50000000000000        6011.768035751540        74.04093512123605        5483.974811045992        406323.3040094300        201.2489704756905       -2.393521969155258    
    93.50000000000000        5949.816213642061        73.98209862920383        5475.286287096055        405360.6607621300        201.2634269176277       -3.359339071953209    
    94.50000000000000        5885.611696126785        73.90806025025790        5464.365164003411        404152.0130620751        201.2822870223939       -4.325080774293158    
    95.50000000000000        5819.491147152368        73.81886114350478        5451.224231670356        402699.5117831299        201.3055761192150       -5.290726969717711    
    96.50000000000000        5751.766229053014        73.71454349837808        5435.877723499249        401005.6051323825        201.3333258619149       -6.256257340255908    
    97.50000000000000        5682.742552574176        73.59516308053894        5418.343192101854        399073.2474801066        201.3655743327482       -7.221651309214173    
    98.50000000000000        5612.704151177710        73.46078784840570        5398.641295023934        396905.8725595786        201.4023661681147       -8.186887992757676    
    99.50000000000000        5541.927789407056        73.31149515469561        5376.795326833781        394507.3332695367        201.4437527068998       -9.151946150044713    
    100.5000000000000        5470.668477124442        73.14736978407889        5352.830876628653        391881.8554006325        201.4897921623207       -10.11680413166501    
    101.5000000000000        5399.156001180205        72.96850686540976        5326.776254421322        389034.0818761172        201.5405498183080       -11.08143982611962    
    102.5000000000000        5327.614473588326        72.77501504785002        5298.662901134427        385969.1088287265        201.5960982516097       -12.04583060406429    
    103.5000000000000        5256.246623378782        72.56701269500741        5268.524755389544        382692.4045553745        201.6565175809710       -13.00995326001960    
    104.5000000000000        5185.227585048265        72.34462699697953        5236.398094086434        379209.7856498825        201.7218957449259       -13.97378395123109    
    105.5000000000000        5114.720986395880        72.10799953292336        5202.322299225589        375527.4927614885        201.7923288099290       -14.93729813333830    
    106.5000000000000        5044.875049322544        71.85727634765240        5166.338293330556        371652.0029606554        201.8679213107699       -15.90047049248474    
    107.5000000000000        4975.812314957324        71.59261888452203        5128.490098948545        367590.1934549116        201.9487866254405       -16.86327487347077    
    108.5000000000000        4907.638047210202        71.31420141368613        5088.824393781388        363349.2817597426        202.0350473868778       -17.82568420351666    
    109.5000000000000        4840.435540533846        71.02220806359995        5047.389981176008        358936.7537901663        202.1268359342774       -18.78767041116418    
    110.5000000000000        4774.270425542381        70.71683746974800        5004.238393965468        354360.4189475945        202.2242948069782       -19.74920433980216    
    111.5000000000000        4709.185801899469        70.39829991496435        4959.423374842274        349628.3387774635        202.3275772842444       -20.71025565525174    
    112.5000000000000        4645.202542859799        70.06682204203906        4913.001501958066        344748.8857630052        202.4368479746441       -21.67079274679185    
    113.5000000000000        4582.311924772612        69.72263417428076        4865.030219970039        339730.5124859282        202.5522834591189       -22.63078262094417    
    114.5000000000000        4520.495573223304        69.36598617482653        4815.570052591854        334581.9803426549        202.6740729922930       -23.59019078726611    
    115.5000000000000        4459.706255132935        68.99713762774411        4764.683098655732        329312.1846381440        202.8024192670586       -24.54898113532228    
    116.5000000000000        4399.880368899910        68.61634903181958        4712.431682362730        323929.9984198269        202.9375392480285       -25.50711580191672    
    117.5000000000000        4340.938648058977        68.22389636471611        4658.880334290795        318444.4720607874        203.0796650800509       -26.46455502756780    
    118.5000000000000        4282.786334280977        67.82006301581985        4604.094577506110        312864.6947682416        203.2290450786627       -27.42125700109653    
    119.5000000000000        4225.314730554527        67.40513601227919        4548.140279033619        307199.7126207183        203.3859448101107       -28.37717769107125    
    120.5000000000000        4168.406040057600        66.97940479722845        4491.083424000340        301458.4980232797        203.5506482694086       -29.33227066270910    
    121.5000000000000        4111.927437648843        66.54316590955830        4432.990689145920        295649.9998441588        203.7234591658351       -30.28648687867343    
    122.5000000000000        4055.747050948766        66.09671439518262        4373.928185966051        289783.0060372839        203.9047023263247       -31.23977448202196    
    123.5000000000000        3999.730262616719        65.64034604700579        4313.961723682339        283866.1652353968        204.0947252283639       -32.19207855935473    
    124.5000000000000        3943.737804168754        65.17436578123758        4253.157880709052        277908.0890542766        204.2938996753117       -33.14334088197477    
    125.5000000000000        3887.637608665920        64.69906974775567        4191.581507740476        271917.0911274637        204.5026236285141       -34.09349962260798    
    126.5000000000000        3831.298422675153        64.21475094233824        4129.296436080353        265901.2544134429        204.7213232122047       -35.04248904492533    
    127.5000000000000        3774.600254735416        63.72170883387958        4066.366737603534        259868.5549188351        204.9504549089975       -35.99023916276612    
    128.5000000000000        3717.430476224384        63.22024393910587        4002.855896316262        253826.7709811089        205.1905079657999       -36.93667536556688    
    129.5000000000000        3659.672049872784        62.71064443886630        3938.824995562789        247783.2996229917        205.4420070322288       -37.88171800605400    
    130.5000000000000        3601.243076347794        62.19321942540416        3874.337114844361        241745.5942467065        205.7055150561299       -38.82528194574669    
    131.5000000000000        3542.045802555690        61.66826086142519        3809.452141678301        235720.6387748564        205.9816364635961       -39.76727605323202    
    132.5000000000000        3482.014354741131        61.13607894909432        3744.231481263600        229715.4176104731        206.2710206539912       -40.70760264950774    
    133.5000000000000        3421.075660352840        60.59696895629405        3678.733559687851        223736.4649910657        206.5743658439317       -41.64615689392376    
    134.5000000000000        3359.184752878921        60.05125416318953        3613.019406585363        217790.4105335827        206.8924232979849       -42.58282610337849    
    135.5000000000000        3296.294039469408        59.49924061022624        3547.146703926609        211883.3982518718        207.2260019880364       -43.51748899642369    
    136.5000000000000        3232.367617251622        58.94123926173422        3481.172626885541        206021.3621270433        207.5759737278659       -44.45001485278303    
    137.5000000000000        3167.397457758344        58.37756728677449        3415.154112094760        200210.0634665250        207.9432788344685       -45.38026257747003    
    138.5000000000000        3101.367740662902        57.80853849572052        3349.146224025228        194454.9070955958        208.3289323730394       -46.30807965718096    
    139.5000000000000        3034.285394583546        57.23446625045697        3283.202953278757        188761.0547858603        208.7340310482938       -47.23330099490382    
    140.5000000000000        2966.168987865994        56.65566201937667        3217.376717201810        183133.3576472422        209.1597608108188       -48.15574760669771    
    141.5000000000000        2897.051903828200        56.07244548297826        3151.719672623645        177576.4868850531        209.6074052533698       -49.07522516232152    
    142.5000000000000        2826.977085764235        55.48512363936170        3086.281127975175        172094.7009739377        210.0783548782082       -49.99152234878903    
    143.5000000000000        2756.001369199611        54.89400898418809        3021.109669753215        166692.0353489211        210.5741173224631       -50.90440903295607    
    144.5000000000000        2684.192463384423        54.29940915814788        2956.252013355207        161372.2141546794        211.0963286336642       -51.81363419586575    
    145.5000000000000        2611.633980225164        53.70162623644243        2891.752779645316        156138.6249283135        211.6467656914157       -52.71892360774321    
    146.5000000000000        2538.425417875012        53.10098198766104        2827.657501229397        150994.5899133561        212.2273598728106       -53.61997720820554    
    147.5000000000000        2464.667679636003        52.49776842935076        2764.006929319406        145942.8834091134        212.8402120574030       -54.51646615140314    
    148.5000000000000        2390.475814000376        51.89230894212543        2700.843919606974        140986.3180607539        213.4876090606800       -55.40802947042379    
    149.5000000000000        2315.977623919122        51.28490799202012        2638.207717273026        136127.2654660772        214.1720415706995       -56.29427030937879    
    150.5000000000000        2241.305061605924        50.67586601541515        2576.135778904821        131367.8259810543        214.8962236377274       -57.17475166521221    
    151.5000000000000        2166.597782024983        50.06549259900842        2514.665043431595        126709.9276403339        215.6631137270617       -58.04899157455245    
    152.5000000000000        2091.994498182416        49.45408914194947        2453.830157954811        122155.1962035666        216.4759372850490       -58.91645767408643    
    153.5000000000000        2017.656791933669        48.84196950696452        2393.665590097855        117705.1233128212        217.3382106799858       -59.77656105636197    
    154.5000000000000        1943.722052824889        48.22941715643995        2334.201218439813        113360.7322987152        218.2537662531578       -60.62864933720911    
    155.5000000000000        1870.346141340769        47.61676639694400        2275.470595623792        109123.2174285792        219.2267780377140       -61.47199884702684    
    156.5000000000000        1797.682919644080        47.00429973130723        2217.500538456569        104993.1559467601        220.2617874578055       -62.30580585735798    
    157.5000000000000        1725.867980691188        46.39231918208858        2160.318383335667        100971.0694925549        221.3637279866223       -63.12917675842564    
    158.5000000000000        1655.055448674692        45.78113586883183        2103.951009817064        97057.36264018105        222.5379472942977       -63.94111711539993    
    159.5000000000000        1585.375559288739        45.17106323603244        2048.423910716346        93252.24094173135        223.7902248254130       -64.74051955496465    
    160.5000000000000        1516.961226276879        44.56239721752907        1993.759321902950        89555.58523502119        225.1267819783165       -65.52615047450335    
    161.5000000000000        1449.931409738821        43.95544232657508        1939.979073563758        85967.18883929729        226.5542810822586       -66.29663563088506    
    162.5000000000000        1384.400573936313        43.35051851402108        1887.104778907403        82486.74479966101        228.0798081580207       -67.05044476335594    
    163.5000000000000        1320.466711036561        42.74793010973316        1835.155337397355        79113.70459457573        229.7108329968554       -67.78587554647032    
    164.5000000000000        1258.225415734415        42.14798027378001        1784.147967996025        75847.33531230719        231.4551384335453       -68.50103736714409    
    165.5000000000000        1197.748665857219        41.55096845478126        1734.098145816079        72686.73319826982        233.3207089238279       -69.19383568830698    
    166.5000000000000        1139.111476707478        40.95722555858244        1685.022913363251        69631.06393273069        235.3155668782424       -69.86195811205835    
    167.5000000000000        1082.363162429034        40.36703774662968        1636.933728982327        66679.06352545077        237.4475440349158       -70.50286369327598    
    168.5000000000000        1027.553882485965        39.78071270210932        1589.842756859124        63829.49143371564        239.7239750808949       -71.11377757224821    
    169.5000000000000        974.7119465487071        39.19854737577038        1543.760011911717        61080.94498194447        242.1513026332144       -71.69169355956876    
    170.5000000000000        923.8596749004662        38.62084405556998        1498.694579670612        58431.93254141570        244.7345877004081       -72.23338784724663    
    171.5000000000000        875.0053515309096        38.04788273684617        1454.652600681303        55880.76998599260        247.4769291138743       -72.73544741268331    
    172.5000000000000        828.1509077992915        37.47994533311999        1411.639269125950        53425.70881784526        250.3788101697743       -73.19431674075567    
    173.5000000000000        783.2874361080613        36.91730617681432        1369.657987696880        51064.88424444926        253.4374110317646       -73.60636597324431    
    174.5000000000000        740.3980158168657        36.36024035814005        1328.711376677482        48796.39863136053        256.6459497759034       -73.96798224871418    
    175.5000000000000        699.4562020600166        35.80899861985836        1288.798966326304        46618.16982617293        259.9931391904915       -74.27568363309845    
    176.5000000000000        660.4308514202185        35.26383666560675        1249.920009574929        44528.12812808798        263.4628635293537       -74.52625167149232    
    177.5000000000000        623.2829243325153        34.72498975348268        1212.071245059027        42524.07346501755        267.0341803314710       -74.71687455979033    
    178.5000000000000        587.9691246907151        34.19269222453298        1175.248651467592        40603.79276641689        270.6817289590425       -74.84528899708161    
    179.5000000000000        554.4395365098767        33.66715179157811        1139.445624734660        38764.96461024318        274.3765766209456       -74.90990602379613    
    180.5000000000000        522.6433662858391        33.14857593981658        1104.654927164692        37005.26828745811        278.0874605274514       -74.90990569943737    
    181.5000000000000        492.5231812182383        32.63717334007594        1070.868932660239        35322.40576630427        281.7823078694216       -74.84528802815619    
    182.5000000000000        464.0221166609086        32.13311853023757        1038.077176921860        33713.97406491947        285.4298558731859       -74.71687295848939    
    183.5000000000000        437.0792236676155        31.63659383049845        1006.269396749584        32177.63126932221        289.0011717777725       -74.52624945730062    
    184.5000000000000        411.6343812190422        31.14776212259835        975.4336106484201        30710.99475922656        292.4708949861259       -74.27568083166570    
    185.5000000000000        387.6244634101924        30.66675814608785        945.5559713212853        29311.65395489926        295.8180830842608       -73.96797889048823    
    186.5000000000000        364.9876548885198        30.19369868986093        916.6211155672167        27977.17189020017        299.0266203749878       -73.60636209202065    
    187.5000000000000        343.6615758457252        29.72872271005587        888.6152797008790        26705.26059523395        302.0852196938187       -73.19431237227960    
    188.5000000000000        323.5861204500561        29.27192333564355        861.5214993269839        25493.52774832103        304.9870991595012       -72.73544259340531    
    189.5000000000000        304.6979689901349        28.82336267594827        835.3212286591898        24339.58351058023        307.7294389721958       -72.23338261329081    
    190.5000000000000        286.9398069851982        28.38314071423308        809.9983197739655        23241.21120850335        310.3127224576969       -71.69168794593524    
    191.5000000000000        270.2528032857660        27.95130527906843        785.5335843499317        22196.11821892299        312.7400484702354       -71.11377161224209    
    192.5000000000000        254.5810776398050        27.52789325558864        761.9075113652576        21202.06688705305        315.0164780349514       -70.50285741813698    
    193.5000000000000        239.8695967348984        27.11295288179269        739.1015962830040        20256.93291000786        317.1484537801093       -69.86195155075593    
    194.5000000000000        226.0658348410738        26.70650572769717        717.0960860208613        19358.60153026682        319.1433103995587       -69.19382886746449    
    195.5000000000000        213.1191849535579        26.30855582268531        695.8705780636016        18504.99445112730        321.0088796347314       -68.50103031105752    
    196.5000000000000        200.9800299658416        25.91910732749876        675.4051677429057        17694.12252144263        322.7531838968125       -67.78586827719263    
    197.5000000000000        189.6015955734619        25.53814388060164        655.6793104301598        16924.03584277919        324.3842076402414       -67.05043730082345    
    198.5000000000000        178.9390982733714        25.16563971681771        636.6723811191569        16192.84202810497        325.9097336971458       -66.29662799306767    
    199.5000000000000        168.9494582847296        24.80157373583661        618.3645736454444        15498.74584163885        327.3372318552292       -65.52614267756584    
    200.5000000000000        159.5918828665496        24.44588613385392        600.7345312123123        14839.94909315420        328.6737881311839       -64.74051161342919    
    201.5000000000000        150.8272286792432        24.09853662212321        583.7625162888753        14214.77804605850        329.9260648498980       -63.94110904230413    
    202.5000000000000        142.6190701957929        23.75946333590988        567.4282670530814        13621.59618517359        331.1002834052747       -63.12916856547221    
    203.5000000000000        134.9327504727109        23.42859366299070        551.7115240607931        13058.82135512021        332.2022232375037       -62.30579755505354    
    204.5000000000000        127.7349294755893        23.10585950596981        536.5929264606488        12524.96164877837        333.2372320124712       -61.47199044480930    
    205.5000000000000        120.9944206929673        22.79117117076528        522.0525716739319        12018.55395534569        334.2102431993231       -60.62864084356304    
    206.5000000000000        114.6817225033981        22.48444390665883        508.0714943582352        11538.22256610329        335.1257982184036       -59.77655247892250    
    207.5000000000000        108.7693169248122        22.18557544191617        494.6304392535951        11082.62731665993        335.9880710993094       -58.91644901973240    
    208.5000000000000        103.2311184881907        21.89447326768157        481.7112783258891        10650.51593863003        336.8008941800325       -58.04898284948912    
    209.5000000000000        98.04280764526790        21.61102210130521        469.2953708894931        10240.66051162394        337.5677838258309       -57.17474287504508    
    210.5000000000000        93.18154153972885        21.33512018746569        457.3653645049172        9851.921908605886        338.2919654802590       -56.29426145917895    
    211.5000000000000        88.62582063267307        21.06665109305654        445.9037986972095        9483.196414324957        338.9763976060555       -55.40802056478574    
    212.5000000000000        84.35557498072816        20.80549447051438        434.8935984296074        9133.430618724473        339.6237942511461       -54.51645719449611    
    213.5000000000000        80.35220659283594        20.55153616719711        424.3185753124603        8801.638368485981        340.2366461014511       -53.61996820381875    
    214.5000000000000        76.59805873370011        20.30465581884802        414.1628084302041        8486.876067381250        340.8172399705078       -52.71891455932599    
    215.5000000000000        73.07686136304717        20.06472966212553        404.4107681181683        8188.245110152907        341.3676767360921       -51.81362510656299    
    216.5000000000000        69.77332543307742        19.83163322290466        395.0474224807125        7904.893635200541        341.8898877736767       -50.90439990563981    
    217.5000000000000        66.67321456667088        19.60524534650562        386.0583950784645        7636.019640577984        342.3856499613885       -49.99151318608603    
    218.5000000000000        63.76321249104534        19.38544253023974        377.4297122984578        7380.861271639149        342.8565993454106       -49.07521596663820    
    219.5000000000000        61.03099470664725        19.17210009172762        369.1478254797173        7138.695406448869        343.3042435616441       -48.15573838024201    
    220.5000000000000        58.46498438353393        18.96509666381921        361.1997832015057        6908.841417077862        343.7299731112297       -47.23329173970472    
    221.5000000000000        56.05445038603944        18.76430751350579        353.5729500379701        6690.651186990394        344.1350715858998       -46.30807037510576    
    222.5000000000000        53.78933862485751        18.56961283965597        346.2553155465077        6483.516748631403        344.5207249353069       -45.38025327023995    
    223.5000000000000        51.66032755636480        18.38089072441207        339.2351971191085        6286.859869132028        344.8880298633113       -44.45000552198688    
    224.5000000000000        49.65869582628513        18.19802302872853        332.5014551656552        6100.137072161009        345.2380014343261       -43.51747964353033    
    225.5000000000000        47.77637710618563        18.02089266751159        326.0433718865989        5922.834823340831        345.5715799646298       -42.58281672974777    
    226.5000000000000        46.00582202763150        17.84938405851430        319.8506489878658        5754.468125058102        345.8896372673453       -41.64614750081647    
    227.5000000000000        44.34005731204658        17.68338360884556        313.9134092868181        5594.579368532646        346.1929823137550       -40.70759323809445    
    228.5000000000000        42.77252616729005        17.52277951508479        308.2221727752136        5442.736553807615        346.4823663678724       -39.76726662460113    
    229.5000000000000        41.29717423416128        17.36746352668667        302.7679140993530        5298.534062523505        346.7584876458041       -38.82527250091153    
    230.5000000000000        39.90835627572157        17.21732966249491        297.5419866903397        5161.589166112069        347.0219955464451       -37.88170854595931    
    231.5000000000000        38.60079240799979        17.07227217113778        292.5360428649407        5031.539189742887        347.2734944954556       -36.93666589109469    
    232.5000000000000        37.36960544320851        16.93218963819134        287.7421640183639        4908.044063793658        347.5135474402823       -35.99022967474113    
    233.5000000000000        36.21022069888153        16.79698403160087        283.1528181726882        4790.784537882281        347.7426790301734       -35.04247954411942    
    234.5000000000000        35.11839844940129        16.66655973298146        278.7608034307487        4679.459627045651        347.9613785116951       -34.09349010974473    
    235.5000000000000        34.09021018424260        16.54082078642800        274.5591405357143        4573.783120479974        348.1701023671458       -33.14333135773352    
    236.5000000000000        33.12200329047329        16.41967893932467        270.5413483714281        4473.490357364327        348.3692767204662       -32.19206902437383    
    237.5000000000000        32.21040137549454        16.30304584052845        266.7011545261261        4378.329846981258        348.5592995327304       -31.23976493690227    
    238.5000000000000        31.35217821685332        16.19083701434035        263.0326172373551        4288.065743768770        348.7405426070450       -30.28647732398126    
    239.5000000000000        30.54442319163875        16.08296887493158        259.5300199098485        4202.474776209951        348.9133534206614       -29.33226109897881    
    240.5000000000000        29.78437110386409        15.97936259629793        256.1879888129322        4121.348682328194        349.0780568002950       -28.37716811880782    
    241.5000000000000        29.06948220842899        15.87994129127597        253.0013888267332        4044.491082220046        349.2349564550203       -27.42124742077791    
    242.5000000000000        28.39740269734000        15.78463185064887        249.9653751698321        3971.718345425328        349.3843363796601       -26.46454543964673    
    243.5000000000000        27.76590283177367        15.69336275925659        247.0753078486898        3902.856925343649        349.5264621402825       -25.50710620682289    
    244.5000000000000        27.17297120243192        15.60606801016153        244.3268817224106        3837.746449522256        349.6615820522574       -24.54897153346408    
    245.5000000000000        26.61669954469571        15.52268275573741        241.7159674436627        3776.235225810347        349.7899282602759       -23.59018117903203    
    246.5000000000000        26.09531376564127        15.44314600151301        239.2386955924744        3718.182066242038        349.9117177288035       -22.63077300670452    
    247.5000000000000        25.60715606177734        15.36739672870634        236.8913164212312        3663.452363041636        350.0271531505938       -21.67078312690008    
    248.5000000000000        25.15070012629915        15.29537763011950        234.6703246494352        3611.921132584981        350.1364237801402       -20.71024603004565    
    249.5000000000000        24.72453852694642        15.22703558642868        232.5724644346290        3563.472763916709        350.2397061982610       -19.74919470960517    
    250.5000000000000        24.32737209150491        15.16231940047844        230.5946503817624        3517.998859788055        350.3371650134076       -18.78766077628642    
    251.5000000000000        23.95799993465743        15.10118153585551        228.7340182243711        3475.399248644473        350.4289535047338       -17.82567456425593    
    252.5000000000000        23.61530284060922        15.04357502880125        226.9878178818727        3435.579124674734        350.5152142114737       -16.86326523011358    
    253.5000000000000        23.29825705725221        14.98945606784150        225.3534922668539        3398.450792540512        350.5960794727233       -15.90046084530718    
    254.5000000000000        23.00592784345664        14.93878374250358        223.8286668382245        3363.933288616256        350.6716719213246       -14.93728848260684    
    255.5000000000000        22.73745139559013        14.89151835754038        222.4110901693361        3331.950765734206        350.7421049351790       -13.97377429720341    
    256.5000000000000        22.49204625387961        14.84762317924050        221.0986854728129        3302.433577622951        350.8074830489894       -13.00994360294535    
    257.5000000000000        22.26900340409930        14.80706624849831        219.8896065398290        3275.319538228127        350.8679023291273       -12.04582094418570    
    258.5000000000000        22.06768304838288        14.76981680014219        218.7821188107337        3250.550902907784        350.9234507140469       -11.08143016367224    
    259.5000000000000        21.88753094516349        14.73584884356044        217.7747104764895        3228.076927166720        350.9742083224165       -10.11679446687836    
    260.5000000000000        21.72802726438560        14.70513557955120        216.8659091224535        3207.849305062733        351.0202477309098       -9.151936483142780    
    261.5000000000000        21.58872252538981        14.67765339048961        216.0544097202932        3189.825232375776        351.0616342233857       -8.186878323959554    
    262.5000000000000        21.44404067633526        14.65373081359946        215.3493720883276        3174.195893051638        351.0984260129914       -7.221641638734651    
    263.5000000000000        21.36919550204183        14.63229989738820        214.7187991366519        3160.240331501466        351.1306744385443       -6.256247668305861    
    264.5000000000000        21.28836717964655        14.61439287995555        214.1927538386649        3148.616841789040        351.1584241363780       -5.290717296504733    
    265.5000000000000        21.22653393217163        14.59964860848566        213.7602373641759        3139.073746458617        351.1817131886818       -4.325071100022059    
    266.5000000000000        21.18354177587688        14.58805678956261        213.4206673179669        3131.591957191555        351.2005732492161       -3.359329396826334    
    267.5000000000000        21.15927211237642        14.57960813500575        213.1735491239103        3126.155635483917        351.2150296471439       -2.393512293373138    
    268.5000000000000        21.15367419975159        14.57429659883435        213.0185462991653        3122.753846725938        351.2251014695887       -1.427639730832673    
    269.5000000000000        21.16673720154887        14.57211753950719        212.9554209531541        3121.379103412369        351.2308016234001      -0.4617315305563135    
    270.5000000000000        21.19849608814846        14.57306860078682        212.9840611120974        3122.028001299719        351.2321368764823       0.5041925610027716    
    271.5000000000000        21.24903860199579        14.57715107855737        213.1045238609580        3124.702244535451        351.2291078789269        1.470112827705412    
    272.5000000000000        21.31851416399516        14.58436783509345        213.3169718804045        3129.407192637525        351.2217091640658        2.436009539270329    
    273.5000000000000        21.40710905396433        14.59472488862024        213.6217214521923        3136.152958324267        351.2099291294485        3.401862906738744    
    274.5000000000000        21.51507407054162        14.60822911994970        214.0191722040213        3144.952780900619        351.1937499976295        4.367653037652972    
    275.5000000000000        21.64270277603049        14.62489128437538        214.5099004247321        3155.825221747352        351.1731477565298        5.333359890738664    
    276.5000000000000        21.79034868025444        14.64472376292587        215.0945911234807        3168.792627360275        351.1480920790231        6.298963229876409    
    277.5000000000000        21.95840799363471        14.66774083833129        215.7740472097164        3183.881369471380        351.1185462212667        7.264442577144226    
    278.5000000000000        22.14733731910683        14.69395998485006        216.5492313798008        3201.122886015346        351.0844668991759        8.229777164703640    
    279.5000000000000        22.35767346907364        14.72340075699166        217.4212339432213        3220.552999818599        351.0458041422998        9.194945885293043    
    280.5000000000000        22.59000064377811        14.75608706386773        218.3913466345755        3242.213750335498        351.0025011242266        10.15992724108209    
    281.5000000000000        22.84498681857909        14.79204425496267        219.4609727120161        3266.151323288241        350.9544939684877        11.12469929062649    
    282.5000000000000        23.12336799098409        14.83129842754835        220.6316033519063        3292.415469238299        350.9017115287814        12.08923959364700    
    283.5000000000000        23.42592933911331        14.87387841894234        221.9048846607038        3321.061228508827        350.8440751421634        13.05352515333999    
    284.5000000000000        23.75355204198386        14.91981583863331        223.2826246891665        3352.149280465374        350.7814983536730        14.01753235590537    
    285.5000000000000        24.10718386112269        14.96914574137860        224.7668180759094        3385.746652972960        350.7138866106669        14.98123690695376    
    286.5000000000000        24.48786630933804        15.02190544085844        226.3596089995763        3421.925892159412        350.6411369249211        15.94461376443031    
    287.5000000000000        24.89673717654820        15.07813506299622        228.0633168059733        3460.765926424367        350.5631375003322        16.90763706766073    
    288.5000000000000        25.33503133473687        15.13787828296151        229.8804633753319        3502.352866963071        350.4797673237944        17.87028006209130    
    289.5000000000000        25.80407341050224        15.20117950573619        231.8136820377147        3546.777845051703        350.3908957165562        18.83251501925798    
    290.5000000000000        26.30529999982765        15.26808597379942        233.8657916055423        3594.139022639852        350.2963818430551        19.79431315147488    
    291.5000000000000        26.84026433895242        15.33864719289932        236.0397842975024        3644.541543219056        350.1960741738980        20.75564452068434    
    292.5000000000000        27.41063168108801        15.41291537356951        238.3388452779637        3698.098212181443        350.0898098992840        21.71647794085738    
    293.5000000000000        28.01819382324833        15.49094530273080        240.7663524414334        3754.929678820471        349.9774142887655        22.67678087327063    
    294.5000000000000        28.66489139022191        15.57279568139612        243.3259325502395        3815.166237914451        349.8586999927882        23.63651931391687    
    295.5000000000000        29.35282328860401        15.65852799493716        246.0214256944843        3878.947079970775        349.7334662809565        24.59565767222981    
    296.5000000000000        30.08421953067708        15.74820505070937        248.8568395337252        3946.419346110078        349.6014982114167        25.55415864021477    
    297.5000000000000        30.86152421152826        15.84189360496043        251.8364529847705        4017.741260855535        349.4625657251361        26.51198305097857    
    298.5000000000000        31.68733535229867        15.93966227944427        254.9647469116386        4093.080547147183        349.3164226581708        27.46908972554136    
    299.5000000000000        32.56446424657817        16.04158481429414        258.2465271560811        4172.618039492837        349.1628056642563        28.42543530668671    
    300.5000000000000        33.49595651126400        16.14773622449593        261.6868021452221        4256.544940887679        349.0014330392019        29.38097407846396    
    301.5000000000000        34.48506396315715        16.25819406836855        265.2908329914277        4345.064461796411        348.8320034376271        30.33565776979768    
    302.5000000000000        35.53532765080991        16.37304030473548        269.0642090975818        4438.394302414459        348.6541944715161        31.28943534047573    
    303.5000000000000        36.65052869235571        16.49235757909272        273.0127272923436        4536.763917640655        348.4676611788881        32.24225274758189    
    304.5000000000000        37.83474498907299        16.61623347481197        277.1425545138039        4640.419419172901        348.2720343495575        33.19405269020588    
    305.5000000000000        39.09236249399928        16.74475624244983        281.4600865296336        4749.620329951205        348.0669186934845        34.14477432999713    
    306.5000000000000        40.42809601674115        16.87801783757225        285.9720703551148        4864.643546166341        347.8518908355620        35.09435298482669    
    307.5000000000000        41.84699337866657        17.01611182023492        290.6855332279250        4985.781850811242        347.6264971188428        36.04271979247895    
    308.5000000000000        43.35450655380383        17.15913613057706        295.6079052376132        5113.348210809024        347.3902511961428        36.98980134090198    
    309.5000000000000        44.95648595554059        17.30719297442729        300.7470341515032        5247.677057795482        347.1426313876543        37.93551926109824    
    310.5000000000000        46.65919474864999        17.46038330624420        306.1109815180586        5389.119061075166        346.8830777796256        38.87978977822817    
    311.5000000000000        48.46933989855414        17.61880833646690        311.7080897442538        5538.043747984380        346.6109890362960        39.82252321591413    
    312.5000000000000        50.39413759456269        17.78257557894038        317.5472368035287        5694.847883863513        346.3257188940750        40.76362344806430    
    313.5000000000000        52.44133875182263        17.95179723884811        323.6377860504546        5859.954966079493        346.0265723034049        41.70298729177208    
    314.5000000000000        54.61932926208085        18.12658586675855        329.9894378889663        6033.812043224408        345.7128011798100        42.64050383396847    
    315.5000000000000        56.93701214801123        18.30705278247384        336.6121732902634        6216.888709740817        345.3835997212875        43.57605368349783    
    316.5000000000000        59.40395877847966        18.49331556842249        343.5165785627901        6409.688270829984        345.0380992444165        44.50950813913457    
    317.5000000000000        62.03049156908823        18.68549050634303        350.7135588115377        6612.740418546578        344.6753624863431        45.44072826272960    
    318.5000000000000        64.82762215568798        18.88369419968961        358.2144093474896        6826.604213805502        344.2943773141300        46.36956384515234    
    319.5000000000000        67.80721391850956        19.08804952600167        366.0310883287390        7051.878149987040        343.8940497768825        47.29585225094486    
    320.5000000000000        70.98196359364141        19.29867258607449        374.1756777618910        7289.184436378091        343.4731964296171        48.21941712559437    
    321.5000000000000        74.36558582505607        19.51569136514895        382.6612038125569        7539.196802147353        343.0305358511438        49.14006694702444    
    322.5000000000000        77.97251357430093        19.73921752666796        391.5004456909435        7802.603745070240        342.5646792714402        50.05759340026385    
    323.5000000000000        81.81840911593478        19.96937914975299        400.7073657976806        8080.156695803084        342.0741202173957        50.97176955122780    
    324.5000000000000        85.91999045454874        20.20630030550689        410.2962175545791        8372.641731634427        341.5572230797680        51.88234779209503    
    325.5000000000000        90.29503716310087        20.45009362420335        420.2812727037287        8680.873551502849        341.0122104993288        52.78905752684094    
    326.5000000000000        94.96265163110840        20.70088252157812        430.6777756768486        9005.727668047342        340.4371494672898        53.69160256103989    
    327.5000000000000        99.94322935193044        20.95878882336473        441.5014408445717        9348.126606520818        339.8299360354006        54.58965815504820    
    328.5000000000000        105.2584035882321        21.22393027024642        452.7683494273767        9709.038228281952        339.1882785362171        55.48286769409497    
    329.5000000000000        110.9313171424090        21.49641844910969        464.4948639232297        10089.47460458027        338.5096792262586        56.37083892264065    
    330.5000000000000        116.9872576902583        21.77637653382286        476.6984521279227        10490.52262566295        337.7914142872174        57.25313968365734    
    331.5000000000000        123.4518299845413        22.06390464719273        489.3960840720146        10913.28993499466        337.0305121573279        58.12929309634761    
    332.5000000000000        130.3533823162767        22.35911246064575        502.6058181636035        11358.96475285524        336.2237302221924        58.99877209845130    
    333.5000000000000        137.7212680005734        22.66211497326423        516.3465127972191        11828.80462159950        335.3675299794876        59.86099327205060    
    334.5000000000000        145.5877979482607        22.97301308077333        530.6370473343247        12324.11557115182        334.4580509152343        60.71530986524260    
    335.5000000000000        153.9852025262026        23.29188196723809        545.4956055577856        12846.22286789849        333.4910835040268        61.56100391708055    
    336.5000000000000        162.9488149013130        23.61881273104924        560.9417661446156        13396.55221958624        332.4620419889736        62.39727739111875    
    337.5000000000000        172.5164534037490        23.95391135357821        576.9965037520788        13976.63388676857        331.3659379308233        63.22324222566042    
    338.5000000000000        182.7260275650566        24.29720590393415        593.6774100616967        14587.91981996809        330.1973559666175        64.03790921917539    
    339.5000000000000        193.6197872338270        24.64880087375514        611.0066653612796        15232.09706255099        328.9504338180339        64.84017569121366    
    340.5000000000000        205.2391094909075        25.00873711135407        629.0036947166084        15910.79881894295        327.6188493741402        65.62881189783796    
    341.5000000000000        217.6291507910256        25.37704673198748        647.6879653944594        16625.71580650397        326.1958186792284        66.40244624328818    
    342.5000000000000        230.8378209222859        25.75380517523831        667.0820016612314        17378.72868189090        324.6741099148421        67.15954942558501    
    343.5000000000000        244.9128067326338        26.13900500466864        687.2042221586405        18171.60525321690        323.0460799895528        67.89841779471725    
    344.5000000000000        259.9039558719404        26.53268528889679        708.0761699857950        19006.30835619788        321.3037421162464        68.61715640167719    
    345.5000000000000        275.8630291528890        26.93483738275562        729.7172371410134        19884.77436479814        319.4388746708876        69.31366248979631    
    346.5000000000000        292.8442768581974        27.34548543985876        752.1491453371233        20809.10592252181        317.4431834797580        69.98561054023634    
    347.5000000000000        310.9020379462268        27.76460022031468        775.3909707171186        21781.35625167037        315.3085310892272        70.63044043900923    
    348.5000000000000        330.0921293968907        28.19218365486278        799.4640746767752        22803.75009151234        313.0272469050917        71.24535087803409    
    349.5000000000000        350.4707347553393        28.62817913313792        824.3865753458629        23878.42876895192        310.5925304213408        71.82730070704757    
    350.5000000000000        372.0974848330397        29.07256174190011        850.1789862085517        25007.71831645091        307.9989548684045        72.37302154605761    
    351.5000000000000        395.0287165236453        29.52526721827475        876.8595007706656        26193.89775762606        305.2430691092449        72.87904542208673    
    352.5000000000000        419.3243178871045        29.98621764371725        904.4458122663881        27439.29667930989        302.3240802959512        73.34175131349964    
    353.5000000000000        445.0416948270453        30.45535200012956        932.9567607697834        28746.36287748781        299.2445783162302        73.75743401157295    
    354.5000000000000        472.2374625348746        30.93256095970896        962.4082634086047        30117.47245180084        296.0112368596278        74.12239735953597    
    355.5000000000000        500.9710042066059        31.41775209271461        992.8173569628248        31555.12046801000        292.6353992827403        74.43307148604984    
    356.5000000000000        531.2965630137832        31.91079840659004        1024.198738055412        33061.74729855194        289.1334379089710        74.68615009866838    
    357.5000000000000        563.2697590114275        32.41156891003818        1056.566862089077        34639.84851690929        285.5267728980938        74.87873958927592    
    358.5000000000000        596.9416824024350        32.91992923146575        1089.935751127261        36291.95491317373        281.8414606695203        75.00850742897619    
    359.5000000000000        632.3606083024661        33.43570782361587        1124.316636973839        38020.50848679314        278.1073159004757        75.07381427506881    
