 # author: MA Kubiak / Space Research Center PAS Warsaw Poland, contact: mkubiak@cbk.waw.pl                          
 # code version Program.keplerV_ellipt_V2      , Dates: calkV:20/04/2026  ; part_pr:20/04/2026                       
 # czas no T v_mas, kier.naplywu(dl, szer) macierz obrotu (ecl to helio), r, theta, phi(ecl,spher), V_detector(ecl,cart), IBEX_energy_channel
 #     2026.112173000000        0.8088930000000000E-03     9480.000000000000        -11.28000000301609         251.5700000000000         11.95000000000000        0.2459841265748581        0.9692738567985851         0.000000000000000       -0.9615244635393438        0.2440174711049008        0.1261989691358298        0.1223213615382913       -0.3104294319752456E-01    0.9920049496797150        0.9774840000000001         141.7617530000000        0.1477900000000000E-01    -18.67700000000000        -23.26799999999999        0.4500000000000000E-01 00
 # routs_end= 150.00;    Maxwellian,    elliptOrb=Off                                                                                        
 # Numerical parameters: GridKl=10  GridKf=09  GridKV=05  epsV= 0.0000100  epssJon=.0010000                                                  
 # Numerical parameters: GridKl=10  GridKf=09  GridKV=05  epsV= 0.0000100  epssJon=.0010000; tessel128                                                                                                                                                                                                                                                                                                                                                                                                                                                                 
# Axis to the Sun: alpha_ecl= 317.8190000000000000 delta_Ecl= 0.0880000000000000 delta_Ax= 75.0000000000000000  repoint= 00153
 #  flag_atom: He                                                   
 #  flag_general:                                                   
 #                                                                  
 #                                                                  
  # Ly_a_Profil: zero                                               
  # flag_Itot: zero                                                 
 #  v_SW_Eqtr: speed3D.hybrid2026c_patched.dat                      
 #  n_SW_Eqtr: density3D.hybrid2026c_patched.dat                    
 #  phot_Eqtr: 0.8500000  phion_Helium_T12F107_2026c.dat            
 #  sigma_SW: p+He->H +He+, He + alpha (2 chnls);src:simuLosses.nb  
 #  flag_el:slow  swEqtrElectrons5.2026c.patched.dat                
 #  SW_lati: interpolation                                          
 #  phot_lati: analit pole-flattened after Pryor & Auchere          
 #
 #
 #
 #Spin  flux speed	speed^2 speed^3    long_ecl lat_ecl
   0.5000000000000000        40.61085655895413        32.60426497273804        1068.384587169998        35183.55209823187        315.9429096651316        75.07981073228461    
    1.500000000000000        42.72627343992555        33.12456679034540        1102.728995720891        36892.28301112079        312.2073111299684        75.01447770579590    
    2.500000000000000        44.91352465651260        33.65176893723352        1138.077892154889        38678.69336024273        308.5206028045509        74.88465916301224    
    3.500000000000000        47.17029735479466        34.18569776293280        1174.440971877460        40545.21282910438        304.9126322584645        74.69199633741141    
    4.500000000000000        49.49378053763302        34.72612695238165        1211.823620169352        42494.08046804454        301.4094817679198        74.43882434933903    
    5.500000000000000        51.88013289148937        35.27289366292921        1250.235138527158        44527.77957772370        298.0325891276406        74.12803986255204    
    6.500000000000000        54.32586580961450        35.82575299073151        1289.678460418024        46648.49017777059        294.7983359861675        73.76295244337594    
    7.500000000000000        56.82597795167543        36.38448158657962        1330.157101613368        48858.43673626873        291.7180675221758        73.34713523316084    
    8.500000000000000        59.37565064765071        36.94887661851563        1371.675503073109        51159.92672877258        288.7984531239275        72.88428747835732    
    9.500000000000000        61.96948841576135        37.51869600636812        1414.234243510575        53555.06181628541        286.0420738734865        72.37811717515335    
    10.50000000000000        64.60090573551646        38.09369807879284        1457.833125268279        56045.91578728027        283.4481252006391        71.83224776142391    
    11.50000000000000        67.26401763143369        38.67364058831041        1502.470944938512        58634.50961076595        281.0131427102579        71.25014923054783    
    12.50000000000000        69.95181730937709        39.25828421202090        1548.145767997394        61322.82348893958        278.7316859297628        70.63509159548441    
    13.50000000000000        72.65738800111696        39.84737708748531        1594.853763596448        64112.72938966352        276.5969409933476        69.99011728207340    
    14.50000000000000        75.37389402832021        40.44069072497305        1642.591938583278        67006.14359532419        274.6012248065037        69.31802855857853    
    15.50000000000000        78.09395060394205        41.03798002665675        1691.355162570935        70004.85819032678        272.7363885704671        68.62138623039422    
    16.50000000000000        80.81086467573505        41.63900680630190        1741.137693813315        73110.60507810538        270.9941280521079        67.90251628522448    
    17.50000000000000        83.51714698276426        42.24351059041134        1791.930746254405        76324.89897532265        269.3662128694724        67.16352176887844    
    18.50000000000000        86.20630647574758        42.85124082378697        1843.725291191825        79649.21604765384        267.8446487211404        66.40629777761194    
    19.50000000000000        88.87167780719281        43.46194913958351        1896.511305527870        83084.93566975571        266.4217861445933        65.63254799909419    
    20.50000000000000        91.50737228941058        44.07538266017909        1950.277212201650        86633.29940270100        265.0903879727150        64.84380169023478    
    21.50000000000000        94.10811267104673        44.69126856651038        2005.008427343446        90295.30355278657        263.8436657971931        64.04143034086734    
    22.50000000000000        96.66863398536623        45.30934411254820        2060.690100872055        94071.88388623152        262.6752938278372        63.22666354563877    
    23.50000000000000        99.18513793459461        45.92936913904575        2117.308305431234        97963.99492810039        261.5794067666669        62.40060380612185    
    24.50000000000000        101.6543370348081        46.55108879769424        2174.846582108113        101972.3642514407        260.5505867884641        61.56424012607697    
    25.50000000000000        104.0737976927408        47.17423718686643        2233.286130556741        106097.4883187285        259.5838434593034        60.71846035872387    
    26.50000000000000        106.4420082217197        47.79854295157764        2292.606277294763        110339.6556765906        258.6745894175452        59.86406232749679    
    27.50000000000000        108.7580146130090        48.42372537621115        2352.784062500311        114698.9096891152        257.8186138566206        59.00176378037404    
    28.50000000000000        111.0223065492629        49.04951561317073        2413.796389090429        119175.2040512958        257.0120552488195        58.13221125966029    
    29.50000000000000        113.2364047547216        49.67563439717748        2475.617825941863        123768.2362905642        256.2513742983264        57.25598797940081    
    30.50000000000000        115.4032476207113        50.30181687052774        2538.223133934712        128477.6338153811        255.5333277780437        56.37362080531797    
    31.50000000000000        117.5261747133977        50.92776818671783        2601.582512894297        133302.5664315893        254.8549436614665        55.48558643004454    
    32.50000000000000        119.6098984919139        51.55320852960458        2665.666331449734        138242.1121555081        254.2134977862741        54.59231683142628    
    33.50000000000000        121.6597017206333        52.17782765024550        2730.440242341201        143294.8574193915        253.6064921631690        53.69420409509184    
    34.50000000000000        123.6819472441719        52.80131835481053        2795.868786979057        148459.1819604990        253.0316349584875        52.79160467522485    
    35.50000000000000        125.6835183750057        53.42335511329069        2861.913084666191        153733.0649131773        252.4868221220304        51.88484316008786    
    36.50000000000000        127.6725945863942        54.04362332441220        2928.533849110662        159114.3105881486        251.9701205947221        50.97421560169382    
    37.50000000000000        129.6579648976707        54.66179212845375        2995.688455811042        164600.3035660530        251.4797530083470        50.05999246230296    
    38.50000000000000        131.6497816661693        55.27752327901550        3063.331765488154        170188.0565293390        251.0140837774756        49.14242122424740    
    39.50000000000000        133.6583939288403        55.89048744284381        3131.418178518122        175874.3957984551        250.5716064786422        48.22172870399384    
    40.50000000000000        135.6941416053059        56.50030744217980        3199.895045449608        181655.3811808274        250.1509324116028        47.29812310634620    
    41.50000000000000        137.7682184612334        57.10662792652212        3268.710390030122        187526.9397515496        249.7507802404221        46.37179585024116    
    42.50000000000000        139.8923366479986        57.70907559439308        3337.808525831670        193484.4951972165        249.3699666170511        45.44292319366083    
    43.50000000000000        142.0779087947409        58.30722886079857        3407.126345878727        199522.6223701475        249.0073976961203        44.51166768173375    
    44.50000000000000        144.3378592492343        58.90073646402176        3476.607319193327        205636.2796967797        248.6620614563026        43.57817943906988    
    45.50000000000000        146.6837712019715        59.48915582887122        3546.182459842080        211819.1209785159        248.3330207504129        42.64259732473160    
    46.50000000000000        149.1287990283784        60.07208664730279        3615.785865160839        218064.8417043541        248.0194070131269        41.70504996593566    
    47.50000000000000        151.6842566679483        60.64906463539403        3685.342142465414        224366.0561450384        247.7204145616571        40.76565668457120    
    48.50000000000000        154.3616041347731        61.21962280152798        3754.773671980154        230714.9364197527        247.4352954308228        39.82452832886755    
    49.50000000000000        157.1733461877970        61.78336483039608        3824.009637546372        237104.0392475545        247.1633546896188        38.88176802102249    
    50.50000000000000        160.1288742725091        62.33977806039572        3892.963352944951        243524.2387873220        246.9039461916225        37.93747183027395    
    51.50000000000000        163.2375984147934        62.88839828228389        3961.552258121337        249966.5389245072        246.6564687163624        36.99172937974315    
    52.50000000000000        166.5089031374723        63.42874352061308        4029.689625013115        256421.2865956459        246.4203624631227        36.04462439437080    
    53.50000000000000        169.9500296173040        63.96032608512682        4097.286458568104        262878.3832279644        246.1951058626029        35.09623519639062    
    54.50000000000000        173.5666452900189        64.48265356550800        4164.251595170175        269327.2869740385        245.9802126754022        34.14663515401914    
    55.50000000000000        177.3626439520849        64.99521501653366        4230.489860175382        275756.8236865206        245.7752293495023        33.19589308837295    
    56.50000000000000        181.3407907987945        65.49754904643302        4295.911177307599        282156.0983538133        245.5797326117939        32.24407364304068    
    57.50000000000000        185.5009566699543        65.98916695896621        4360.420550149219        288513.5103392780        245.3933272712684        31.29123762022690    
    58.50000000000000        189.8402247713368        66.46957327204460        4423.920748452163        294817.0145755856        245.2156442138056        30.33744228693746    
    59.50000000000000        194.3534754655880        66.93831055657039        4486.318585276760        301054.7780829798        245.0463385705501        29.38274165428465    
    60.50000000000000        199.0323816730635        67.39492174678820        4547.520083688371        307214.7143791114        244.8850880437205        28.42718673264688    
    61.50000000000000        203.8651005805642        67.83897162709478        4607.433308593796        313284.7635080348        244.7315913753450        27.47082576511496    
    62.50000000000000        208.8371533763180        68.27003692072323        4665.967444419209        319252.8404998392        244.5855669458943        26.51370444139231    
    63.50000000000000        213.9305774992137        68.68770955678586        4723.033224400328        325106.8793168486        244.4467514911055        25.55586609408248    
    64.50000000000000        219.1234882939891        69.09159181272655        4778.542479934520        330834.8100323519        244.3148989264735        24.59735187909095    
    65.50000000000000        224.3903704965492        69.48131405249025        4832.410781686469        336424.8549084958        244.1897792699411        23.63820094168681    
    66.50000000000000        229.7020738044959        69.85653226680840        4884.557410940712        341865.5615890463        244.0711776542719        22.67845056960944    
    67.50000000000000        235.0268768401157        70.21693840492838        4934.907019302549        347146.0036501015        243.9588934214357        21.71813633446308    
    68.50000000000000        240.3304728693906        70.56225160812134        4983.388420942991        352255.6591582220        243.8527392920991        20.75729222251647    
    69.50000000000000        245.5758953815331        70.89221105772667        5029.933814293615        357184.3570266076        243.7525406039990        19.79595075591402    
    70.50000000000000        250.7243586603086        71.20657917766250        5074.479444104852        361922.3745119654        243.6581346135905        18.83414310520573    
    71.50000000000000        255.7332423955980        71.50512528729172        5116.963319799484        366460.2029949410        243.5693698559134        17.87189919401553    
    72.50000000000000        260.5588573205498        71.78764019063463        5157.327440796066        370788.8068683012        243.4861055581209        16.90924779659082    
    73.50000000000000        265.1568487882415        72.05392774555315        5195.516705874716        374899.5240593257        243.4082111025631        15.94621662890568    
    74.50000000000000        269.4821261934803        72.30382202710152        5231.481553263343        378784.3747702080        243.3355655357237        14.98283243392984    
    75.50000000000000        273.4925056161064        72.53719079977907        5265.178535272385        382436.1370272473        243.2680571196757        14.01912106162085    
    76.50000000000000        277.1448648384331        72.75390038356481        5296.565309790262        385847.8158979573        243.2055829230568        13.05510754414787    
    77.50000000000000        280.3964133299775        72.95381857311656        5325.601129466590        389012.7089082013        243.1480484488656        12.09081616681312    
    78.50000000000000        283.2083688316937        73.13683548077371        5352.249926605821        391924.7535019509        243.0953672966572        11.12627053509853    
    79.50000000000000        285.5449180213324        73.30287183095554        5376.481697667810        394578.7027395648        243.0474608569691        10.16149363823116    
    80.50000000000000        287.3779646061228        73.45187479603197        5398.271956207763        396970.0762646371        243.0042580360359        9.196507909631062    
    81.50000000000000        288.6829037814861        73.58379707170809        5417.598676089715        399094.8291492765        242.9656950090689        8.231335284578984    
    82.50000000000000        289.4412096448098        73.69860557533646        5434.443595639354        400949.5021974511        242.9317150005643        7.265997255417422    
    83.50000000000000        289.6423913825506        73.79628399931467        5448.792612567123        402531.2708372235        242.9022680902939        6.300514924578652    
    84.50000000000000        289.2870538730252        73.87683809831968        5460.636641544020        403838.0516857900        242.8773110437913        5.334909055715365    
    85.50000000000000        288.3802246907176        73.94026591191451        5469.967195045336        404868.0128057481        242.8568071663112        4.369200123193886    
    86.50000000000000        286.9340443739009        73.98656307979100        5476.777153333365        405619.6593713475        242.8407261793835        3.403408360197089    
    87.50000000000000        284.7650118411553        74.01517046170395        5480.979028473309        406082.7608013193        242.8290441192246        2.437553805673007    
    88.50000000000000        282.5195764410781        74.02781081668746        5482.824794501077        406284.9715229468        242.8217432564016        1.471656350355636    
    89.50000000000000        279.6128559423191        74.02278006711531        5482.061017025953        406198.0173078564        242.8188120362727       0.5057357820774194    
    90.50000000000000        276.2889413499869        74.00066484234841        5478.774996434415        405831.6477865163        242.8202450398525      -0.4601881694126774    
    91.50000000000000        272.5932353859384        73.96149324249710        5472.973082376040        405186.8112359717        242.8260429648658       -1.426095787915846    
    92.50000000000000        268.5684569163998        73.90528035420817        5464.661385169625        404264.6137432453        242.8362126268792       -2.391967326327155    
    93.50000000000000        264.2612923062031        73.83207883367201        5453.853368509649        403067.1737389768        242.8507669805098       -3.357782962049250    
    94.50000000000000        259.7224446607752        73.74196477365238        5440.567672172228        401597.3690566816        242.8697251608322       -4.323522752068387    
    95.50000000000000        254.9978248139244        73.63501248359350        5424.824346334625        399858.4133052782        242.8931125452216       -5.289166587482247    
    96.50000000000000        250.1348387030773        73.51134336165657        5406.651947723172        397854.6262988946        242.9209608359898       -6.254694147264816    
    97.50000000000000        245.1832198647330        73.37101747493691        5386.071704785576        395589.6959721391        242.9533081642967       -7.220084851048061    
    98.50000000000000        240.1820685064285        73.21419626316120        5363.121059581882        393069.2316390069        242.9901992159445       -8.185317810692096    
    99.50000000000000        235.1750868125288        73.04100048065571        5337.833080630489        390298.5217642416        243.0316853797989       -9.150371780406363    
    100.5000000000000        230.1995246855917        72.85157099529738        5310.245183960014        387283.4691464535        243.0778249197170       -10.11522510517263    
    101.5000000000000        225.2927263017215        72.64609127130308        5280.402411100922        384030.9458743685        243.1286831710119       -11.07985566720752    
    102.5000000000000        220.4868389192870        72.42475595305298        5248.352692429098        380548.2538548296        243.1843327626414       -12.04424083018612    
    103.5000000000000        215.8122284024974        72.18777798469930        5214.147734147613        376843.2010235872        243.2448538664738       -13.00835738093022    
    104.5000000000000        211.2938459920755        71.93537427085622        5177.840858833094        372923.8537478803        243.3103344751664       -13.97218146824387    
    105.5000000000000        206.9540727936242        71.66778673628683        5139.489951090184        368798.8414357332        243.3808707103873       -14.93568853855540    
    106.5000000000000        202.8109988263320        71.38527052274407        5099.155596794390        364477.1333475544        243.4565671633206       -15.89885326799757    
    107.5000000000000        198.8798830959377        71.08810262347158        5056.902250221395        359968.1530361771        243.5375372696263       -16.86164949052773    
    108.5000000000000        195.1720063961953        70.77659087734091        5012.799414715987        355281.8901493890        243.6239037212772       -17.82405012165511    
    109.5000000000000        191.6951844595878        70.45104385647640        4966.917166743990        350428.3976394414        243.7157989179695       -18.78602707730334    
    110.5000000000000        188.4547814992871        70.11179581841519        4919.329608565132        345418.1468241627        243.8133654611043       -19.74755118729343    
    111.5000000000000        185.4533116634584        69.75920457552738        4870.114361093872        340261.9479115268        243.9167566936699       -20.70859210288272    
    112.5000000000000        182.6906122768883        69.39361931345752        4819.347888602990        334970.4374846420        244.0261372897195       -21.66911819774013    
    113.5000000000000        180.1635895626635        69.01539924418549        4767.107929031265        329554.3125845080        244.1416838975434       -22.62909646167647    
    114.5000000000000        177.8674059272958        68.62490460344810        4713.472298730177        324024.2105567545        244.2635858410785       -23.58849238637836    
    115.5000000000000        175.7953204837839        68.22251331473046        4658.520995577022        318390.9036630151        244.3920458845964       -24.54726984231554    
    116.5000000000000        173.9396075963792        67.80860281110306        4602.333641670655        312665.0283985601        244.5272810662555       -25.50539094590373    
    117.5000000000000        172.2908717923912        67.38356563844941        4544.991428111113        306857.2634153010        244.6695236067152       -26.46281591590453    
    118.5000000000000        170.8378619393058        66.94778158774325        4486.573231189614        300977.9236171471        244.8190218996849       -27.41950291793241    
    119.5000000000000        169.5688001521715        66.50163235732438        4427.157563882786        295037.1545738613        244.9760415920359       -28.37540789581164    
    120.5000000000000        168.4704248117265        66.04548638037470        4366.820519653453        289044.7238853616        245.1408667619438       -29.33048438838284    
    121.5000000000000        167.5294708096064        65.57970857269147        4305.636979352936        283010.1327210610        245.3138012044629       -30.28468333019768    
    122.5000000000000        166.7318597601115        65.10467143185284        4243.682077141509        276942.7616312561        245.4951698349824       -31.23795283435629    
    123.5000000000000        166.0630422018637        64.62072749660828        4181.027385902282        270851.4761440291        245.6853202221729       -32.19023795553532    
    124.5000000000000        165.5073806189228        64.12822828563266        4117.743489878043        264744.8900600610        245.8846242633397       -33.14148043101928    
    125.5000000000000        165.0489127897424        63.62751333031949        4053.898568760879        258631.2308112902        246.0934800165456       -34.09161839728083    
    126.5000000000000        164.6716612850078        63.11890951373976        3989.558252548061        252518.3202683667        246.3123137054916       -35.04058607935207    
    127.5000000000000        164.3598251415624        62.60273461915408        3924.786003843549        246413.6078282662        246.5415819149521       -35.98831344988520    
    128.5000000000000        164.0975791764926        62.07931223968893        3859.645144251541        240324.3769126266        246.7817739965863       -36.93472585440609    
    129.5000000000000        163.8687610251468        61.54895177499480        3794.196093370574        234257.4659402847        247.0334147071965       -37.87974359881784    
    130.5000000000000        163.6575823435148        61.01197753741055        3728.500314080397        228219.6685035793        247.2970671040206       -38.82328149470018    
    131.5000000000000        163.4479899798038        60.46869773992533        3662.615982754739        222217.2898049909        247.5733357244412       -39.76524835736568    
    132.5000000000000        163.2236858799650        59.91941101492639        3596.599171777583        216256.2922569763        247.8628700805966       -40.70554645096733    
    133.5000000000000        162.9685963201792        59.36441067580259        3530.504027486528        210342.2859163804        248.1663685028252       -41.64407087418782    
    134.5000000000000        162.6672579678018        58.80398708558125        3464.383414495008        204480.6220904237        248.4845823696751       -42.58070887916571    
    135.5000000000000        162.3049645323304        58.23844566771472        3398.290766393196        198676.5380824289        248.8183207663964       -43.51533911531194    
    136.5000000000000        161.8673898258056        57.66809747507583        3332.279161633216        192935.0941087005        249.1684556184192       -44.44783078852113    
    137.5000000000000        161.3404892258464        57.09324621924994        3266.399441416180        187260.9814105773        249.5359273513021       -45.37804272496376    
    138.5000000000000        160.7104524228266        56.51417729983248        3200.699119773859        181658.4457647674        249.9217511340152       -46.30582232713479    
    139.5000000000000        159.9644105335016        55.93117808129595        3135.224721674479        176131.4966041240        250.3270237681542       -47.23100440810136    
    140.5000000000000        159.0902778189580        55.34452639659179        3070.020380541670        170683.7844238850        250.7529312917022       -48.15340988790541    
    141.5000000000000        158.0775644142355        54.75451913957539        3005.131452993099        165318.9436512461        251.2007573721438       -49.07284433380350    
    142.5000000000000        156.9161132185156        54.16142828516954        2940.598995659241        160040.0835520132        251.6718925699052       -49.98909632342517    
    143.5000000000000        155.5977707194048        53.56554370754159        2876.465040330232        154850.2766655410        252.1678445589536       -50.90193560696230    
    144.5000000000000        154.1153541890570        52.96712501922672        2812.766879965282        149752.0557502533        252.6902493965167       -51.81111104112443    
    145.5000000000000        152.4636095298285        52.36645034515480        2749.542557644998        144747.8849087241        253.2408839376747       -52.71634826376411    
    146.5000000000000        150.6390661577863        51.76378745377146        2686.827888078356        139839.9327384295        253.8216794921573       -53.61734707375447    
    147.5000000000000        148.6395168253577        51.15938657673981        2624.655297179337        135029.9549462897        254.4347368188442       -54.51377847585832    
    148.5000000000000        146.4646448118000        50.55351397167021        2563.057884914472        130319.6628809756        255.0823425465286       -55.40528134494984    
    149.5000000000000        144.1157473599131        49.94643472967143        2502.067414844312        125710.5531108284        255.7669870951525       -56.29145865804686    
    150.5000000000000        141.5957912023817        49.33840396978926        2441.713161450225        121203.8074517450        256.4913841468074       -57.17187323624692    
    151.5000000000000        138.9101447166496        48.72970756653878        2382.026633594272        116800.7017609249        257.2584916760497       -58.04604293195200    
    152.5000000000000        136.0650056621611        48.12061306454559        2323.035962584066        112502.1349877120        258.0715344887922       -58.91343518994824    
    153.5000000000000        133.0686823967532        47.51137858040517        2264.767072881215        108308.7465129744        258.9340281306125       -59.77346090435599    
    154.5000000000000        129.9307010415322        46.90226389759727        2207.244813735076        104221.0060885655        259.8498038987635       -60.62546748778066    
    155.5000000000000        126.6620778143819        46.29353528501233        2150.493498396504        100239.2661808061        260.8230345145262       -61.46873106508750    
    156.5000000000000        123.2750024108766        45.68544541835367        2094.534800445341        96363.60103913509        261.8582597672145       -62.30244770344492    
    157.5000000000000        119.7828232736768        45.07826501840798        2039.390888854466        92594.04623503621        262.9604111073559       -63.12572359458412    
    158.5000000000000        116.1999584484316        44.47224147740700        1985.080457358300        88930.31795673873        264.1348337190444       -63.93756411738017    
    159.5000000000000        112.5410153301330        43.86763764834864        1931.622491696492        85372.09292522157        265.3873040105505       -64.73686173273001    
    160.5000000000000        108.8213399878143        43.26472490918916        1879.035386030715        81918.93597264920        266.7240396954028       -65.52238270352274    
    161.5000000000000        105.0566084933337        42.66376110314339        1827.335096131403        78570.19029377848        268.1516986610380       -66.29275269722878    
    162.5000000000000        101.2621452131889        42.06501606426271        1776.537381270552        75325.13085423959        269.6773616135633       -67.04644142620894    
    163.5000000000000        97.45365698351443        41.46876798067830        1726.657465207610        72182.94598981808        271.3084920389916       -67.78174662228385    
    164.5000000000000        93.64612213790348        40.87529060959849        1677.709018751211        69142.68203068385        273.0528653661714       -68.49677784019286    
    165.5000000000000        89.85402075372302        40.28486086070134        1629.704566877239        66203.25938980764        274.9184574564077       -69.18944085278096    
    166.5000000000000        86.09104160773344        39.69775431440273        1582.655410989548        63363.49287633783        276.9132808935153       -69.85742375081053    
    167.5000000000000        82.37019802432431        39.11426098833882        1536.572745340809        60622.15277634245        279.0451563868820       -70.49818629770017    
    168.5000000000000        78.70360777790427        38.53467713780750        1491.467022050437        57977.93441436507        281.3214065362760       -71.10895460611572    
    169.5000000000000        75.10187153841953        37.95927007184388        1447.345111131717        55429.28958665924        283.7484611166847       -71.68672376658627    
    170.5000000000000        71.57522130363914        37.38833306001399        1404.214801630135        52974.70949256926        286.3313680547048       -72.22827159717316    
    171.5000000000000        68.13204691351928        36.82214107927523        1362.081367155813        50612.52742181218        289.0732136312551       -72.73018707376066    
    172.5000000000000        64.78034339685499        36.26096474438486        1320.948553496836        48340.97568735205        291.9744701758550       -73.18891705700635    
    173.5000000000000        61.52621695089179        35.70508319088194        1280.819901563813        46158.28477103692        295.0323097851162       -73.60083441457003    
    174.5000000000000        58.37531381300091        35.15474430525951        1241.695410037404        44062.47747809157        298.2399468628815       -73.96232929133593    
    175.5000000000000        55.33175185234958        34.61018691529421        1203.573703358701        42051.52288644401        301.5860964260642       -74.26992292044903    
    176.5000000000000        52.39908530140055        34.07167931256534        1166.454637667151        40123.46964486309        305.0546521209346       -74.52040000475671    
    177.5000000000000        49.57966354433783        33.53944229017512        1130.333874423247        38276.16144688365        308.6246887555304       -74.71095167634030    
    178.5000000000000        46.87494625028227        33.01370417711760        1095.206810129498        36507.44991578069        312.2708707091082       -74.83931711591306    
    179.5000000000000        44.28571521735839        32.49468630676088        1061.067703110382        34815.15834236978        315.9642968066361       -74.90390916832453    
    180.5000000000000        41.81164211976484        31.98257265073903        1027.907687971249        33196.98499480519        319.6737403273629       -74.90390884409165    
    181.5000000000000        39.45218045049226        31.47759154490765        995.7203435468997        31650.79063199198        323.3671661053323       -74.83931614736051    
    182.5000000000000        37.20602485995301        30.97992659201189        964.4956884251867        30174.29416905525        327.0133474358207       -74.71095007564514    
    183.5000000000000        35.07111860608149        30.48976914983032        934.2239269360291        28765.27349481104        330.5833831738901       -74.52039779138197    
    184.5000000000000        33.04511540184188        30.00727448304977        904.8925789712647        27421.42396921364        334.0519377394688       -74.26992012001678    
    185.5000000000000        31.12509133863441        29.53259448330568        876.4886946342073        26140.47030847839        337.3980859875483       -73.96232593426315    
    186.5000000000000        29.30805464171225        29.06586610081231        848.9983762598835        24920.15521695227        340.6057216133083       -73.60083053462020    
    187.5000000000000        27.59067349635372        28.60720765829798        822.4064568001980        23758.21818340872        343.6635596808071       -73.18891268989363    
    188.5000000000000        25.96932017718789        28.15672264970993        796.6968555242897        22652.41721358572        346.5648146365249       -72.73018225590667    
    189.5000000000000        24.44019070674256        27.71451362535614        771.8535266616137        21600.57457212916        349.3066586135414       -72.22826636467630    
    190.5000000000000        22.99946859156178        27.28064399480136        747.8582037013557        20600.47509619068        351.8895639709868       -71.68671815442482    
    191.5000000000000        21.64341888550910        26.85517969792091        724.6929790523045        19649.98454698580        354.3166170126028       -71.10894864757664    
    192.5000000000000        20.36799165577298        26.43815929694541        702.3386182147208        18746.97549487813        356.5928656815908       -70.49818002400863    
    193.5000000000000        19.16943661127920        26.02961611326578        680.7759189106768        17889.38775842241        358.7247397641736       -69.85741719092485    
    194.5000000000000        18.04397146058870        25.62956884112259        659.9851595910287        17075.20198166868       0.7195718848440320       -69.18943403331609    
    195.5000000000000        16.98777057554714        25.23803611247347        639.9470587757189        16302.48306619053        2.585162720481474       -68.49677078543887    
    196.5000000000000        15.99722926359832        24.85501273869597        620.6414827191836        15569.32486326777        4.329534873470943       -67.78173935428975    
    197.5000000000000        15.06862880783630        24.48050029874605        602.0490591211421        14873.91167328728        5.960664203832006       -67.04643396490876    
    198.5000000000000        14.19859346862812        24.11446931842947        584.1493371805431        14214.44896458060        7.486326137769871       -66.29274506059137    
    199.5000000000000        13.38363723326976        23.75689171338150        566.9224338737926        13589.22312804652        8.913984157758373       -65.52237490771270    
    200.5000000000000        12.62056819994919        23.40772028310366        550.3480676973051        12996.56528144311        10.25071896582542       -64.73685379227014    
    201.5000000000000        11.90622230070192        23.06690234486971        534.4062567689834        12434.87522261456        11.50318844505317       -63.93755604530926    
    202.5000000000000        11.23765450544797        22.73436399585773        519.0765636197217        11902.59160661315        12.67761030453229       -63.12571540260635    
    203.5000000000000        10.61198990924983        22.41003305564708        504.3392307221167        11398.23180373494        13.77976094814786       -62.30243940206875    
    204.5000000000000        10.02657201565322        22.09381975090671        490.1742995833722        10920.35918151993        14.81498555575161       -61.46872266375271    
    205.5000000000000        9.478827280490806        21.78564184477515        476.5628090310597        10467.62333048988        15.78821557383136       -60.62545899497388    
    206.5000000000000        8.966369456380049        21.48538427743697        463.4848175681828        10038.68565415164        16.70399078789744       -59.77345232771446    
    207.5000000000000        8.486927857949123        21.19295784355256        450.9222906103930        9632.322794968788        17.56648391568156       -58.91342653635275    
    208.5000000000000        8.038370473517460        20.90825573621105        438.8569512007140        9247.345540099959        18.37952625114545       -58.04603420760988    
    209.5000000000000        7.618682863097723        20.63117297438243        427.2712540786488        8882.632594915984        19.14663333683018       -57.17186444676565    
    210.5000000000000        7.225973956218629        20.36158465666749        416.1473304680169        8537.090823908769        19.87102997585803       -56.29144980849939    
    211.5000000000000        6.858463610321926        20.09937635949093        405.4684051829485        8209.702357738588        20.55567414022748       -55.40527243993249    
    212.5000000000000        6.514494853957519        19.84443189926300        395.2181941611329        7899.501096867968        21.20327950969074       -54.51376951954203    
    213.5000000000000        6.192504795341788        19.59662245789746        385.3804201916394        7605.554727497470        21.81633650205334       -53.61733806993008    
    214.5000000000000        5.891031876204747        19.35583108465070        375.9399057334513        7326.999587343751        22.39713174415916       -52.71633921588251    
    215.5000000000000        5.608698146916252        19.12192881570516        366.8814558363547        7063.000275974872        22.94776599311059       -51.81110195233200    
    216.5000000000000        5.344241484493883        18.89479907466933        358.1909442147597        6812.784478709405        23.47017055701733       -50.90192648013232    
    217.5000000000000        5.096444887056174        18.67430508633327        349.8539279169993        6575.597232067483        23.96612228948277       -49.98908716118579    
    218.5000000000000        4.864195904628644        18.46031984963812        341.8568461628467        6350.735765185997        24.43725724638829       -49.07283513856233    
    219.5000000000000        4.646459867182442        18.25271832143857        334.1867026949460        6137.538638270021        24.88508310047316       -48.15340066187151    
    220.5000000000000        4.442268988552760        18.05137276856928        326.8308529905656        5935.377379759846        25.31099041104336       -47.23099515330476    
    221.5000000000000        4.250728966781765        17.85615786479445        319.7771857617262        5743.660270682752        25.71626284456049       -46.30581304544380    
    222.5000000000000        4.070994908610069        17.66694545988978        313.0139066843658        5561.824697327537        26.10208643807291       -45.37803341810051    
    223.5000000000000        3.902290653172800        17.48361118440451        306.5297711019239        5389.342350737910        26.46955799232184       -44.44782145807534    
    224.5000000000000        3.743889154196537        17.30603227834549        300.3139807243199        5225.714896149801        26.81969267549528       -43.51532976275325    
    225.5000000000000        3.595123172561426        17.13408503145803        294.3560742371029        5070.469707292030        27.15343091243530       -42.58069950585475    
    226.5000000000000        3.455369893657204        16.96765111399464        288.6461439202365        4923.164714176395        27.47164462791498       -41.64406148138609    
    227.5000000000000        3.324055365569883        16.80661792735138        283.1748323908632        4783.387215401624        27.77514290658157       -40.70553703984608    
    228.5000000000000        3.200642066726783        16.65087053554265        277.9330123453365        4650.743748916106        28.06467712642900       -39.76523892901391    
    229.5000000000000        3.084623539917586        16.50030037431213        272.9120945555402        4524.867755538973        28.34094561728618       -38.82327205013184    
    230.5000000000000        2.975537784654604        16.35479787411287        268.1037485297717        4405.411114037805        28.60459789082229       -37.87973413897821    
    231.5000000000000        2.872949024127008        16.21425905814616        263.5001128023067        4292.048651718957        28.85623848398729       -36.93471638017775    
    232.5000000000000        2.776451118522256        16.07857836320630        259.0935418978831        4184.471013682586        29.09643045362013       -35.98830396209329    
    233.5000000000000        2.685669240714729        15.94765547898905        254.8768182842591        4082.389107714157        29.32569855615429       -35.04057657876892    
    234.5000000000000        2.600254836017277        15.82139263466378        250.8430495013133        3985.530844812329        29.54453214290773       -34.09160888463048    
    235.5000000000000        2.519884549951710        15.69969612853396        246.9857090066500        3893.641556669730        29.75338779833933       -33.14147090698147    
    236.5000000000000        2.444261239720774        15.58247583436965        243.2986043519046        3806.482494392411        29.95269174585707       -32.19022842074872    
    237.5000000000000        2.373102450127422        15.46964048622735        239.7757066634655        3723.825919292742        30.14284204325197       -31.23794328942214    
    238.5000000000000        2.306147332449811        15.36110382659450        236.4113461169980        3645.459514325250        30.32421058757671       -30.28467377568263    
    239.5000000000000        2.243157681606110        15.25678485736700        233.2002101962093        3571.185865755721        30.49714494726698       -29.33047482482157    
    240.5000000000000        2.183908886654346        15.15660399065533        230.1372022501507        3500.818357548955        30.66197003749262       -28.37539832370942    
    241.5000000000000        2.128193149407321        15.06048367992551        227.2174558692855        3434.181189453638        30.81898965310382       -27.41949333776743    
    242.5000000000000        2.075814294984538        14.96834787158571        224.4363066835328        3371.108250296094        30.96848787208515       -26.46280632812982    
    243.5000000000000        2.026593641690081        14.88012705302835        221.7894510536557        3311.446712476784        31.11073034112943       -25.50538135094921    
    244.5000000000000        1.980364687076210        14.79575280877211        219.2727554334964        3255.051885040449        31.24596545377877       -24.54726024058981    
    245.5000000000000        1.936972383325785        14.71515940056489        216.8823024542916        3201.788087908960        31.37442543053562       -23.58848277827014    
    246.5000000000000        1.896271630242109        14.63828443437004        214.6144051363441        3151.528694022841        31.49632730941101       -22.62908684755627    
    247.5000000000000        1.858128158346890        14.56506759845272        212.4655609951479        3104.154791862759        31.61187385453779       -21.66910857796157    
    248.5000000000000        1.822418424883799        14.49545119094256        210.4324616850924        3059.555148781310        31.72125438972230       -20.70858247778378    
    249.5000000000000        1.789029777780410        14.42938179517613        208.5120389147184        3017.627039565083        31.82464556313125       -19.74754155719768    
    250.5000000000000        1.757855753427513        14.36680741338992        206.7013658566574        2978.273638896401        31.92221204870133       -18.78601744252108    
    251.5000000000000        1.728799255539210        14.30767750596848        204.9976574632065        2941.403933403721        32.01410718931034       -17.82404048248428    
    252.5000000000000        1.701771429748964        14.25194666987133        203.3983779541788        2906.935008268314        32.10047358625453       -16.86163984725495    
    253.5000000000000        1.676691607311111        14.19957128839340        201.9011327120326        2874.789368161147        32.18144363913042       -15.89884362089908    
    254.5000000000000        1.653484735664569        14.15051068700883        200.5036981847044        2844.895444270911        32.25714003981603       -14.93567888789777    
    255.5000000000000        1.632081405532322        14.10472610116122        199.2039867505231        2817.186653724955        32.32767622388074       -13.97217181428487    
    256.5000000000000        1.612416753244168        14.06218155524474        198.0000685056430        2791.601742578393        32.39315678242185       -13.00834772391961    
    257.5000000000000        1.594432352305420        14.02284408460647        196.8901763169795        2768.084820553790        32.45367783702439       -12.04423117036623    
    258.5000000000000        1.578075903918705        13.98668425046955        195.8727180318865        2746.585528178688        32.50932738026594       -11.07984600481396    
    259.5000000000000        1.563297346939328        13.95367401110925        194.9462089262188        2727.057394887326        32.56018558393782       -10.11521544043501    
    260.5000000000000        1.550051627078239        13.92378773007849        194.1093000580458        2709.458405736029        32.60632507692348       -9.150362113548718    
    261.5000000000000        1.538298758553845        13.89700243014256        193.3607821829195        2693.750983019886        32.64781119446425       -8.185308141933595    
    262.5000000000000        1.528002501216730        13.87329779872951        192.6995850544098        2679.901927377735        32.68470220034736       -7.220075180603540    
    263.5000000000000        1.516986259458907        13.85295542486830        192.1331168912755        2668.056873182740        32.71704948337047       -6.254684475345196    
    264.5000000000000        1.511656434049607        13.83505994378302        191.6354727259301        2657.665459626345        32.74489772926962       -5.289156914295164    
    265.5000000000000        1.505553382871020        13.82049744670966        191.2310346665137        2649.231233096734        32.76828506913948       -4.323513077818682    
    266.5000000000000        1.500802898403595        13.80895654687680        190.9108534605041        2642.561253027062        32.78724320522806       -3.357773286939298    
    267.5000000000000        1.497390940478519        13.80042817000302        190.6744666795496        2637.641457924492        32.80179751484765       -2.391957650557508    
    268.5000000000000        1.495308162202429        13.79490552747693        190.5215308221105        2634.461440167267        32.81196713301077       -1.426086111685664    
    269.5000000000000        1.494549263428906        13.79238366762085        190.4518072029748        2633.014107314343        32.81776501427284      -0.4601784929200250    
    270.5000000000000        1.495112683656973        13.79285994955582        190.4651757968994        2633.295982188324        32.81919797413890       0.5057454586349336    
    271.5000000000000        1.497002364534829        13.79633563521096        190.5616835315578        2635.308303804012        32.81626671027274        1.471666026780454    
    272.5000000000000        1.500224009237276        13.80281273860846        190.7414489292318        2639.054856679916        32.80896580362732        2.437563481767323    
    273.5000000000000        1.504788812835185        13.81229627684771        191.0047308596673        2644.543550992996        32.79728369949956        3.403418035762216    
    274.5000000000000        1.510711715182538        13.82479203559141        191.3518611830668        2651.784900425422        32.78120266839431        4.369209798029847    
    275.5000000000000        1.518009710927225        13.84030970501639        191.7833391348155        2660.794165472604        32.76069874646505        5.334918729620579    
    276.5000000000000        1.526705451842374        13.85886149949015        192.2997916289762        2671.590503589339        32.73574165517793        6.300524597349280    
    277.5000000000000        1.536824128370428        13.88046146426989        192.9019532521951        2684.196545342758        32.70629469972292        7.266006926846940    
    278.5000000000000        1.548395080214261        13.90512651529652        193.5906978823265        2698.639131592775        32.67231464556743        8.231344954457830    
    279.5000000000000        1.561449665001156        13.93287524708397        194.3670046664236        2714.948597726160        32.63375157241529        9.196517577745958    
    280.5000000000000        1.576021921828140        13.96372910412175        195.2319945252403        2733.159647018717        32.59054870469337        10.16150330436461    
    281.5000000000000        1.592151416525082        13.99771400299265        196.1869821584446        2753.312618104575        32.54264221754097        11.12628019902846    
    282.5000000000000        1.609879900854792        14.03485660226703        197.2333653368493        2775.451037185276        32.48996101711898        12.09082582831209    
    283.5000000000000        1.629256675061586        14.07518641750198        198.3726930626361        2799.623287086501        32.43242649388805        13.05511720298255    
    284.5000000000000        1.650335419751918        14.11873450095551        199.6066263802195        2825.881764350107        32.36995224732391        14.01913071755152    
    285.5000000000000        1.673174982393115        14.16553498253316        200.9369883105336        2854.284124155101        32.30244378034234        14.98284208670958    
    286.5000000000000        1.697841891040490        14.21562580270006        202.3657899017341        2884.893994822080        32.22979816149473        15.94622627827969    
    287.5000000000000        1.724409096122434        14.26904696350814        203.8951812969655        2917.780002508365        32.15190365276395        16.90925744229587    
    288.5000000000000        1.752954754085126        14.32583964919905        205.5274261959351        2953.015257107855        32.06863930053910        17.87190883577894    
    289.5000000000000        1.783566335124697        14.38604819928733        207.2649700834672        2990.679154160489        31.97987448707112        18.83415274274465    
    290.5000000000000        1.816338624096504        14.44971952365795        209.1104257646029        3030.857181479756        31.88546843940890        19.79596038893467    
    291.5000000000000        1.851374636194541        14.51690351656275        211.0665901647853        3073.641461316970        31.78526969248225        20.75730185071296    
    292.5000000000000        1.888786198331864        14.58765071620231        213.1363777571929        3119.129413507254        31.67911550263011        21.71814595751653    
    293.5000000000000        1.928693249425640        14.66201417086647        215.3228844364193        3167.425458398616        31.56683120746665        22.67846018718696    
    294.5000000000000        1.971223153132402        14.74005028661652        217.6294163474677        3218.641842780847        31.44822952752840        23.63821055344018    
    295.5000000000000        2.016511744818236        14.82181875928542        220.0594946132547        3272.899004805304        31.32310980464701        24.59736148465542    
    296.5000000000000        2.064702994250662        14.90738033423988        222.6167914498084        3330.324320487650        31.19125717143934        25.55587569307549    
    297.5000000000000        2.115953298805451        14.99680189324792        225.3052982112847        3391.056387760918        31.05244164569208        26.51371403341188    
    298.5000000000000        2.170429621386172        15.09015258776358        228.1292088831602        3455.242516592569        30.90641714273339        27.47083534973814    
    299.5000000000000        2.228309460638995        15.18750328080507        231.0929146905069        3523.039038409538        30.75292039812273        28.42719630942814    
    300.5000000000000        2.289786854973618        15.28892980743545        234.2011135003945        3594.614216508967        30.59166979214061        29.38275122275380    
    301.5000000000000        2.355068605404896        15.39451033497308        237.4587346702289        3670.146831383992        30.42236406661159        30.33745184659767    
    302.5000000000000        2.424379313038185        15.50432528153549        240.8709449904678        3749.826721964316        30.24468092353616        31.29124717055261    
    303.5000000000000        2.497963493341055        15.61845918941606        244.4432227011554        3833.857115356166        30.05827549382472        32.24408318347493    
    304.5000000000000        2.576081283134309        15.73699713893576        248.1812474665086        3922.452329499519        29.86277866310509        33.19590261832476    
    305.5000000000000        2.659015131236883        15.86002607458850        252.0909562884009        4015.839705442490        29.65779524009785        34.14664467286079    
    306.5000000000000        2.747073127548863        15.98763992943357        256.1787252758152        4114.264701865066        29.44290195140167        35.09624470345413    
    307.5000000000000        2.840582193668002        16.11993237883680        260.4511411033911        4217.985789891341        29.21764524468327        36.04463388894455    
    308.5000000000000        2.939889422614709        16.25699868511511        264.9150744318781        4327.276922170992        28.98153888020148        36.99173886106809    
    309.5000000000000        3.045366973075069        16.39893618986309        269.5777036205719        4442.428671715147        28.73406128828774        37.93748129753921    
    310.5000000000000        3.157414083531628        16.54584720244293        274.4466281527802        4563.751895800490        28.47465266782802        38.88177747336058    
    311.5000000000000        3.276461564062513        16.69783629444733        279.5297930557560        4691.576661683976        28.20271179791868        39.82453776534934    
    312.5000000000000        3.402969255449145        16.85501194125797        284.8355604383223        4826.254932724269        27.91759253166838        40.76566610420004    
    313.5000000000000        3.537428846362709        17.01748365539250        290.3726194078426        4968.158982069870        27.61859993756264        41.70505936764090    
    314.5000000000000        3.680370641337462        17.18536513925034        296.1501161719955        5117.685843902548        27.30498604986666        42.64260670736168    
    315.5000000000000        3.832357406095831        17.35876912313418        302.1774848106683        5275.253777240587        26.97594518518993        43.57818880138431    
    316.5000000000000        3.993996298089015        17.53781699850375        308.4648241924485        5441.313897435705        26.63060877755033        44.51167702239431    
    317.5000000000000        4.165940401952877        17.72263066363299        315.0226099254277        5616.343241082287        26.26803967904534        45.44293251122185    
    318.5000000000000        4.348889776402909        17.91333289284060        321.8617239916279        5800.846792294896        25.88722586756422        46.37180514313854    
    319.5000000000000        4.543591682300723        18.11004718802518        328.9934647535536        5995.358923123312        25.48707349688044        47.29813237288511    
    320.5000000000000        4.750843861539815        18.31290163438902        336.4297157288653        6200.449694966802        25.06639921800745        48.22173794233521    
    321.5000000000000        4.971493340890949        18.52202534356240        344.1828353712563        6416.723368288344        24.62392169398275        49.14243043239242    
    322.5000000000000        5.206450656543882        18.73754644218571        352.2655743180440        6644.816870194463        24.15825222343659        50.06000163807580    
    323.5000000000000        5.456698316366207        18.95959150829685        360.6911042702757        6885.403128407482        23.66788438166869        50.97422474272242    
    324.5000000000000        5.723288492753512        19.18829357463704        369.4733291530346        7139.201378125176        23.15118258189432        51.88485226378195    
    325.5000000000000        6.007342210620593        19.42377683612505        378.6262938634672        7406.961194876547        22.60636945441017        52.79161373875138    
    326.5000000000000        6.310043278180399        19.66616827981419        388.1646634178031        7689.478569677980        22.03151193850660        53.69421311534731    
    327.5000000000000        6.632653675136651        19.91559102916120        398.1034616517538        7987.589585314357        21.42450598218994        54.59232580500528    
    328.5000000000000        6.976493751691918        20.17216482921965        408.4581212526356        8302.174449884200        20.78305974982600        55.48559535320428    
    329.5000000000000        7.342989922747387        20.43600649494350        419.2444808407756        8634.158199144529        20.10467524995457        56.37362967393837    
    330.5000000000000        7.733615712201392        20.70722934669588        430.4788273558515        8984.515840406068        19.38662831788331        57.25599678893894    
    331.5000000000000        8.149939514869690        20.98594620368538        442.1779819523058        9354.275398785978        18.62594692451003        58.13222000509898    
    332.5000000000000        8.593637008195129        21.27225613931574        454.3587214671628        9744.500819978257        17.81938783989794        59.00177245616398    
    333.5000000000000        9.066441835970815        21.56626328698076        467.0386542820429        10156.32437511657        16.96341176513661        59.86407092749054    
    334.5000000000000        9.570142064193428        21.86807633908256        480.2361886881333        10590.94747906022        16.05415716915338        60.71846887610167    
    335.5000000000000        10.10669146181576        22.17779128495544        493.9697779687510        11049.61782765254        15.08741324174321        61.56424855326308    
    336.5000000000000        10.67801446976975        22.49549932136711        508.2581759270163        11533.63663313648        14.05859261735910        62.40061213469035    
    337.5000000000000        11.28611567668147        22.82127206953498        523.1199315757171        12044.34935876432        12.96270485791092        63.22667176620813    
    338.5000000000000        11.93335044072589        23.15521362987329        538.5756081540636        12583.21892269043        11.79433213378924        64.04143844298298    
    339.5000000000000        12.62166442312614        23.49738101428118        554.6442866949154        13151.71302694916        10.54760914245086        64.84380966223908    
    340.5000000000000        13.35369743523008        23.84784964691583        571.3463906633992        13751.39698619076        9.216210089059908        65.63255582798404    
    341.5000000000000        14.13132847111489        24.20664315460666        588.7004334822277        14383.82337233938        7.793346560706991        66.40630544888495    
    342.5000000000000        14.95738791459386        24.57383376480851        606.7278717413957        15050.71088476707        6.271781385919112        67.16352926636921    
    343.5000000000000        15.83403584729637        24.94946181172622        625.4492078699432        15753.80511148575        4.643865098325455        67.90252359093508    
    344.5000000000000        16.76389848011708        25.33355195915131        644.8846134748967        16494.89767943051        2.901603393517400        68.62139332432493    
    345.5000000000000        17.74918692013217        25.72609414679048        665.0529223329117        17275.78818058913        1.036765887888666        69.31803541856756    
    346.5000000000000        18.79278333901248        26.12713739616249        685.9766249808036        18098.48781861055        359.0410383306819        69.99012388365921    
    347.5000000000000        19.89655677846180        26.53660983153805        707.6720350003852        18964.81657672014        356.9062919619226        70.63509791180911    
    348.5000000000000        21.06334854621080        26.95453322421250        730.1610303322547        19876.88992745805        354.6248336757122        71.25015523232520    
    349.5000000000000        22.29504996781645        27.38086324621981        753.4622106480379        20836.75331632419        352.1898496173077        71.83225341700295    
    350.5000000000000        23.59393562011865        27.81556688906852        777.5949998732081        21846.54696607274        349.5958993307500        72.37812245071305    
    351.5000000000000        24.96248936527955        28.25858611642056        802.5778336683715        22908.44187018840        346.8395184440218        72.88429233827162    
    352.5000000000000        26.40167153017040        28.70986635946208        828.4293598142430        24024.67419176105        343.9199024171661        73.34713964057188    
    353.5000000000000        27.91390643805086        29.16929897625944        855.1653378127199        25197.42320708615        340.8396323697903        73.76295636100463    
    354.5000000000000        29.50010009356394        29.63678546760052        882.8020808482892        26428.94962251772        337.6053777343367        74.12804325375659    
    355.5000000000000        31.16160297908963        30.11224419390146        911.3570546031226        27721.63338377274        334.2284837386061        74.43882717940131    
    356.5000000000000        32.89897480313300        30.59553721808524        940.8440887899965        29077.73979371777        330.7253320823500        74.69199857499115    
    357.5000000000000        34.71291302064098        31.08652392497185        971.2769124358842        30499.59571979778        327.1173606096556        74.88466078166358    
    358.5000000000000        36.60319258152174        31.58508952996186        1002.670461598099        31989.62954053635        323.4306516396324        75.01447868540244    
    359.5000000000000        38.56937982771613        32.09105561657341        1035.035766694472        33550.15405903392        319.6950527736823        75.07981106024842    
