 # author: MA Kubiak / Space Research Center PAS Warsaw Poland, contact: mkubiak@cbk.waw.pl                          
 # code version Program.keplerV_ellipt_V2      , Dates: calkV:20/04/2026  ; part_pr:20/04/2026                       
 # czas no T v_mas, kier.naplywu(dl, szer) macierz obrotu (ecl to helio), r, theta, phi(ecl,spher), V_detector(ecl,cart), IBEX_energy_channel
 #     2026.125872000000        0.8088930000000000E-03     9480.000000000000        -11.28000000301609         251.5700000000000         11.95000000000000        0.2459841265748581        0.9692738567985851         0.000000000000000       -0.9615244635393438        0.2440174711049008        0.1261989691358298        0.1223213615382913       -0.3104294319752456E-01    0.9920049496797150        0.9783070000000000         146.8090880000000        0.2214700000000000E-01    -16.57800000000000        -24.79299999999999        0.4200000000000001E-01 00
 # routs_end= 150.00;    Maxwellian,    elliptOrb=Off                                                                                        
 # Numerical parameters: GridKl=10  GridKf=09  GridKV=05  epsV= 0.0000100  epssJon=.0010000                                                  
 # Numerical parameters: GridKl=10  GridKf=09  GridKV=05  epsV= 0.0000100  epssJon=.0010000; tessel128                                                                                                                                                                                                                                                                                                                                                                                                                                                                 
# Axis to the Sun: alpha_ecl= 322.8500000000000000 delta_Ecl= 0.0990000000000000 delta_Ax= 90.0000000000000000  repoint= 00158
 #  flag_atom: He                                                   
 #  flag_general:                                                   
 #                                                                  
 #                                                                  
  # Ly_a_Profil: zero                                               
  # flag_Itot: zero                                                 
 #  v_SW_Eqtr: speed3D.hybrid2026c_patched.dat                      
 #  n_SW_Eqtr: density3D.hybrid2026c_patched.dat                    
 #  phot_Eqtr: 0.8500000  phion_Helium_T12F107_2026c.dat            
 #  sigma_SW: p+He->H +He+, He + alpha (2 chnls);src:simuLosses.nb  
 #  flag_el:slow  swEqtrElectrons5.2026c.patched.dat                
 #  SW_lati: interpolation                                          
 #  phot_lati: analit pole-flattened after Pryor & Auchere          
 #
 #
 #
 #Spin  flux speed	speed^2 speed^3    long_ecl lat_ecl
   0.5000000000000000        15.87474447567308        31.96000869858006        1026.483658980658        33129.23129125987        221.6505793306935        89.49029096111147    
    1.500000000000000        16.92826435969059        32.50402732189740        1061.711069810552        34848.39686997540        229.0748196962602        88.49673479030348    
    2.500000000000000        18.05717262973196        33.05648881514234        1098.087781223708        36653.52412489576        230.5837134884435        87.49803930646796    
    3.500000000000000        19.26737752711371        33.61718815818618        1135.627453255463        38547.63238780337        231.2317979864626        86.49859937378953    
    4.500000000000000        20.56495064158682        34.18590982331700        1174.342583151193        40533.74733905749        231.5922908490280        85.49891086663611    
    5.500000000000000        21.95664757232595        34.76241964238579        1214.243706632158        42614.84837595322        231.8219589513481        84.49910930547301    
    6.500000000000000        23.45033281660375        35.34649525956193        1255.341689238467        44793.99524336389        231.9811575746791        83.49924685267364    
    7.500000000000000        25.05421334658417        35.93787906336172        1297.644188284068        47074.13021407308        232.0980662509429        82.49934785958854    
    8.500000000000000        26.77714048318793        36.53638011110642        1341.162956822733        49458.46958014148        232.1876077116932        81.49942522080975    
    9.500000000000000        28.62921004521094        37.14171359271533        1385.902072632194        51949.85089789816        232.2584229582823        80.49948640262228    
    10.50000000000000        30.62111336870050        37.75358411783460        1431.863718846138        54551.02994352290        232.3158618295480        79.49953602743770    
    11.50000000000000        32.76520820649627        38.37174249759706        1479.052312201650        57264.90608017881        232.3634136608169        78.49957711007855    
    12.50000000000000        35.07476623374731        38.99588856067799        1527.467190771667        60094.09942176229        232.4034513652234        77.49961170073627    
    13.50000000000000        37.56449465920564        39.62567761138256        1577.103072129230        63040.97352102439        232.4376448676638        76.49964124220587    
    14.50000000000000        40.25060820510727        40.26077203697125        1627.953610173267        66107.81007002993        232.4672034868622        75.49966677931506    
    15.50000000000000        43.15166231249732        40.90087143689263        1680.014076898685        69296.98287516770        232.4930245035113        74.49968908729153    
    16.50000000000000        46.28756150627124        41.54563362847683        1733.275053614464        72610.57190858258        232.5157877093239        73.49970875345467    
    17.50000000000000        49.68147665075366        42.19473390575730        1787.727019357364        76050.62404705762        232.5360175422634        72.49972623090106    
    18.50000000000000        53.35859760718629        42.84782806806368        1843.357282943036        79618.95477094340        232.5541250714581        71.49974187477905    
    19.50000000000000        57.34682241087377        43.50454632867999        1900.148946478261        83317.03879321141        232.5704370646278        70.49975596740282    
    20.50000000000000        61.67814531851158        44.16450038988246        1958.081689679761        87146.06563986540        232.5852165485363        69.49976873601641    
    21.50000000000000        66.38758447788395        44.82729648790516        2017.132656557298        91106.97120247647        232.5986776319914        68.49978036560033    
    22.50000000000000        71.51504348484366        45.49256395661165        2077.279436586444        95200.66093734332        232.6109963762682        67.49979100826344    
    23.50000000000000        77.10526111860409        46.15992530646417        2138.496945298916        99427.75975331753        232.6223188902530        66.49980079023692    
    24.50000000000000        83.20947614225614        46.82902248162915        2200.760164647540        103788.8141319158        232.6327674432032        65.49980981715544    
    25.50000000000000        89.88425075689383        47.49944290376508        2264.036692750034        108283.7210972163        232.6424451392839        64.49981817809585    
    26.50000000000000        97.19436226890298        48.17078295650488        2328.292688332084        112912.1343376045        232.6514395337713        63.49982594870152    
    27.50000000000000        105.2115043323588        48.84259927410043        2393.488447725632        117673.1556544927        232.6598254603082        62.49983319362485    
    28.50000000000000        114.0177185688962        49.51447556124236        2459.584664227323        122565.7640904388        232.6676672629798        61.49983996845573    
    29.50000000000000        123.7062816248537        50.18600367895143        2526.540810325745        127588.7039742406        232.6750205744362        60.49984632125782    
    30.50000000000000        134.3818799195795        50.85676588112624        2594.313045662671        132740.2913444882        232.6819337442439        59.49985229380258    
    31.50000000000000        146.1638277497693        51.52631002058047        2662.851623442363        138018.1983275389        232.6884489951914        58.49985792256819    
    32.50000000000000        159.1867413914112        52.19416721761863        2732.102617780453        143419.5700930043        232.6946033661429        57.49986323955420    
    33.50000000000000        173.6034647370744        52.85988195935064        2802.011251903864        148941.2883661636        232.7004294860401        56.49986827295022    
    34.50000000000000        189.5863634772943        53.52299964390426        2872.520560922392        154579.8521853841        232.7059562133140        55.49987304768834    
    35.50000000000000        207.3305792957905        54.18304957597651        2943.569253136659        160331.1689795513        232.7112091672421        54.49987758590215    
    36.50000000000000        227.0575111154487        54.83954409566623        3015.091660308824        166190.5396857856        232.7162111719780        53.49988190731045    
    37.50000000000000        249.0169830630534        55.49197432802873        3087.017366971542        172152.6267838321        232.7209826295510        52.49988602953944    
    38.50000000000000        273.4904530768048        56.13984557133674        3159.275067391951        178211.7581015823        232.7255418347539        51.49988996839475    
    39.50000000000000        300.7970863938426        56.78264695901874        3231.789162780068        184361.6284198006        232.7299052422150        50.49989373809227    
    40.50000000000000        331.2948661224045        57.41986916894022        3304.481812907673        190595.4663419216        232.7340876939219        49.49989735145460    
    41.50000000000000        365.3852839435859        58.05098060682934        3377.270047195605        196905.7610680028        232.7381026138659        48.49990082007928    
    42.50000000000000        403.5181218718536        58.67544906919607        3450.068457186959        203284.5018280669        232.7419621752259        47.49990415448326    
    43.50000000000000        446.1976497889297        59.29273813165310        3522.788710662686        209723.1207809410        232.7456774445087        46.49990736422733    
    44.50000000000000        493.9821421793108        59.90231557088288        3595.340717994680        216212.6001826864        232.7492585062733        45.49991045802397    
    45.50000000000000        547.4917565203658        60.50364126273899        3667.631177569064        222743.3334837263        232.7527145714260        44.49991344383085    
    46.50000000000000        607.4081718477524        61.09617627120153        3739.564709071417        229305.2214469634        232.7560540715612        43.49991632893237    
    47.50000000000000        674.4793565444462        61.67939331494955        3811.045310989377        235887.8161180341        232.7592847414041        42.49991912001089    
    48.50000000000000        749.5181659342254        62.25276410887017        3881.974932858166        242480.1931984531        232.7624136910747        41.49992182320910    
    49.50000000000000        833.4053365729471        62.81580345637060        3952.259216457530        249071.5073164245        232.7654474696120        40.49992444418500    
    50.50000000000000        927.0868285217614        63.36803409226408        4021.803215201110        255650.5954334105        232.7683921209730        39.49992698816020    
    51.50000000000000        1031.560070906257        63.90898061037264        4090.510752459054        262205.9239014392        232.7712532335281        38.49992945996271    
    52.50000000000000        1147.873670554337        64.43820555088496        4158.289206957602        268726.0611743912        232.7740359839229        37.49993186406486    
    53.50000000000000        1277.109188351578        64.95528835189705        4225.047171751000        275199.4860136199        232.7767451760436        36.49993420461689    
    54.50000000000000        1420.374804727086        65.45985283359596        4290.698217665641        281614.9724603295        232.7793852757164        35.49993648547701    
    55.50000000000000        1578.768721121233        65.95155201942406        4355.159223863809        287961.4570945544        232.7819604416810        34.49993871023813    
    56.50000000000000        1753.369704479673        66.43007022100868        4418.350807414865        294228.0985649033        232.7844745532997        33.49994088225176    
    57.50000000000000        1945.187723417452        66.89512247352943        4480.197542975996        300404.3303452320        232.7869312354022        32.49994300464954    
    58.50000000000000        2155.132339414618        67.34644030079151        4540.626103169506        306479.6811515836        232.7893338806098        31.49994508036249    
    59.50000000000000        2383.972003432816        67.78380284005584        4599.569843839018        312444.2821188495        232.7916856694362        30.49994711213836    
    60.50000000000000        2632.289878990860        68.20702563398898        4656.967458178537        318288.7523875483        232.7939895884265        29.49994910255734    
    61.50000000000000        2900.428312070526        68.61595902803339        4712.762997739974        324004.2298344001        232.7962484465552        28.49995105404624    
    62.50000000000000        3188.437782843179        69.01048066021933        4766.904998747687        329582.3033590892        232.7984648900843        27.49995296889121    
    63.50000000000000        3496.024370695513        69.39050118797620        4819.347388206205        335015.1236879898        232.8006414160502        26.49995484924957    
    64.50000000000000        3822.495304945711        69.75595361672229        4870.048155389668        340295.2871477655        232.8027803845311        25.49995669716027    
    65.50000000000000        4166.713270061646        70.10678001953679        4918.967577519476        345415.6636499348        232.8048840298277        24.49995851455359    
    66.50000000000000        4527.056477807519        70.44295118573986        4966.071085488591        350369.7164381713        232.8069544706733        23.49996030325998    
    67.50000000000000        4901.389850984317        70.76445292304582        5011.327468132741        355151.3323113363        232.8089937195768        22.49996206501813    
    68.50000000000000        5287.044327444731        71.07128369437069        5054.708518642449        359754.7881741060        232.8110036913883        21.49996380148234    
    69.50000000000000        5680.806272470772        71.36345649605173        5096.189420135714        364174.8106567605        232.8129862111705        20.49996551422933    
    70.50000000000000        6078.939221556951        71.64099614792961        5135.748335456648        368406.5354279559        232.8149430214451        19.49996720476456    
    71.50000000000000        6477.205861998440        71.90393157538993        5173.365342909126        372445.4026774382        232.8168757888805        18.49996887452787    
    72.50000000000000        6870.944265295997        72.15230487080713        5209.023783451846        376287.3125661035        232.8187861104759        17.49997052489898    
    73.50000000000000        7255.147739809984        72.38616106559232        5242.708712503331        379928.4546879109        232.8206755192944        16.49997215720238    
    74.50000000000000        7624.526874888632        72.60554617576217        5274.406716489245        383365.3036607010        232.8225454897905        15.49997377271185    
    75.50000000000000        7973.696666695162        72.81051238379125        5304.106556528995        386594.6818657271        232.8243974427731        14.49997537265489    
    76.50000000000000        8297.272684081972        73.00111657775747        5331.799038363300        389613.7584899003        232.8262327500414        13.49997695821666    
    77.50000000000000        8589.991458739885        73.17741114970931        5357.475613895892        392419.8939493780        232.8280527387276        12.49997853054367    
    78.50000000000000        8846.939311486121        73.33944937574603        5381.129135045126        395010.7226125005        232.8298586953768        11.49998009074743    
    79.50000000000000        9063.638938880786        73.48727576366517        5402.752442400457        397384.0011242824        232.8316518697919        10.49998163990768    
    80.50000000000000        9236.213815385343        73.62092944491668        5422.338840907405        399537.6613222240        232.8334334786694        9.499983179075530    
    81.50000000000000        9361.542279126063        73.74044052561824        5439.881518230592        401469.7436984187        232.8352047090488        8.499984709276521    
    82.50000000000000        9437.313275918950        73.84582851546956        5455.373328477901        403178.3775711872        232.8369667215977        7.499986231513386    
    83.50000000000000        9462.139368361415        73.93710466615337        5468.807103915052        404661.8140437463        232.8387206537528        6.499987746768758    
    84.50000000000000        9435.613878547671        74.01427191526800        5480.175616144728        405918.4201331272        232.8404676227341        5.499989256007847    
    85.50000000000000        9358.275632165078        74.07731845065759        5489.470655037266        406946.5815501517        232.8422087284517        4.499990760180903    
    86.50000000000000        9231.638281318688        74.12622492432331        5496.684060517970        407744.8146326807        232.8439450563191        3.499992260225608    
    87.50000000000000        9058.107713821591        74.16096645286997        5501.808021487388        408311.8010433584        232.8456776799918        2.499993757069532    
    88.50000000000000        8840.893707613446        74.18150089156542        5504.833359279065        408646.2000134025        232.8474076640417        1.499995251632390    
    89.50000000000000        8583.920404170169        74.18777782090889        5505.750838715788        408746.7923832459        232.8491360665869       0.4999967448282874    
    90.50000000000000        8291.694417091217        74.17974396405444        5504.551995304340        408612.5757552898        232.8508639418852      -0.5000017624319724    
    91.50000000000000        7969.140630206832        74.15733762963721        5501.228353431828        408242.6823183069        232.8525923429094       -1.500000269238695    
    92.50000000000000        7621.480719020194        74.12048917175876        5495.771479277309        407636.3827618703        232.8543223239150       -2.499998774681119    
    93.50000000000000        7254.065914071591        74.06912452207160        5488.173509267976        406793.1452262306        232.8560549430153       -3.499997277845109    
    94.50000000000000        6872.233579165805        74.00316379823421        5478.427006487498        405712.6256775469        232.8577912647755       -4.499995777810961    
    95.50000000000000        6481.183786629491        73.92252872322128        5466.526092736597        404394.7964612925        232.8595323628415       -5.499994273651164    
    96.50000000000000        6085.863908136816        73.82714012917710        5452.466066276322        402839.9011118101        232.8612793226154       -6.499992764428010    
    97.50000000000000        5690.860507124807        73.71691443197692        5436.242925311437        401048.4049419361        232.8630332439927       -7.499991249191291    
    98.50000000000000        5300.332291772059        73.59177914618985        5417.855719165984        399021.2604350005        232.8647952441770       -8.499989726975828    
    99.50000000000000        4917.946287929415        73.45165832825347        5397.304335744338        396759.6526687361        232.8665664605856       -9.499988196799023    
    100.5000000000000        4546.857784469240        73.29648391515154        5374.591271495751        394265.2037536038        232.8683480538644       -10.49998665765816    
    101.5000000000000        4189.688475450772        73.12619021886756        5349.720776645941        391539.8704381203        232.8701412110281       -11.49998510852777    
    102.5000000000000        3848.524347444868        72.94072327459189        5322.700251769544        388586.0974927161        232.8719471487458       -12.49998354835679    
    103.5000000000000        3524.941365882176        72.74003762408601        5293.539784549570        385406.7642669358        232.8737671167902       -13.49998197606550    
    104.5000000000000        3220.037699557657        72.52410121816634        5262.252858827558        382005.2577515587        232.8756024016729       -14.49998039054248    
    105.5000000000000        2934.479922576741        72.29289679176141        5228.856529331111        378385.4847750699        232.8774543304897       -15.49997879064127    
    106.5000000000000        2668.543016111019        72.04642976537573        5193.372595797669        374551.9986442159        232.8793242749996       -16.49997717517678    
    107.5000000000000        2422.162570832829        71.78472737263203        5155.827355102283        370509.9540493679        232.8812136559683       -17.49997554292159    
    108.5000000000000        2194.987502397684        71.50783324124610        5116.250753639268        366265.0033173680        232.8831239478031       -18.49997389260199    
    109.5000000000000        1986.430406951111        71.21580943981851        5074.676630641316        361823.3119379323        232.8850566835162       -19.49997222289360    
    110.5000000000000        1795.729879403318        70.90874978163389        5031.144565580065        357191.7458454559        232.8870134600519       -20.49997053241678    
    111.5000000000000        1621.980284931514        70.58676802524226        4985.698032316844        352377.6509226617        232.8889959440188       -21.49996881973178    
    112.5000000000000        1464.185487978216        70.25000373674666        4938.385174094255        347388.9245012257        232.8910058778747       -22.49996708333328    
    113.5000000000000        1321.285791714299        69.89863002669239        4889.259780434799        342234.1016720522        232.8930450866133       -23.49996532164465    
    114.5000000000000        1192.200431337776        69.53285046556714        4838.380736374030        336922.2793024894        232.8951154850105       -24.49996353301174    
    115.5000000000000        1075.847309019113        69.15289923861830        4785.811854011859        331463.0730758963        232.8972190854953       -25.49996171569599    
    116.5000000000000        971.1623944294100        68.75903068943980        4731.620173448725        325866.4095030353        232.8993580067150       -26.49995986786713    
    117.5000000000000        877.1147354579343        68.35149685837224        4675.872593254972        320142.1442323404        232.9015344828780       -27.49995798759498    
    118.5000000000000        792.7229338405729        67.93058671806688        4618.641415798030        314300.6475509239        232.9037508739634       -28.49995607284079    
    119.5000000000000        717.0646472425260        67.49662216932035        4560.003671530544        308352.7181963059        232.9060096769008       -29.49995412144747    
    120.5000000000000        649.2813189050460        67.04994883415674        4500.039466653932        302309.3691552716        232.9083135378372       -30.49995213112898    
    121.5000000000000        588.5746335192525        66.59091474497750        4438.828939084839        296181.4997396308        232.9106652656239       -31.49995009945879    
    122.5000000000000        534.2096064603822        66.11985984663229        4376.450622085573        289979.7051506346        232.9130678466727       -32.49994802385694    
    123.5000000000000        485.5166993818024        65.63714790384793        4312.985850339648        283714.7334616635        232.9155244613544       -33.49994590157590    
    124.5000000000000        441.8913548379604        65.14317122884394        4248.519301103451        277397.5300586956        232.9180385021360       -34.49994372968489    
    125.5000000000000        402.7855816554368        64.63831786077087        4183.134306906998        271038.7357441367        232.9206135936806       -35.49994150505266    
    126.5000000000000        367.7056840402585        64.12296068039846        4116.911326901574        264648.5266017215        232.9232536151711       -36.49993922432790    
    127.5000000000000        336.2079594072675        63.59745591811774        4049.927643042050        258236.5740023935        232.9259627251531       -37.49993688391810    
    128.5000000000000        307.8989275444765        63.06218707440491        3982.263354242731        251812.6618475221        232.9287453892430       -38.49993447996541    
    129.5000000000000        282.4276347989463        62.51755877274798        3914.000244770618        245386.5438204641        232.9316064110998       -39.49993200831995    
    130.5000000000000        259.4810782852942        61.96396340820680        3845.217298194808        238967.4931550007        232.9345509671229       -40.49992946450985    
    131.5000000000000        238.7797027819672        61.40174599842230        3775.986120098104        232563.8577536506        232.9375846454156       -41.49992684370757    
    132.5000000000000        220.0763173299157        60.83125777734084        3706.378036594971        226183.7698995882        232.9407134896445       -42.49992414069195    
    133.5000000000000        203.1537820235462        60.25289109993157        3636.468372887639        219835.5444463447        232.9439440485328       -43.49992134980560    
    134.5000000000000        187.8191508918583        59.66703745382184        3566.331015699274        213527.1525527025        232.9472834318560       -44.49991846490641    
    135.5000000000000        173.9010583046843        59.07407389164121        3496.036443004495        207266.0167974108        232.9507393739633       -45.49991547931265    
    136.5000000000000        161.2477579251910        58.47434843284466        3425.650028475888        201058.8686717679        232.9543203060381       -46.49991238574064    
    137.5000000000000        149.7241907303224        57.86823840948670        3355.239413742881        194912.4554716679        232.9580354385364       -47.49990917623354    
    138.5000000000000        139.2123249207196        57.25614187058378        3284.873187991945        188833.3992161626        232.9618948555229       -48.49990584207966    
    139.5000000000000        129.6067907555242        56.63844452048109        3214.616794146375        182827.8226498037        232.9659096229607       -49.49990237371917    
    140.5000000000000        120.8142674768785        56.01552027974264        3144.532506529745        176901.3448076574        232.9700919134293       -50.49989876063621    
    141.5000000000000        112.7518178865595        55.38772133423359        3074.678221255061        171058.9796885486        232.9744551502583       -51.49989499123432    
    142.5000000000000        105.3463072971301        54.75543924102784        3005.114922285420        165305.8289689739        232.9790141747021       -52.49989105269220    
    143.5000000000000        98.53294188392692        54.11907335738275        2935.902704328451        159646.7138521281        232.9837854405755       -53.49988693079543    
    144.5000000000000        92.25344088829898        53.47902666732097        2867.100036579495        154086.0995867582        232.9887872417651       -54.49988260973986    
    145.5000000000000        86.45656395925309        52.83568874949362        2798.762139167098        148627.9890160658        232.9940399792891       -55.49987807190107    
    146.5000000000000        81.09587000015831        52.18942016120008        2730.938865578454        143275.7237740413        232.9995664761688       -56.49987329756230    
    147.5000000000000        76.13048800882476        51.54059442190216        2663.679609698658        138032.4247576436        233.0053923504102       -57.49986826459210    
    148.5000000000000        71.52437891031465        50.88961351251185        2597.035207269777        132901.1728623490        233.0115464590107       -58.49986294806087    
    149.5000000000000        67.24478959651339        50.23689883638282        2531.056314319320        127884.8356240681        233.0180614292906       -59.49985731978187    
    150.5000000000000        63.26331298551399        49.58284350109285        2465.788661885311        122985.7221898894        233.0249742982731       -60.49985134775869    
    151.5000000000000        59.55345728473245        48.92785254748949        2401.277143145207        118205.9054559591        233.0323272866472       -61.49984499551684    
    152.5000000000000        56.09231059537802        48.27232411617772        2337.563760978387        113547.0643697290        233.0401687415753       -62.49983822128905    
    153.5000000000000        52.85835583917738        47.61661957645344        2274.684754277640        109010.2863276191        233.0485542929412       -63.49983097701647    
    154.5000000000000        49.83313507619227        46.96111506165179        2212.676011805917        104596.5050587588        233.0575482816310       -64.49982320711474    
    155.5000000000000        46.99985480256433        46.30620137160292        2151.572969510376        100306.4946150402        233.0672255375672       -65.49981484693798    
    156.5000000000000        44.34309061143924        45.65227951808585        2091.409978658619        96140.81783848688        233.0776736116750       -66.49980582085038    
    157.5000000000000        41.84962962877135        44.99975390606438        2032.219780760337        92099.80648956973        233.0889956029974       -67.49979603978402    
    158.5000000000000        39.50698362756889        44.34897887846881        1974.028439719647        88183.20911041995        233.1013137747211       -68.49978539811484    
    159.5000000000000        37.30418334319986        43.70037290487959        1916.865903733300        84390.93565172622        233.1147742284817       -69.49977376962424    
    160.5000000000000        35.23113315300498        43.05430346202036        1860.755619294795        80722.36145172393        233.1295530168236       -70.49976100221868    
    161.5000000000000        33.27881436326067        42.41110938897853        1805.716553156718        77176.47421705532        233.1458642379463       -71.49974691093608    
    162.5000000000000        31.43902218511814        41.77117911042583        1751.770326911340        73752.36998361361        233.1639709055934       -72.49973126855521    
    163.5000000000000        29.70398601019457        41.13483578134338        1698.931024665008        70448.58291118848        233.1841997713276       -73.49971379279006    
    164.5000000000000        28.06729049037834        40.50244612884791        1647.214940084986        67263.74810365554        233.2069618839774       -74.49969412852784    
    165.5000000000000        26.52247020446736        39.87434136751056        1596.633635972307        64196.15056326185        233.2327816556457       -75.49967182271723    
    166.5000000000000        25.06391420921137        39.25086538267728        1547.198299252569        61244.02693492069        233.2623388445813       -76.49964628809740    
    167.5000000000000        23.68632992973209        38.63236785765491        1498.919022032149        58405.51652056258        233.2965306873927       -77.49961674951804    
    168.5000000000000        22.38484166284972        38.01916323729944        1451.801553713974        55678.47489664745        233.3365664435267       -78.49958216225544    
    169.5000000000000        21.15535989121237        37.41158265437986        1405.851519832549        53060.73795763668        233.3841159562469       -79.49954108365819    
    170.5000000000000        19.99339563169370        36.80994349862402        1361.072356077887        50550.02257687333        233.4415520230690       -80.49949146373844    
    171.5000000000000        18.89530968190359        36.21454097703963        1317.464206223024        48143.84248672352        233.5123638099788       -81.49943028797253    
    172.5000000000000        17.85753564144366        35.62566574250473        1275.026048691625        45839.67846066400        233.6019008974644       -82.49935293440595    
    173.5000000000000        16.87659310396290        35.04361517758916        1233.756114341098        43634.98129750934        233.7188038722262       -83.49925193748990    
    174.5000000000000        15.94965123259914        34.46864532405428        1193.648650343067        41527.01290843872        233.8779947556999       -84.49911440389850    
    175.5000000000000        15.07365580939000        33.90100872071237        1154.696811652369        39513.01471928365        234.1076517543692       -85.49891598465921    
    176.5000000000000        14.24569467566225        33.34096225322265        1116.893278526530        37590.24508055652        234.4681273595825       -86.49860452245080    
    177.5000000000000        13.46328807193056        32.78870879076824        1080.226180409912        35755.76871609177        235.1161814084957       -87.49804450975665    
    178.5000000000000        12.72407451998971        32.24444610524160        1044.682959621083        34006.68150921992        236.6250073677653       -88.49674011828724    
    179.5000000000000        12.02573070891572        31.70839085227654        1010.251493876329        32340.14429327536        244.0489826997433       -89.49029684755857    
    180.5000000000000        11.36617587960175        31.18069253640974        976.9155698480573        30753.21938231769        41.65124603669354       -89.49028702041235    
    181.5000000000000        10.74322097167584        30.66154222685925        944.6603792559844        29243.04083561856        49.07502780043360       -88.49673012212583    
    182.5000000000000        10.15502241076183        30.15105509632906        913.4668328635610        27806.66834906215        50.58383769240808       -87.49803449969403    
    183.5000000000000        9.599770967285460        29.64939760367955        883.3186866386950        26441.34648073576        51.23188729889242       -86.49859450854809    
    184.5000000000000        9.075679873136895        29.15665143405311        854.1943979885153        25144.15179670081        51.59236107396669       -85.49890596917508    
    185.5000000000000        8.581139588830835        28.67291738159287        826.0739061897553        23912.31934819933        51.82201714578387       -84.49910438761347    
    186.5000000000000        8.114606340659854        28.19828728036416        798.9362614898296        22743.10485442586        51.98120749604846       -83.49924192074417    
    187.5000000000000        7.674520703149066        27.73282640061774        772.7598614937752        21633.84701211693        52.09811013622318       -82.49934291737115    
    188.5000000000000        7.259517685026899        27.27656112526996        747.5203309220481        20581.81303399975        52.18764700008015       -81.49942027074448    
    189.5000000000000        6.868396292572638        26.82958331371700        723.1980910629341        19584.58932563066        52.25845863017882       -80.49948144637493    
    190.5000000000000        6.499555023739888        26.39186809565449        699.7667541873768        18639.53012360704        52.31589458281695       -79.49953106619603    
    191.5000000000000        6.152108183394057        25.96346385803709        677.2050693662004        17744.31203748310        52.36344400982329       -78.49957214471922    
    192.5000000000000        5.824621716146881        25.54430779896658        655.4856921812902        16896.42059573174        52.40347969998022       -77.49960673192483    
    193.5000000000000        5.516218552550035        25.13448266801911        634.5900730084813        16093.79556947503        52.43767149092711       -76.49963627045936    
    194.5000000000000        5.225717629830693        24.73388386551136        614.4898635729116        15334.04533296732        52.46722863835585       -75.49966180504335    
    195.5000000000000        4.952140389681825        24.34251167884538        595.1633006778654        14615.13457058053        52.49304837629091       -74.49968411082479    
    196.5000000000000        4.694523488447295        23.96032686774515        576.5867266101039        13935.00895392197        52.51581046115517       -73.49970377506304    
    197.5000000000000        4.451975632469669        23.58722232556408        558.7341851166802        13291.61848743810        52.53603930373207       -72.49972125080816    
    198.5000000000000        4.223648000080598        23.22320391491772        541.5857192163242        12683.19632798729        52.55414595187719       -71.49973689317221    
    199.5000000000000        4.008687109958240        22.86809019321194        525.1130129157261        12107.74039330716        52.57045715642312       -70.49975098444045    
    200.5000000000000        3.806328338774684        22.52188867488459        509.2977458523281        11563.68395474227        52.58523593055723       -69.49976375183377    
    201.5000000000000        3.615881114260044        22.18444103122026        494.1141359747704        11049.24557614490        52.59869637204866       -68.49977538031376    
    202.5000000000000        3.436568606347639        21.85565147206032        479.5403510798938        10562.85510365797        52.61101453310524       -67.49978602197375    
    203.5000000000000        3.267803930521915        21.53542348588417        465.5551607203048        10103.01847950008        52.62233651509598       -66.49979580303203    
    204.5000000000000        3.108953265473884        21.22364052435787        452.1370307318060        9668.282679036014        52.63278458099404       -65.49980482911252    
    205.5000000000000        2.959386581993017        20.92012936779310        439.2628675820938        9257.205450381511        52.64246182967018       -64.49981318928302    
    206.5000000000000        2.818642265566178        20.62485931765577        426.9164008797901        8868.614719500427        52.65145581190907       -63.49982095917916    
    207.5000000000000        2.686060476821763        20.33756299543179        415.0718232681994        8501.077438292885        52.65984135751789       -62.49982820344677    
    208.5000000000000        2.561311233242463        20.05825886029826        403.7163816089846        8153.630736446918        52.66768280728719       -61.49983497767010    
    209.5000000000000        2.443776581598325        19.78666731436011        392.8251905441203        7824.962613791738        52.67503579102116       -60.49984132990794    
    210.5000000000000        2.333144077800998        19.52276111503945        382.3848098508890        7514.169827307445        52.68194865581535       -59.49984730192752    
    211.5000000000000        2.228912149753872        19.26631977006937        372.3742858909898        7220.148698176359        52.68846362230268       -58.49985293020325    
    212.5000000000000        2.130749074927995        19.01726144117669        362.7790687439439        6942.032461680104        52.69461772745827       -57.49985824673149    
    213.5000000000000        2.038256531750370        18.77538694809758        353.5804204413903        6678.859783935039        52.70044359856185       -56.49986327969899    
    214.5000000000000        1.951111831943342        18.54060468833420        344.7645451421893        6429.851712086724        52.70597009257578       -55.49986805403529    
    215.5000000000000        1.868985842846957        18.31272275356126        336.3141919453350        6194.155205060822        52.71122282747599       -54.49987259187179    
    216.5000000000000        1.791574436896024        18.09163217538027        328.2160009592347        5971.063026046028        52.71622462625762       -53.49987691292528    
    217.5000000000000        1.718602651938509        17.87716323773568        320.4546944906985        5759.835842943732        52.72099588991637       -52.49988103482014    
    218.5000000000000        1.649789096508399        17.66919102474540        313.0173061209085        5559.828430805816        52.72555491231929       -51.49988497336051    
    219.5000000000000        1.584904416684265        17.46756796342336        305.8904442903356        5370.405139328331        52.72991814726382       -50.49988874276076    
    220.5000000000000        1.523691875003596        17.27215574310963        299.0615562983242        5190.976377773534        52.73410043598921       -49.49989235584223    
    221.5000000000000        1.465952935568516        17.08282310715742        292.5187922273937        5020.992371461519        52.73811520181169       -48.49989582420132    
    222.5000000000000        1.411466386693313        16.89942681595834        286.2502908232728        4859.921938611220        52.74197461729903       -47.49989915835390    
    223.5000000000000        1.360049712935316        16.72184446424316        280.2453616286660        4707.283769667290        52.74568974840393       -46.49990236785980    
    224.5000000000000        1.311517620179214        16.54993678229023        274.4930864056860        4562.606540447790        52.74927067918181       -45.49990546143069    
    225.5000000000000        1.265697766544245        16.38358273920138        268.9835828080185        4425.462427530196        52.75272662008051       -44.49990844702340    
    226.5000000000000        1.222436287052011        16.22265350285541        263.7070288130459        4295.439013639882        52.75606600227586       -43.49991133192162    
    227.5000000000000        1.181581878318115        16.06702946865787        258.6542818392708        4172.155562899036        52.75929656011056       -42.49991412280706    
    228.5000000000000        1.142996867091949        15.91659577831125        253.8166613501331        4055.255145396722        52.76242540335414       -41.49991682582182    
    229.5000000000000        1.106551375415403        15.77123192501166        249.1855968224895        3944.395169901933        52.76545908072455       -40.49991944662332    
    230.5000000000000        1.072123237671621        15.63082798038496        244.7531712499045        3839.260566420960        52.76840363588358       -39.49992199043267    
    231.5000000000000        1.039597278323259        15.49527111243512        240.5116327404124        3739.550103168786        52.77126465693018       -38.49992446207740    
    232.5000000000000        1.008868174214519        15.36445632076302        236.4537528123324        3644.984988402134        52.77404732025975       -37.49992686602948    
    233.5000000000000       0.9798361088831840        15.23827965564678        232.5725794481055        3555.301772543651        52.77675642952773       -36.49992920643864    
    234.5000000000000       0.9524062848562167        15.11663968835812        228.8614728167121        3470.252582009180        52.77939645034742       -35.49993148716279    
    235.5000000000000       0.9264934076511670        14.99944070227648        225.3141997944377        3389.606895344162        52.78197154126147       -34.49993371179453    
    236.5000000000000       0.9020168122045094        14.88658846058986        221.9247778103129        3313.146989244060        52.78448558144998       -33.49993588368499    
    237.5000000000000       0.8788996956975161        14.77799552505636        218.6876377099835        3240.671427207160        52.78694219557381       -32.49993800596555    
    238.5000000000000       0.8570715321066388        14.67357362809187        215.5973664503703        3171.988304633261        52.78934477609758       -31.49994008156698    
    239.5000000000000       0.8364656613535409        14.57323742066776        212.6488154651131        3106.917376611668        52.79169650339010       -30.49994211323672    
    240.5000000000000       0.8170198480766292        14.47690588028331        209.8371369976871        3045.290532967761        52.79400036386134       -29.49994410355479    
    241.5000000000000       0.7986762593003384        14.38450083054212        207.1577262094509        2986.949987042106        52.79625916636078       -28.49994605494777    
    242.5000000000000       0.7813816706714788        14.29594895179751        204.6062743944406        2931.749142230559        52.79847555703408       -27.49994796970159    
    243.5000000000000       0.7650852953293605        14.21117885331537        202.1786691542783        2879.549909930221        52.80065203280932       -26.49994984997338    
    244.5000000000000       0.7497403440807502        14.13012141987776        199.8709996403506        2830.222570761763        52.80279095366419       -25.49995169780197    
    245.5000000000000       0.7353030579846513        14.05271250543523        197.6796291528182        2783.647100364039        52.80489455380586       -24.49995351511740    
    246.5000000000000       0.7217323219488046        13.97889001458310        195.6010997078553        2739.710724698873        52.80696495188074       -23.49995530375002    
    247.5000000000000       0.7089891680510370        13.90859278750780        193.6320909553243        2698.306718171492        52.80900416031662       -22.49995706543841    
    248.5000000000000       0.6970394480018363        13.84176534139396        191.7695557792374        2659.337223903847        52.81101409388858       -21.49995880183665    
    249.5000000000000       0.6858502732309360        13.77835339473696        190.0105823382305        2622.709978574619        52.81299657758933       -20.49996051452140    
    250.5000000000000       0.6753902628475810        13.71830531162508        188.3524313950830        2588.338947129323        52.81495335387586       -19.49996220499803    
    251.5000000000000       0.6656305600888054        13.66157213029845        186.7925314243876        2556.144018486167        52.81688608935627       -18.49996387470622    
    252.5000000000000       0.6565456307048247        13.60810818285184        185.3284913709918        2526.051106773917        52.81879638097404       -17.49996552502562    
    253.5000000000000       0.6481114377037170        13.55787083557083        183.9580890522930        2497.991753438077        52.82068576174072       -16.49996715728066    
    254.5000000000000       0.6403060721469310        13.51081975231041        182.6792462348673        2471.902455671148        52.82255570606318       -15.49996877274497    
    255.5000000000000       0.6331093669823056        13.46691704487134        181.4900273756067        2447.724470616699        52.82440763470634       -14.49997037264602    
    256.5000000000000       0.6265022918977648        13.42612695121128        180.3886271319217        2425.403436324158        52.82624291942905       -13.49997195816893    
    257.5000000000000       0.6204675018768055        13.38841679145932        179.3733952264640        2404.889814908489        52.82806288732652       -12.49997353046007    
    258.5000000000000       0.6149898721725439        13.35375663467083        178.4428238751228        2386.138523732675        52.82986882491006       -11.49997509063093    
    259.5000000000000       0.6100552520178457        13.32211857134804        177.5955239278524        2369.108329181979        52.83166198195190       -10.49997663976124    
    260.5000000000000       0.6056509500206438        13.29347782027390        176.8302536498157        2353.762378174857        52.83344357512076       -9.499978178901991    
    261.5000000000000       0.6017658641865856        13.26781217069646        176.1459008210393        2340.067747529929        52.83521479143127       -8.499979709078705    
    262.5000000000000       0.5979074472174029        13.24521790645059        175.5445476013582        2328.056227080056        52.83697679152900       -7.499981231294117    
    263.5000000000000       0.5955145478334104        13.22532598700998        175.0160150928466        2317.517240405213        52.83873071283104       -6.499982746530758    
    264.5000000000000       0.5931312679570759        13.20847114964261        174.5688106624449        2308.612621806194        52.84047767254064       -5.499984255753841    
    265.5000000000000       0.5912345874073965        13.19452366050202        174.1992021264046        2301.262212336653        52.84221877055337       -4.499985759913629    
    266.5000000000000       0.5898195846935557        13.18347280450418        173.9066604468863        2295.450567760486        52.84395509227116       -3.499987259947716    
    267.5000000000000       0.5881011902078557        13.17540591397437        173.6932982702214        2291.215665911810        52.84568771133969       -2.499988756783686    
    268.5000000000000       0.5884207858474576        13.17002663760623        173.5511403089229        2288.396456688184        52.84741769232423       -1.499990251341283    
    269.5000000000000       0.5884344291864005        13.16762055878152        173.4876417964366        2287.138964978826        52.84914609333785      -0.4999917445345256    
    270.5000000000000       0.5889229384978297        13.16808913907326        173.5001562058449        2287.389856145975        52.85087396863615       0.5000067627257470    
    271.5000000000000       0.5898881465381537        13.17143322152496        173.5887151626838        2289.149949311358        52.85260237119189        1.500005269529803    
    272.5000000000000       0.5913327743528649        13.17765550750331        173.7534486920190        2292.422999216684        52.85433235526302        2.500003774966951    
    273.5000000000000       0.5932607257227987        13.18676072729126        173.9945906476301        2297.215826384438        52.85606497896736        3.500002278123012    
    274.5000000000000       0.5956766726892850        13.19875564506156        174.3124788418957        2303.538323390430        52.85780130687731        4.500000778078231    
    275.5000000000000       0.5985876763525470        13.21365037677447        174.7075939004346        2311.404318915624        52.85954241264810        5.499999273905157    
    276.5000000000000       0.6020015757918705        13.23145720023979        175.1805252248630        2320.830854797648        52.86128938169367        6.499997764666026    
    277.5000000000000       0.6059270360273938        13.25219015827925        175.7319616386239        2331.838035695002        52.86304331392407        7.499996249410548    
    278.5000000000000       0.6103741577432284        13.27586562084748        176.3627081008068        2344.449412988251        52.86480532655963        8.499994727173636    
    279.5000000000000       0.6153545946336751        13.30250362963635        177.0737250288202        2358.692861753361        52.86657655703711        9.499993196972573    
    280.5000000000000       0.6208813430133010        13.33212575817221        177.8660699343923        2374.599401636342        52.86835816602447        10.49999165780458    
    281.5000000000000       0.6269685711602278        13.36475585360072        178.7409202791385        2392.203741652625        52.87015134056150        11.49999010864426    
    282.5000000000000       0.6336321931611498        13.40041906093169        179.6995477451510        2411.543793686302        52.87195729734495        12.49998854844039    
    283.5000000000000       0.6408899291484852        13.43914559299959        180.7434284197402        2432.663115336256        52.87377728617811        13.49998697611321    
    284.5000000000000       0.6487603613426778        13.48096553755081        181.8740963530424        2455.607833959922        52.87561259360644        14.49998539055133    
    285.5000000000000       0.6572648262474968        13.52591372097842        183.0932858489877        2480.429804462369        52.87746454676260        15.49998379060816    
    286.5000000000000       0.6664265393974505        13.57402618866672        184.4028341505798        2507.184622624760        52.87933451744625        16.49998217509848    
    287.5000000000000       0.6762703136700661        13.62534216116324        185.8047398471414        2535.932972862263        52.88122392646676        17.49998054279494    
    288.5000000000000       0.6868230486268555        13.67990302841898        187.3011396102065        2566.740290215273        52.88313424827920        18.49997889242365    
    289.5000000000000       0.6981136841539440        13.73775298518599        188.8943289462074        2599.677311064228        52.88506701594734        19.49997722266010    
    290.5000000000000       0.7101743119693172        13.79893964275370        190.5867846023479        2634.820715288636        52.88702382647106        20.49997553212469    
    291.5000000000000       0.7230388602292961        13.86351171148179        192.3811020224358        2672.251925332685        52.88900634651937        21.49997381937748    
    292.5000000000000       0.7367454795342564        13.93152243281564        194.2801012220407        2712.059617031029        52.89101631861490        22.49997208291299    
    293.5000000000000       0.7513344092743614        14.00302730403048        196.2867655280052        2754.338564977164        52.89305556782110        23.49997032115460    
    294.5000000000000       0.7668488848911611        14.07808423652766        198.4042510113972        2799.190032925182        52.89512600898918        24.49996853244795    
    295.5000000000000       0.7833352398461252        14.15675306563665        200.6358784662724        2846.721829328966        52.89722965462882        25.49996671505429    
    296.5000000000000       0.8008433431979732        14.23909787192299        202.9852089490468        2897.050237200521        52.89936862347452        26.49996486714330    
    297.5000000000000       0.8194265773326775        14.32518479172292        205.4559848491542        2950.298947789302        52.90154514982824        27.49996298678463    
    298.5000000000000       0.8391426363063887        14.41508374551984        208.0521891547260        3006.600674981118        52.90376159376955        28.49996107193925    
    299.5000000000000       0.8600536852960172        14.50886656418795        210.7779990170114        3066.096467544100        52.90602045233615        29.49995912045001    
    300.5000000000000       0.8822253406436024        14.60660901918502        213.6378536649280        3128.937546317312        52.90832437179159        30.49995713003063    
    301.5000000000000       0.9057271587933537        14.70838964555575        216.6364266696200        3195.285013983082        52.91067616111229        31.49995509825430    
    302.5000000000000       0.9306331453660635        14.81428937494874        219.7786220606366        3265.310102301930        52.91307880684489        32.49995302254092    
    303.5000000000000       0.9570214851434930        14.92438994329687        223.0695358219571        3339.193721499647        52.91553548950541        33.49995090014268    
    304.5000000000000       0.9849795446331592        15.03878159473506        226.5147081466949        3417.132862020841        52.91804960171721        34.49994872812849    
    305.5000000000000        1.014598739545135        15.15755353590696        230.1198355366567        3499.334299055401        52.92062476831242        35.49994650336686    
    306.5000000000000        1.045977930084438        15.28080344719830        233.8910819269368        3586.022492243592        52.92326486865608        36.49994422250616    
    307.5000000000000        1.079225433029019        15.40862991691047        237.8348513834779        3677.434741404231        52.92597406149071        37.49994188195348    
    308.5000000000000        1.114452486163741        15.54113163523601        241.9577746833680        3773.821460849097        52.92875681264592        38.49993947785070    
    309.5000000000000        1.151782068091747        15.67841573864987        246.2669923929062        3875.453717791633        52.93161792601136        39.49993700604750    
    310.5000000000000        1.191346228313164        15.82059181114304        250.7699756431091        3982.619592415872        52.93456257823649        40.49993446207151    
    311.5000000000000        1.233285357096377        15.96777024730395        255.4744884606700        4095.624041842736        52.93759635769611        41.49993184109483    
    312.5000000000000        1.277754863420378        16.12006504686218        260.3886928536218        4214.792264450150        52.94072530835195        42.49992913789578    
    313.5000000000000        1.324916289497207        16.27759395065919        265.5211697306293        4340.471104656891        52.94395597924857        43.49992634681633    
    314.5000000000000        1.374947315611905        16.44047942946422        270.8809726013834        4473.031443701905        52.94729548051171        44.49992346171386    
    315.5000000000000        1.428038084297119        16.60884261812205        276.4774329841363        4612.864082613039        52.95075154687319        45.49992047590595    
    316.5000000000000        1.484386212184489        16.78280868065097        282.3203738086008        4760.386614161499        52.95433260993470        46.49991738210814    
    317.5000000000000        1.544216838081527        16.96250990697836        288.4202172755809        4916.046915740565        52.95804788061093        47.49991417236289    
    318.5000000000000        1.607755090151999        17.14807280851596        294.7875726040870        5080.314051576561        52.96190744347012        48.49991083795764    
    319.5000000000000        1.675256988167009        17.33963494598867        301.4338358313392        5253.695130147483        52.96592236502956        49.49990736933152    
    320.5000000000000        1.746989940222769        17.53733351247608        308.3708044631022        5436.726405179935        52.97010481847973        50.49990375596770    
    321.5000000000000        1.823239811689586        17.74130703301498        315.6107769460942        5629.977927546922        52.97446822782550        51.49989998626858    
    322.5000000000000        1.904325250272310        17.95169939192929        323.1666938499220        5834.058255384301        52.97902743506942        52.49989604741145    
    323.5000000000000        1.990561497666059        18.16865049489267        331.0518433735413        6049.608729647804        52.98379889485717        53.49989192518059    
    324.5000000000000        2.082329632396884        18.39230958878604        339.2803617489041        6277.318809228715        52.98880090200106        54.49988760377022    
    325.5000000000000        2.179983886015228        18.62281598299077        347.8665324807787        6517.908149624832        52.99405385855317        55.49988306555410    
    326.5000000000000        2.283960790183369        18.86032614460763        356.8258390589058        6772.158698620817        52.99958058869293        56.49987829081353    
    327.5000000000000        2.394674954887546        19.10497745852770        366.1736229137453        7040.878846254423        53.00540671172823        57.49987325741481    
    328.5000000000000        2.512620265819966        19.35692421170229        375.9264349740138        7324.943150625106        53.01156108612471        58.49986794042579    
    329.5000000000000        2.638297950008143        19.61631503135438        386.1012684314635        7625.274759938853        53.01807634086509        59.49986231165693    
    330.5000000000000        2.772237853544496        19.88330001526448        396.7157989882299        7942.853327327023        53.02498951486123        60.49985633910856    
    331.5000000000000        2.915060461857396        20.15802910599406        407.7883447464233        8278.716315665479        53.03234283095800        61.49984998630242    
    332.5000000000000        3.067360196567853        20.44065034679789        419.3378470933847        8633.962036912104        53.04018463878865        62.49984321146710    
    333.5000000000000        3.229825501991074        20.73130303857775        431.3835335745092        9009.739607030993        53.04857057108291        63.49983596653883    
    334.5000000000000        3.403160464923599        21.03013076570331        443.9455752759728        9407.275645066093        53.05756497202157        64.49982819592755    
    335.5000000000000        3.588176195588192        21.33726904292819        457.0444656337308        9827.853403389488        53.06724267536268        65.49981983498088    
    336.5000000000000        3.785658240768149        21.65285196095860        470.7014209028052        10272.83223333874        53.07769123652302        66.49981080805529    
    337.5000000000000        3.996533421507374        21.97700103004046        484.9377962661623        10743.62791771513        53.08901375984000        67.49980102607370    
    338.5000000000000        4.221735274769023        22.30984222999684        499.7759556380933        11241.74779117809        53.10133251478455        68.49979038340140    
    339.5000000000000        4.462271828153908        22.65148820158595        515.2383653278492        11768.76012273055        53.11479361050939        69.49977875380689    
    340.5000000000000        4.719248102893480        23.00203836804242        531.3476504052641        12326.30001029912        53.12957310862645        70.49976598518100    
    341.5000000000000        4.993810993604626        23.36160721435582        548.1279523167821        12916.12216200708        53.14588511837375        71.49975189254292    
    342.5000000000000        5.287191698205847        23.73027230601773        565.6023744155664        13540.00934203901        53.16399266707143        72.49973624864811    
    343.5000000000000        5.600739610828319        24.10811513321243        583.7948255686381        14199.83807099166        53.18422252316945        73.49971877118168    
    344.5000000000000        5.935906915517415        24.49521150730654        602.7299054047432        14897.59065592443        53.20698575676897        74.49969910499452    
    345.5000000000000        6.294161483486633        24.89158726517320        622.4301489845056        15635.23542732396        53.23280680715302        75.49967679698895    
    346.5000000000000        6.677135786391334        25.29732919254772        642.9220348630533        16414.97300505268        53.26236546786041        76.49965125984384    
    347.5000000000000        7.086519273171330        25.71244234576658        664.2284779978298        17238.94373294370        53.29655902216799        77.49962171832946    
    348.5000000000000        7.524194449320450        26.13697568833366        686.3752377566228        18109.47646590482        53.33659679255506        78.49958712761473    
    349.5000000000000        7.992214229765455        26.57092964183077        709.3861740957776        19028.90918662484        53.38414870954236        79.49954604489979    
    350.5000000000000        8.492492749009456        27.01432111452123        733.2865684933531        19999.71980690873        53.44158769499789        80.49949641998577    
    351.5000000000000        9.027445321283066        27.46712957609993        758.1001848809015        21024.40907932534        53.51240309840635        81.49943523803772    
    352.5000000000000        9.599459316995166        27.92933697679546        783.8513382167569        22105.58420381088        53.60194478279687        82.49935787662329    
    353.5000000000000        10.21110084724892        28.40093691437016        810.5656315895475        23246.00270485060        53.71885379366559        83.49925686941926    
    354.5000000000000        10.86536262216716        28.88189539796207        838.2674803350624        24448.46100311641        53.87805295023399        84.49911932175795    
    355.5000000000000        11.56523734818730        29.37214301225810        866.9795632913152        25715.76693561377        54.10772197945580        85.49892088212009    
    356.5000000000000        12.31408200285074        29.87164497589474        896.7268364040716        27050.91739988114        54.46821667225954        86.49860938769177    
    357.5000000000000        13.11536615831935        30.38028232340389        927.5295034208249        28456.78660734733        55.11630561295429        87.49804931652984    
    358.5000000000000        13.97301492554695        30.89796270191896        959.4092813262722        29936.39503495900        56.62521547336703        88.49674478646270    
    359.5000000000000        14.89144776367151        31.42458245978017        992.3873364429529        31492.82558938327        64.04964942019154        89.49030078823499    
