 # author: MA Kubiak / Space Research Center PAS Warsaw Poland, contact: mkubiak@cbk.waw.pl                          
 # code version Program.keplerV_ellipt_V2      , Dates: calkV:20/04/2026  ; part_pr:20/04/2026                       
 # czas no T v_mas, kier.naplywu(dl, szer) macierz obrotu (ecl to helio), r, theta, phi(ecl,spher), V_detector(ecl,cart), IBEX_energy_channel
 #     2026.079296000000        0.8088930000000000E-03     9480.000000000000        -11.28000000301609         251.5700000000000         11.95000000000000        0.2459841265748581        0.9692738567985851         0.000000000000000       -0.9615244635393438        0.2440174711049008        0.1261989691358298        0.1223213615382913       -0.3104294319752456E-01    0.9920049496797150        0.9759250000000000         129.6259800000000       -0.4710999999999999E-02    -23.11100000000000        -18.90500000000000        0.4900000000000001E-01 00
 # routs_end= 150.00;    Maxwellian,    elliptOrb=Off                                                                                        
 # Numerical parameters: GridKl=10  GridKf=09  GridKV=05  epsV= 0.0000100  epssJon=.0010000                                                  
 # Numerical parameters: GridKl=10  GridKf=09  GridKV=05  epsV= 0.0000100  epssJon=.0010000; tessel128                                                                                                                                                                                                                                                                                                                                                                                                                                                                 
# Axis to the Sun: alpha_ecl= 305.6960000000000000 delta_Ecl= 0.0980000000000000 delta_Ax= 90.0000000000000000  repoint= 00141
 #  flag_atom: He                                                   
 #  flag_general:                                                   
 #                                                                  
 #                                                                  
  # Ly_a_Profil: zero                                               
  # flag_Itot: zero                                                 
 #  v_SW_Eqtr: speed3D.hybrid2026c_patched.dat                      
 #  n_SW_Eqtr: density3D.hybrid2026c_patched.dat                    
 #  phot_Eqtr: 0.8500000  phion_Helium_T12F107_2026c.dat            
 #  sigma_SW: p+He->H +He+, He + alpha (2 chnls);src:simuLosses.nb  
 #  flag_el:slow  swEqtrElectrons5.2026c.patched.dat                
 #  SW_lati: interpolation                                          
 #  phot_lati: analit pole-flattened after Pryor & Auchere          
 #
 #
 #
 #Spin  flux speed	speed^2 speed^3    long_ecl lat_ecl
   0.5000000000000000        48.18990351748565        32.27184038806131        1046.760348704690        34122.98422555838        204.6068870656894        89.49048424130599    
    1.500000000000000        51.51051339416723        32.81962233886520        1082.577297384630        35888.20450917626        211.9588442058413        88.49680030090362    
    2.500000000000000        55.07903151438358        33.37586237864857        1119.558161517595        37741.36326486850        213.4525817644906        87.49807865095381    
    3.500000000000000        58.91572003317278        33.94035190200776        1157.716598020843        39685.53937490310        214.0941349102225        86.49862747052286    
    4.500000000000000        63.04241087223945        34.51288919408329        1197.066207082022        41723.87220071979        214.4509909746654        85.49893270528051    
    5.500000000000000        67.48266697299488        35.09324090119012        1237.617861734301        43859.42263387666        214.6783410233022        84.49912715666957    
    6.500000000000000        72.26189430166394        35.68117759127035        1279.381845709242        46095.26453523729        214.8359324510164        83.49926193973114    
    7.500000000000000        77.40870365533476        36.27645714373764        1322.366879220514        48434.44366451057        214.9516606986205        82.49936091670720    
    8.500000000000000        82.95418477620068        36.87882816369141        1366.580283957448        50879.98057178676        215.0402979725839        81.49943672314298    
    9.500000000000000        88.93245856221662        37.48797203494908        1412.023202784926        53434.57305761507        215.1103980830310        80.49949667530997    
    10.50000000000000        95.38019247909004        38.10363552144300        1458.700661012235        56101.16886418884        215.1672568744094        79.49954530273777    
    11.50000000000000        102.3399286599221        38.72550746585843        1506.612206576219        58882.42644605662        215.2143284595214        78.49958555966595    
    12.50000000000000        109.8557952072178        39.35325740382093        1555.754750971489        61780.87011850913        215.2539617957013        77.49961945508552    
    13.50000000000000        117.9802472720724        39.98661092213226        1606.128152451420        64799.19323220031        215.2878099475850        76.49964840279615    
    14.50000000000000        126.7657708104757        40.62518412970122        1657.722033468737        67939.46271520192        215.3170700232720        75.49967342662764    
    15.50000000000000        136.2760767917750        41.26866370631402        1710.530235798133        71203.98624481421        215.3426302430225        74.49969528622745    
    16.50000000000000        146.5782923884475        41.91666786907486        1764.539226983790        74594.57924166479        215.3651635339475        73.49971455711122    
    17.50000000000000        157.7454254498647        42.56881354389486        1819.733686443004        78112.90603415448        215.3851890379981        72.49973168326908    
    18.50000000000000        169.8648266297503        43.22474339169064        1876.098505105540        81760.58137254934        215.4031136730181        71.49974701271151    
    19.50000000000000        183.0240353287697        43.88404478353782        1933.612312379031        85538.77686786829        215.4192609067012        70.49976082207863    
    20.50000000000000        197.3306944029954        44.54635227518986        1992.255530828075        89448.68222846562        215.4338911094496        69.49977333404712    
    21.50000000000000        212.8965282099833        45.21126910666481        2052.004203058921        93491.13658875991        215.4472162277040        68.49978472987969    
    22.50000000000000        229.8492416957184        45.87838398104661        2112.830620432621        97666.60099165274        215.4594105446020        67.49979515862790    
    23.50000000000000        248.3320282134456        46.54727103940628        2174.703796259345        101975.2131875692        215.4706186933782        66.49980474398589    
    24.50000000000000        268.5008308118174        47.21749084212161        2237.589167274925        106416.7317541723        215.4809617083967        65.49981358946508    
    25.50000000000000        290.5344173754475        47.88861578747956        2301.450824920486        110990.6677473595        215.4905416524822        64.49982178235204    
    26.50000000000000        314.6261690995844        48.56021336484815        2366.250483843356        115696.2451581295        215.4994451966048        63.49982939676971    
    27.50000000000000        340.9969595738404        49.23181055268202        2431.943414476586        120532.0454346786        215.5077464185831        62.49983649607098    
    28.50000000000000        369.8883158556685        49.90297417131610        2498.486247588918        125496.5670533935        215.5155090126189        61.49984313472854    
    29.50000000000000        401.5734531258458        50.57322998131212        2565.829326591918        130587.6683500030        215.5227880494620        60.49984935983991    
    30.50000000000000        436.3526490096914        51.24209120782521        2633.918876404018        135802.6706629934        215.5296313903364        59.49985521233700    
    31.50000000000000        474.5616832550770        51.90907364828281        2702.699133830093        141138.5496215415        215.5360808315678        58.49986072796478    
    32.50000000000000        516.5735544922346        52.57370540826839        2772.113017120686        146591.9541440009        215.5421730379151        57.49986593807965    
    33.50000000000000        562.8024852640015        53.23549848985120        2842.099318091452        152158.9834526549        215.5479403087551        56.49987087030460    
    34.50000000000000        613.7055069742277        53.89395742206144        2912.593517502988        157835.2333317252        215.5534112110363        55.49987554907061    
    35.50000000000000        669.7923271869986        54.54858136133138        2983.527854189368        163615.7757041298        215.5586111052698        54.49987999606638    
    36.50000000000000        731.6196157811014        55.19887232458460        3054.832410187282        169495.2507916534        215.5635625850740        53.49988423061439    
    37.50000000000000        799.8055239612712        55.84433732182006        3126.435373990217        175467.8806234490        215.5682858464071        52.49988826998653    
    38.50000000000000        875.0283168879226        56.48447075607179        3198.261135716490        181527.3030624764        215.5727989992743        51.49989212967078    
    39.50000000000000        958.0328970537622        57.11878669759384        3270.233975803792        187666.8786131786        215.5771183321028        50.49989582359726    
    40.50000000000000        1049.628638641969        57.74678171320803        3342.273828511194        193879.3153128065        215.5812585369671        49.49989936433086    
    41.50000000000000        1150.698124778659        58.36796091601463        3414.299357291684        200156.9330871235        215.5852329022682        48.49990276323601    
    42.50000000000000        1262.195134596273        58.98182055826077        3486.226026384306        206491.4937130866        215.5890534782277        47.49990603061827    
    43.50000000000000        1385.145340930990        59.58788011995356        3557.969921126900        212874.5339085682        215.5927312195736        46.49990917584626    
    44.50000000000000        1520.655493642218        60.18566975302949        3629.446511793616        219297.2707941972        215.5962761090040        45.49991220745734    
    45.50000000000000        1669.900695483762        60.77474984597100        3700.573194469950        225750.8418987831        215.5996972643887        44.49991513324923    
    46.50000000000000        1834.116920077643        61.35466369477827        3771.263569301346        232225.7783137198        215.6030030321569        43.49991796035994    
    47.50000000000000        2014.602399669854        61.92498227076806        3841.432982513161        238712.5148524283        215.6062010689076        42.49992069533747    
    48.50000000000000        2212.702411255208        62.48528272459092        3910.996161825150        245201.1929960012        215.6092984129430        41.49992334420108    
    49.50000000000000        2429.797061426122        63.03515648283998        3979.868324371499        251681.7704043306        215.6123015471523        40.49992591249504    
    50.50000000000000        2667.284021324857        63.57422652465625        4047.967568230976        258144.2648336756        215.6152164544438        39.49992840533599    
    51.50000000000000        2926.556026393406        64.10212776407013        4115.212638539458        264578.5640026479        215.6180486667409        38.49993082745493    
    52.50000000000000        3208.966265870815        64.61852875646836        4181.525868653728        270974.7230241219        215.6208033084011        37.49993318323425    
    53.50000000000000        3515.800407644063        65.12310775500039        4246.830178759452        277322.6819660736        215.6234851347874        36.49993547674082    
    54.50000000000000        3848.235417089740        65.61556050835614        4311.050330686868        283612.4119754559        215.6260985666176        35.49993771175526    
    55.50000000000000        4207.289510578610        66.09560187338559        4374.113254242167        289833.9601405680        215.6286477206247        34.49993989179828    
    56.50000000000000        4593.789187284094        66.56298002506963        4435.950156155389        295977.6841026015        215.6311364369863        33.49994202015402    
    57.50000000000000        5008.306656223956        67.01746911805964        4496.495758669316        302034.1997954805        215.6335683039181        32.49994409989119    
    58.50000000000000        5451.106070485748        67.45886636580957        4555.688043979018        307994.3726674312        215.6359466797731        31.49994613388188    
    59.50000000000000        5922.085141463612        67.88699616408768        4613.468951175558        313849.4063136377        215.6382747129392        30.49994812481863    
    60.50000000000000        6420.715584978744        68.30170108121388        4669.783324319496        319590.7568335886        215.6405553597945        29.49995007522974    
    61.50000000000000        6946.030484057830        68.70285806500635        4724.581315057112        325210.4032154832        215.6427914009407        28.49995198749325    
    62.50000000000000        7496.516060222953        69.09035534225859        4777.815284337586        330700.5402703098        215.6449854559100        27.49995386384938    
    63.50000000000000        8070.110791331898        69.46409896348314        4829.440815060630        336053.6999392260        215.6471399965166        26.49995570641206    
    64.50000000000000        8664.163389437606        69.82401068484306        4879.416482749857        341262.7394746909        215.6492573589997        25.49995751717928    
    65.50000000000000        9275.397324356603        70.17002597988410        4927.703691000745        346320.8411090848        215.6513397550915        24.49995929804251    
    66.50000000000000        9899.921887245397        70.50208686694165        4974.265735202807        351221.4262614085        215.6533892821243        23.49996105079541    
    67.50000000000000        10533.21375160503        70.82014793763594        5019.068690392842        355958.2587888344        215.6554079322786        22.49996277714173    
    68.50000000000000        11170.17848478568        71.12416835152749        5062.080331888205        360525.3413350256        215.6573976010627        21.49996447870248    
    69.50000000000000        11805.12026242773        71.41411494919836        5103.270606238912        364916.9735886569        215.6593600951045        20.49996615702275    
    70.50000000000000        12431.88020673814        71.68996473725143        5142.612017655684        369127.8022364342        215.6612971393245        19.49996781357768    
    71.50000000000000        13043.91420378599        71.95170579020905        5180.079805870188        373152.8501306265        215.6632103835562        18.49996944977822    
    72.50000000000000        13634.35274924569        72.19932967741261        5215.650881685451        376987.4087773017        215.6651014086674        17.49997106697633    
    73.50000000000000        14196.16966042691        72.43283414572495        5249.304204184649        380627.0824005770        215.6669717322359        16.49997266646987    
    74.50000000000000        14722.32890976035        72.65222777116055        5281.021495820466        384067.8745251934        215.6688228138227        15.49997424950704    
    75.50000000000000        15205.91560739561        72.85751192309293        5310.784580716792        387305.8972507664        215.6706560598849        14.49997581729066    
    76.50000000000000        15640.31175111193        73.04869725115670        5338.577861382037        390337.6540346586        215.6724728283654        13.49997737098206    
    77.50000000000000        16019.39066324065        73.22579669687646        5364.387243841507        393159.9193880023        215.6742744329909        12.49997891170471    
    78.50000000000000        16337.65679099859        73.38882014023473        5388.199379472234        395769.6618341579        215.6760621473109        11.49998044054777    
    79.50000000000000        16590.40873324057        73.53777313873314        5410.001470124234        398164.0243122694        215.6778372085041        10.49998195856929    
    80.50000000000000        16773.85427773215        73.67266262391840        5429.782116775185        400340.4219692986        215.6796008209771        9.499983466799252    
    81.50000000000000        16885.24349409880        73.79348740287394        5447.529886820913        402296.3825673616        215.6813541597789        8.499984966242573    
    82.50000000000000        16922.92107680697        73.90023778081468        5463.233252525065        404029.5413295735        215.6830983738531        7.499986457881840    
    83.50000000000000        16886.36180221695        73.99289851468914        5476.881042002461        405537.6946556172        215.6848345891472        6.499987942679930    
    84.50000000000000        16776.23275723750        74.07145039146589        5488.462663318733        406818.8258443571        215.6865639115959        5.499989421582653    
    85.50000000000000        16594.31980367532        74.13586533098663        5497.967364516117        407871.0227556835        215.6882874299989        4.499990895521157    
    86.50000000000000        16343.51685411211        74.18611330617422        5505.385300896502        408692.6025871258        215.6900062188060        3.499992365414282    
    87.50000000000000        16027.69634356832        74.22216031629776        5510.707207006137        409282.0733375123        215.6917213408272        2.499993832170948    
    88.50000000000000        15651.60995456059        74.24395910117249        5513.922990269485        409637.9747604380        215.6934338498814        1.499995296692386    
    89.50000000000000        15220.78140043571        74.25146832401340        5515.024683300075        409759.2198687521        215.6951447933982       0.4999967598743260    
    90.50000000000000        14741.30046540315        74.24463930521378        5514.004411808688        409644.8616745053        215.6968552149862      -0.5000017773907351    
    91.50000000000000        14219.70930120460        74.22342109655504        5510.855186757851        409294.1859879734        215.6985661569820       -1.500000314211389    
    92.50000000000000        13662.86377323343        74.18775848757818        5505.570614377734        408706.6795986061        215.7002786629918       -2.499998849695179    
    93.50000000000000        13077.73097707390        74.13759882735907        5498.145942881632        407882.1503552367        215.7019937804405       -3.499997382946348    
    94.50000000000000        12471.23754870979        74.07288209609254        5488.576570325906        406820.5580968261        215.7037125631402       -4.499995913063674    
    95.50000000000000        11850.16053040382        73.99355331358203        5476.859943554883        405522.2317367684        215.7054360738913       -5.499994439138293    
    96.50000000000000        11220.99019730307        73.89955720167755        5462.994756804510        403987.7776857604        215.7071653871322       -6.499992960251346    
    97.50000000000000        10589.81153215980        73.79084111170016        5446.981420538300        402218.1344215189        215.7089015916481       -7.499991475471719    
    98.50000000000000        9962.224118673885        73.66735752761947        5428.822432937516        400214.6119914170        215.7106457933573       -8.499989983853641    
    99.50000000000000        9343.301392450148        73.52906451216880        5408.522456622725        397978.8996381942        215.7123991181878       -9.499988484434260    
    100.5000000000000        8737.503348477478        73.37591762036709        5386.087106608423        395512.9270673567        215.7141627150615       -10.49998697623102    
    101.5000000000000        8148.705489483442        73.20788577130257        5361.525357468761        392819.1356489862        215.7159377590027       -11.49998545823906    
    102.5000000000000        7580.130611394237        73.02494541441128        5334.848623366170        389900.3667626370        215.7177254543906       -12.49998392942843    
    103.5000000000000        7034.390248889917        72.82707752793682        5306.070321496870        386759.8110650821        215.7195270383735       -13.49998238874115    
    104.5000000000000        6513.510366228583        72.61427791708158        5275.207401822036        383401.1753887014        215.7213437844676       -14.49998083508811    
    105.5000000000000        6018.956211765857        72.38654908242515        5242.279098630127        379828.5352706796        215.7231770063631       -15.49997926734591    
    106.5000000000000        5551.678329324970        72.14391109204256        5207.308513447817        376046.5040087323        215.7250280619628       -16.49997768435327    
    107.5000000000000        5112.175517677507        71.88639702852487        5170.321889885444        372060.1422140854        215.7268983576805       -17.49997608490744    
    108.5000000000000        4700.527609755757        71.61405180482470        5131.348418198052        367874.9294220321        215.7287893530300       -18.49997446776033    
    109.5000000000000        4316.462527481558        71.32693756330303        5090.420951323327        363496.8300425435        215.7307025655383       -19.49997283161415    
    110.5000000000000        3959.415714869578        71.02514212606467        5047.577153353338        358932.4056297258        215.7326395760180       -20.49997117511703    
    111.5000000000000        3628.571798163697        70.70876602911288        5002.857537281207        354188.5874050549        215.7346020342432       -21.49996949685814    
    112.5000000000000        3322.920536949628        70.37793735717763        4956.307540044984        349272.8892686802        215.7365916650703       -22.49996779536243    
    113.5000000000000        3041.303826191087        70.03279921023446        4907.975593902474        344193.1811438377        215.7386102750581       -23.49996606908494    
    114.5000000000000        2782.462002607821        69.67351600211627        4857.913902764390        338957.7545632528        215.7406597596408       -24.49996431640478    
    115.5000000000000        2545.062845765480        69.30027485775848        4806.178552595166        333575.3205846737        215.7427421109191       -25.49996253561833    
    116.5000000000000        2327.739765995606        68.91328437863022        4752.829213307195        328054.9606199267        215.7448594261391       -26.49996072493213    
    117.5000000000000        2129.122404154580        68.51277176691883        4697.928624202980        322406.0562990095        215.7470139169409       -27.49995888245479    
    118.5000000000000        1947.854257774636        68.09897646822456        4641.541544207581        316638.1584722055        215.7492079194645       -28.49995700618852    
    119.5000000000000        1782.613940618734        67.67216829176606        4583.737121688570        310761.2154658989        215.7514439054170       -29.49995509401963    
    120.5000000000000        1632.122309297171        67.23261674059678        4524.584553570980        304785.1089835597        215.7537244942162       -30.49995314370798    
    121.5000000000000        1495.165805651219        66.78061394557783        4464.156094943161        298719.9468169630        215.7560524663400       -31.49995115287585    
    122.5000000000000        1370.595035610064        66.31645803994924        4402.524689432104        292575.8079373287        215.7584307780336       -32.49994911899514    
    123.5000000000000        1257.331190362587        65.84046578652354        4339.765522809647        286362.8821409727        215.7608625775418       -33.49994703937352    
    124.5000000000000        1154.365195288945        65.35296573915606        4275.954957035012        280091.3466199721        215.7633512230631       -34.49994491113917    
    125.5000000000000        1060.763237672144        64.85429664370909        4211.170239935559        273771.3278983466        215.7659003026471       -35.49994273122374    
    126.5000000000000        975.6617729927873        64.34480043528431        4145.488429851835        267412.7796865572        215.7685136562916       -36.49994049634330    
    127.5000000000000        898.2707560081204        63.82483485611809        4078.987915529312        261025.6191029201        215.7711954005355       -37.49993820297752    
    128.5000000000000        827.8626789155328        63.29474551447882        4011.744719437274        254619.3600239925        215.7739499558869       -38.49993584734616    
    129.5000000000000        763.7734138951487        62.75489738797138        3943.836470342255        248203.4911173844        215.7767820774816       -39.49993342538270    
    130.5000000000000        705.4001033824989        62.20565302356675        3875.339541165408        241787.1945211845        215.7796968894309       -40.49993093270517    
    131.5000000000000        652.1952158297200        61.64740358544454        3806.332780337038        235379.6839734020        215.7826999233909       -41.49992836458308    
    132.5000000000000        603.6628767967245        61.08050465331496        3736.889423773102        228989.4418145189        215.7857971619797       -42.49992571590023    
    133.5000000000000        559.3525183624943        60.50533949362890        3667.084874691841        222624.9409086945        215.7889950877703       -43.49992298111293    
    134.5000000000000        518.8582156731608        59.92228366135366        3596.992248003087        216294.2283409619        215.7923007387208       -44.49992015420252    
    135.5000000000000        481.8151648921188        59.33172656356329        3526.685065595574        210005.1819638782        215.7957217710539       -45.49991722862159    
    136.5000000000000        447.8922517680587        58.73407447643514        3456.237312732013        203765.4916126915        215.7992665307879       -46.49991419723289    
    137.5000000000000        416.7938031975132        58.12971474556638        3385.719067412071        197582.2656939477        215.8029441353422       -47.49991105223947    
    138.5000000000000        388.2489667830872        57.51902867629271        3315.198235709974        191462.2066810763        215.8067645669206       -48.49990778510479    
    139.5000000000000        362.0169483801378        56.90242681155667        3244.744250406688        185411.9082660281        215.8107387797072       -49.49990438646117    
    140.5000000000000        337.8834932565912        56.28028942954978        3174.421552556633        179437.3255093684        215.8148788233244       -50.49990084600413    
    141.5000000000000        315.6510973101719        55.65304635118025        3104.298316100060        173544.4977242204        215.8191979855113       -51.49989715237030    
    142.5000000000000        295.1452589631654        55.02110081096133        3034.437889737846        167738.8338214586        215.8237109576091       -52.49989329299609    
    143.5000000000000        276.2074330967890        54.38485748835284        2964.902017346054        162025.3958020757        215.8284340272311       -53.49988925395281    
    144.5000000000000        258.6933330424601        53.74473852473074        2895.752163586684        156408.9822955229        215.8333853034767       -54.49988501975398    
    145.5000000000000        242.4769321234189        53.10113754989952        2827.044776984517        150893.7713457782        215.8385849812928       -55.49988057312947    
    146.5000000000000        227.4402346261986        52.45442856268539        2758.832302356606        145483.4152032715        215.8440556531653       -56.49987589475878    
    147.5000000000000        213.4823069057583        51.80505503730490        2691.172488057325        140181.7825475858        215.8498226783335       -57.49987096295535    
    148.5000000000000        200.5079141270270        51.15337099521805        2624.111802827763        134991.6638292300        215.8559146223122       -58.49986575329071    
    149.5000000000000        188.4352268656853        50.49982493464400        2557.704527044622        129916.2724540260        215.8623637828567       -59.49986023814462    
    150.5000000000000        177.1875968788067        49.84480451696510        2491.996477103077        124957.9712633127        215.8692068228845       -60.49985438616387    
    151.5000000000000        166.6971598683078        49.18873860465792        2427.035620204009        120119.1131572161        215.8764855366216       -61.49984816160708    
    152.5000000000000        156.9011557313770        48.53202062583310        2362.864153177898        115401.4353473446        215.8842477828876       -62.49984152354658    
    153.5000000000000        147.7444578155671        47.87503202592528        2299.521072211999        110806.2804338473        215.8925486296655       -63.49983442488944    
    154.5000000000000        139.1770456823305        47.21818574645336        2237.046465320355        106334.9239260534        215.9014517679574       -64.49982681116867    
    155.5000000000000        131.1519236631727        46.56187660828964        2175.476418620400        101988.1935455516        215.9110312718614       -65.49981861903768    
    156.5000000000000        123.6289436578725        45.90649230245614        2114.844562106086        97766.62434953444        215.9213738079956       -66.49980977438106    
    157.5000000000000        116.5702797740376        45.25242731773073        2055.182908168610        93670.49525317168        215.9325814340617       -67.49980018992109    
    158.5000000000000        109.9419113401167        44.60006578192423        1996.520661926931        89699.78415961091        215.9447751783520       -68.49978976215679    
    159.5000000000000        103.7130948529777        43.94982130940517        1938.887778446740        85854.41352083821        215.9580996668489       -69.49977836740656    
    160.5000000000000        97.85594446020430        43.30204267279735        1882.306223709834        82133.65360751009        215.9727291739580       -70.49976585663394    
    161.5000000000000        92.34512893033346        42.65713895878027        1826.801660815577        78536.94914376689        215.9888756355090       -71.49975204859454    
    162.5000000000000        87.15676599292274        42.01544357771647        1772.391146196655        75063.09110451472        216.0067994088814       -72.49973672063417    
    163.5000000000000        82.27019184848967        41.37734194117405        1719.094488777912        71710.98597072525        216.0268239456077       -73.49971959614068    
    164.5000000000000        77.66624324601176        40.74317568563432        1666.925984357686        68479.12580324245        216.0493561432270       -74.49970032713877    
    165.5000000000000        73.32567161203310        40.11330552123680        1615.899923704016        65365.95919435996        216.0749151178230       -75.49967846968305    
    166.5000000000000        69.23283363820498        39.48808394600703        1566.028122679685        62369.73177215916        216.1041737630331       -76.49965344831597    
    167.5000000000000        65.37282038062403        38.86785570074601        1517.320255481074        59488.53107962825        216.1380202550200       -77.49962450346661    
    168.5000000000000        61.73108171372091        38.25291951121846        1469.780942400781        56720.12733993090        216.1776516425861       -78.49959061140818    
    169.5000000000000        58.29492095120787        37.64362409088070        1423.417272623004        54062.42114506922        216.2247209087048       -79.49955035848309    
    170.5000000000000        55.05237836711384        37.04027183518453        1378.231333266542        51513.01471844324        216.2815768950459       -80.49950173590206    
    171.5000000000000        51.99225849517275        36.44317252339964        1334.224588238613        49069.48353055722        216.3516735449961       -81.49944178972130    
    172.5000000000000        49.10393624190673        35.85262397382045        1291.396418386570        46729.29722876255        216.4403064445241       -82.49936599086385    
    173.5000000000000        46.37749672150568        35.26891708181851        1249.744605964679        44489.85771502055        216.5560289888658       -83.49926702378717    
    174.5000000000000        43.80417068021080        34.69231976846439        1209.264279251341        42348.44988342102        216.7136126738988       -84.49913225419968    
    175.5000000000000        41.37470773762831        34.12307230092298        1169.947692420718        40302.23930835847        216.9409516139307       -85.49893782221457    
    176.5000000000000        39.08155475499136        33.56139454239455        1131.784943853928        38348.32343570289        217.2977904111044       -86.49863261779396    
    177.5000000000000        36.91739970800543        33.00755776724591        1094.768863649597        36483.98377801156        217.9393130831067       -87.49808385232164    
    178.5000000000000        34.87480495032478        32.46169123711002        1058.882253812468        34706.05437746718        219.4329827156326       -88.49680562578699    
    179.5000000000000        32.94739563307994        31.92406388652913        1024.116464959772        33011.84451432280        226.7846735230586       -89.49049012015588    
    180.5000000000000        31.12867119955349        31.39480791789374        990.4543443569424        31398.35659235692        24.60755316827206       -89.49048028928136    
    181.5000000000000        29.41284953628623        30.87410227806746        957.8796655766154        29862.59530919292        31.95905220067981       -88.49679562918982    
    182.5000000000000        27.79435541807399        30.36206684487833        926.3739763127878        28401.64689277281        33.45270592632768       -87.49807384210141    
    183.5000000000000        26.26769503698173        29.85886143251216        895.9204371474013        27012.69523461687        34.09422420056737       -86.49862260381079    
    184.5000000000000        24.82835321184201        29.36460148248859        866.4995857916427        25692.88973273612        34.45106118604262       -85.49892780668156    
    185.5000000000000        23.47108731018065        28.87937184590812        838.0901019300450        24439.37227121672        34.67839920857018       -84.49912223788196    
    186.5000000000000        22.19181468867367        28.40327637252754        810.6718703497453        23249.41865248692        34.83598236577433       -83.49925700701795    
    187.5000000000000        20.98595166399246        27.93638124567903        784.2229067671035        22120.31095789908        34.95170457890604       -82.49935597381142    
    188.5000000000000        19.84963874596123        27.47875404258338        758.7214197114281        21049.41592761480        35.04033725706304       -81.49943177247945    
    189.5000000000000        18.77912014295117        27.03041070101394        734.1430445955291        20034.07509403094        35.11043375178528       -80.49949171852751    
    190.5000000000000        17.77042118019846        26.59138731890049        710.4650824484640        19071.78998443125        35.16728962509551       -79.49954034101189    
    191.5000000000000        16.82043597475503        26.16167267608833        687.6624380351459        18160.03524578901        35.21435880636595       -78.49958059386441    
    192.5000000000000        15.92566266075159        25.74128984688093        665.7125881545613        17296.48223515616        35.25399012862119       -77.49961448586697    
    193.5000000000000        15.08307088653414        25.33018252297158        644.5891627383950        16478.72213671581        35.28783656926732       -76.49964343067245    
    194.5000000000000        14.28970966720201        24.92834796518721        624.2693487209989        15704.57307683411        35.31709517338983       -75.49966845200439    
    195.5000000000000        13.54279102761889        24.53574182038149        604.7286387558044        14971.85883492086        35.34265411459328       -74.49969030943151    
    196.5000000000000        12.83961954845760        24.15229792050687        585.9422141347083        14278.47371176643        35.36518628470773       -73.49970957840992    
    197.5000000000000        12.17787184684110        23.77801607995131        567.8891079078662        13622.52606748737        35.38521079851059       -72.49972670288382    
    198.5000000000000        11.55486018438522        23.41275668594106        550.5421248799049        13001.96391734423        35.40313455257793       -71.49974203082765    
    199.5000000000000        10.96863249767767        23.05651958130137        533.8817225101571        12415.09097829173        35.41928099771968       -70.49975583885302    
    200.5000000000000        10.41682307435370        22.70915999330505        517.8818796226063        11860.03453853478        35.43391049076440       -69.49976834961366    
    201.5000000000000        9.897396980604807        22.37057535336460        502.5196153169206        11335.10647511409        35.44723496711617       -68.49977974435348    
    202.5000000000000        9.408573584458372        22.04070470927418        487.7744473836737        10838.76206502394        35.45942870084701       -67.49979017210873    
    203.5000000000000        8.948302669735362        21.71933612863302        473.6196914796624        10369.30180363863        35.47063631767568       -66.49979975656079    
    204.5000000000000        8.515216365126358        21.40647851728965        460.0396349737593        9925.465362319685        35.48097884568307       -65.49980860121047    
    205.5000000000000        8.107382831591845        21.10185934794056        447.0062697534959        9505.617717627425        35.49055834240032       -64.49981679333533    
    206.5000000000000        7.723576253275678        20.80549489662140        434.5056429379152        9108.663094878939        35.49946147430654       -63.49982440705064    
    207.5000000000000        7.362157616831316        20.51713829559204        422.5124524603557        8733.161800690732        35.50776231538550       -62.49983150570290    
    208.5000000000000        7.021938884186656        20.23673047333126        411.0106340528058        8378.036317447715        35.51552455654480       -61.49983814375904    
    209.5000000000000        6.701595252897373        19.96410851698690        399.9801290497817        8042.115903796510        35.52280326568870       -60.49984436831190    
    210.5000000000000        6.399899643755540        19.69912241626541        389.4021551453956        7724.314777854226        35.52964630157052       -59.49985022028911    
    211.5000000000000        6.115800924279566        19.44166259919529        379.2603317250036        7423.663528261643        35.53609545836071       -58.49985573543196    
    212.5000000000000        5.848155330253714        19.19155950207492        369.5363249798851        7139.165674908615        35.54218739892931       -57.49986094509371    
    213.5000000000000        5.596003828268022        18.94868598513362        360.2142472780118        6869.938041904420        35.54795442099137       -56.49986587689448    
    214.5000000000000        5.358411889483994        18.71290222672851        351.2782480724940        6615.129667627349        35.55342509002701       -55.49987055526274    
    215.5000000000000        5.134472212943249        18.48403678125691        342.7117648996779        6373.898359627711        35.55862476524577       -54.49987500188502    
    216.5000000000000        4.923402829210604        18.26197461744125        334.5011069982338        6145.518826445688        35.56357603910777       -53.49987923608182    
    217.5000000000000        4.724411157738313        18.04655263697940        326.6311263549584        5929.246446851166        35.56829910653765       -52.49988327512322    
    218.5000000000000        4.536774598977699        17.83763822300259        319.0884588867902        5724.416664804074        35.57281207661510       -51.49988713449571    
    219.5000000000000        4.359812766862725        17.63509306882444        311.8599607095500        5530.393226235687        35.57713123693647       -50.49989082812795    
    220.5000000000000        4.192882339148428        17.43877419486028        304.9327947707538        5346.571088725671        35.58127127882808       -49.49989436858350    
    221.5000000000000        4.035388689753778        17.24855169997393        298.2950778984136        5172.393098968369        35.58524549001564       -48.49989776722575    
    222.5000000000000        3.886778606474183        17.06429080262400        291.9351526097841        5007.326915362674        35.58906592011005       -47.49990103435917    
    223.5000000000000        3.746521126847524        16.88586004433929        285.8419129781214        4850.873880624889        35.59274352328506       -46.49990417935141    
    224.5000000000000        3.614123324556769        16.71313047613716        280.0047171451953        4702.564190215981        35.59628828173526       -45.49990721073902    
    225.5000000000000        3.489121500114906        16.54597237683231        274.4132780423732        4561.953452512440        35.59970931287196       -44.49991013631892    
    226.5000000000000        3.371081022178052        16.38426076639171        269.0578306106647        4428.625678080140        35.60301496270596       -43.49991296322837    
    227.5000000000000        3.259601631530476        16.22787353049985        263.9290455807569        4302.189839408151        35.60621288745366       -42.49991569801479    
    228.5000000000000        3.154301692810102        16.07669040429088        259.0179826554910        4182.277744521558        35.60931012506716       -41.49991834669681    
    229.5000000000000        3.054832542718559        15.93059767351300        254.3162279552559        4068.546425702866        35.61231315811420       -40.49992091481814    
    230.5000000000000        2.960861155136726        15.78948128970271        249.8156455025394        3960.670922999586        35.61522796920802       -39.49992340749491    
    231.5000000000000        2.872077169769921        15.65323172646428        245.5085252669201        3858.347172342955        35.61806009000069       -38.49992582945765    
    232.5000000000000        2.788192545755772        15.52174315249053        241.3875406014160        3761.290148167952        35.62081464459945       -37.49992818508843    
    233.5000000000000        2.708936507831067        15.39491228709124        237.4456932741346        3669.231679735311        35.62349638813663       -36.49993047845356    
    234.5000000000000        2.634057325601537        15.27264161437964        233.6764103476787        3581.922288698051        35.62610974111710       -35.49993271333342    
    235.5000000000000        2.563320261184947        15.15483580592497        230.0734072052314        3499.126998088853        35.62865882007682       -34.49993489324838    
    236.5000000000000        2.496504123341626        15.04140080044039        226.6306441647669        3420.623643875052        35.63114746501113       -33.49993702148219    
    237.5000000000000        2.433402605111046        14.93224642449331        223.3424047215709        3346.204371051112        35.63357926396709       -32.49993910110332    
    238.5000000000000        2.373822292161953        14.82728535364176        220.2032489273948        3275.673941051209        35.63595757514091       -31.49994113498363    
    239.5000000000000        2.317580702044390        14.72643139854448        217.2079477440321        3208.847672810441        35.63828554677553       -30.49994312581532    
    240.5000000000000        2.264512043439068        14.62960464175395        214.3516372432129        3145.554717659561        35.64056613511420       -29.49994507612654    
    241.5000000000000        2.214458611183909        14.53672665540312        211.6296559552970        3085.633738934745        35.64280212063332       -28.49994698829511    
    242.5000000000000        2.167275641702259        14.44772349823461        209.0376299707536        3028.934543662683        35.64499612274891       -27.49994886456101    
    243.5000000000000        2.122826926933516        14.36252365258295        206.5713997840214        2975.316013847359        35.64715061316680       -26.49995070703800    
    244.5000000000000        2.080985332280593        14.28105853408627        204.2270272738058        2924.645927710338        35.64926792802571       -25.49995251772394    
    245.5000000000000        2.041632652863299        14.20326435386833        202.0008462283326        2876.801850872072        35.65135027896436       -24.49995429851007    
    246.5000000000000        2.004658578402549        14.12907946997136        199.8893750973925        2831.668871075958        35.65339976322798       -23.49995605118994    
    247.5000000000000        1.969960711222971        14.05844429970513        197.8893044503888        2789.138977867403        35.65541837291615       -22.49995777746720    
    248.5000000000000        1.937443046007785        13.99130135195129        195.9974937214288        2749.110805754867        35.65740800346215       -21.49995947896267    
    249.5000000000000        1.907016865625297        13.92759676479736        194.2110112710469        2711.490315005093        35.65937046142384       -20.49996115722132    
    250.5000000000000        1.878599814029066        13.86727976386920        192.5271121485434        2676.190081157845        35.66130747165704       -19.49996281371825    
    251.5000000000000        1.852114220029580        13.81030159288966        190.9432019291952        2643.128319361395        35.66322068393489       -18.49996444986422    
    252.5000000000000        1.827488419050148        13.75661632029212        189.4568547619768        2612.229093544844        35.66511167906961       -17.49996606701114    
    253.5000000000000        1.804657375445140        13.70618088718330        188.0658117717684        2583.422156107708        35.66698197458732       -16.49996766645681    
    254.5000000000000        1.783560591061670        13.65895485757386        186.7679681130869        2556.642488041243        35.66883303000137       -15.49996924944929    
    255.5000000000000        1.764143259846350        13.61490102845723        185.5613878496616        2531.830515704321        35.67066625172509       -14.49997081719133    
    256.5000000000000        1.746354009041031        13.57398455783463        184.4442722738408        2508.931236383531        35.67248299766078       -13.49997237084426    
    257.5000000000000        1.730145378786434        13.53617205658384        183.4149324154766        2487.893556600955        35.67428458149822       -12.49997391153141    
    258.5000000000000        1.715473782661997        13.50143338702689        182.4718373196265        2468.671228246493        35.67607227675326       -11.49997544034190    
    259.5000000000000        1.702301137382583        13.46974087855706        181.6135898703040        2451.222260344014        35.67784732057384       -10.49997695833379    
    260.5000000000000        1.690593656103825        13.44106951165596        180.8389288159524        2435.508865791558        35.67961091733871       -9.499978466536918    
    261.5000000000000        1.680321062794566        13.41539575985700        180.1466926958026        2421.496597808307        35.68136424207213       -8.499979965956209    
    262.5000000000000        1.671459320318746        13.39270010301329        179.5358913954402        2409.155862537986        35.68310844369566       -7.499981457574238    
    263.5000000000000        1.663986661527196        13.37296482775604        179.0056392062975        2398.460374551715        35.68484464813702       -6.499982942353787    
    264.5000000000000        1.657885593882600        13.35617416064543        178.5551583788026        2389.387210649440        35.68657396131432       -5.499984421240667    
    265.5000000000000        1.653142257467360        13.34231538523180        178.1838090648780        2381.917399491614        35.68829747201277       -4.499985895166041    
    266.5000000000000        1.649747218810429        13.33137664043633        177.8910258043861        2376.034532596778        35.69001625467038       -3.499987365048654    
    267.5000000000000        1.647694140711945        13.32334856167981        177.6763631992703        2371.725711075755        35.69173137208772       -2.499988831797446    
    268.5000000000000        1.646981684332437        13.31822554868823        177.5395316623811        2368.982297784212        35.69344387807661       -1.499990296313675    
    269.5000000000000        1.647610442847251        13.31600384683203        177.4803415836730        2367.798689058709        35.69515482006189      -0.4999917594929878    
    270.5000000000000        1.649583602040907        13.31668099114217        177.4986876921066        2368.171981290347        35.69686524164992       0.5000067777720862    
    271.5000000000000        1.652903848737000        13.32025730415238        177.5945896686283        2370.102797777776        35.69857618517717        1.500005314590099    
    272.5000000000000        1.657577605963891        13.32673519548531        177.7681745364253        2373.594959494976        35.70028869425233        2.500003850068668    
    273.5000000000000        1.663614765943966        13.33612032942746        178.0197091322398        2378.656167424089        35.70200381630499        3.500002383311987    
    274.5000000000000        1.671029629232936        13.34842112450638        178.3495869529737        2385.297747937233        35.70372260515413        4.500000913418789    
    275.5000000000000        1.679839746358255        13.36364734676123        178.7582881821955        2393.533804530820        35.70544612360983        5.499999439480266    
    276.5000000000000        1.690063953946253        13.38181107267244        179.2464067679117        2403.381799721736        35.70717544612211        6.499997960577502    
    277.5000000000000        1.701727590461141        13.40292752033484        179.8146778036698        2414.863227329906        35.70891166149070        7.499996475779307    
    278.5000000000000        1.714860726107182        13.42701458879589        180.4639645755558        2428.003352990704        35.71065587565075        8.499994984139997    
    279.5000000000000        1.729498702922317        13.45409160826058        181.1952247407876        2442.830540779613        35.71240921454966        9.499993484696605    
    280.5000000000000        1.745680467216317        13.48418022087102        182.0095360080911        2459.376834382959        35.71417282713136        10.49999197646651    
    281.5000000000000        1.763452195439520        13.51730551076581        182.9081313299329        2477.678794100988        35.71594788844529        11.49999045844491    
    282.5000000000000        1.782864713661752        13.55349337115532        183.8923261175226        2497.776006472300        35.71773560289821        12.49998892960175    
    283.5000000000000        1.803976419402192        13.59277240443960        184.9635761469133        2519.712433164242        35.71953720766911        13.49998738887893    
    284.5000000000000        1.826847202632772        13.63517326643072        186.1234591706499        2543.536051738567        35.72135397630800        14.49998583518742    
    285.5000000000000        1.851540580047984        13.68072797046931        187.3736580769624        2569.298593215432        35.72318722254209        15.49998426740367    
    286.5000000000000        1.878123810432215        13.72947346406230        188.7160677418272        2597.057975067500        35.72503830431450        16.49998268436631    
    287.5000000000000        1.906669106237275        13.78144796464301        190.1526920659621        2626.876166920126        35.72690862808297        17.49998108487262    
    288.5000000000000        1.937255624017490        13.83669115746649        191.6856520489125        2658.819463850998        35.72879965340909        18.49997946767434    
    289.5000000000000        1.969968827829171        13.89524923370913        193.3173372672266        2692.961957082041        35.73071289787115        19.49997783147357    
    290.5000000000000        2.004897180590757        13.95716948791056        195.0502533793231        2729.382354937650        35.73264994233778        20.49997617491844    
    291.5000000000000        2.042135668023914        14.02250299646912        196.8871039721311        2768.165922302371        35.73461243664300        21.49997449659797    
    292.5000000000000        2.081790584884402        14.09130321099101        198.8307575650671        2809.404001238309        35.73660210570828        22.49997279503693    
    293.5000000000000        2.123975874399119        14.16362714321146        200.8842867293604        2853.195047476041        35.73862075616219        23.49997106869039    
    294.5000000000000        2.168813834598063        14.23953374928276        203.0509260971450        2899.643910088890        35.74067028351412        24.49996931593723    
    295.5000000000000        2.216442000427056        14.31908561208481        205.3341291075695        2948.863343560609        35.74275267994556        25.49996753507368    
    296.5000000000000        2.267006716744359        14.40234716150354        207.7375200091847        3000.973144228415        35.74487004278978        26.49996572430617    
    297.5000000000000        2.320667374850867        14.48938600557987        210.2649444769423        3056.101646903851        35.74702458378029        27.49996388174318    
    298.5000000000000        2.377594387206376        14.58026988318755        212.9203810089948        3114.383914665887        35.74921863915766        28.49996200538665    
    299.5000000000000        2.437962901887843        14.67506975255070        215.7080424586195        3175.964373799839        35.75145468073730        29.49996009312280    
    300.5000000000000        2.501970981917444        14.77386556015585        218.6325681237168        3241.001736796909        35.75373532805313        30.49995814271130    
    301.5000000000000        2.569819020272044        14.87673145501384        221.6985658252990        3309.658501109526        35.75606336170847        31.49995615177410    
    302.5000000000000        2.641728369123261        14.98374866527959        224.9110262395257        3382.111143484292        35.75844173808318        32.49995411778299    
    303.5000000000000        2.717937555319592        15.09500306671483        228.2752552726369        3458.548922260918        35.76087360556738        33.49995203804536    
    304.5000000000000        2.798703704306243        15.21058469379085        231.7968690557722        3539.174218339977        35.76336232251601        34.49994990968908    
    305.5000000000000        2.884302757164983        15.33058459556379        235.4817104776411        3624.201160549515        35.76591147714737        35.49994772964556    
    306.5000000000000        2.975025113184134        15.45509955355343        239.3360056434110        3713.859784008115        35.76852490964165        36.49994549463054    
    307.5000000000000        3.071187179582953        15.58422813400073        243.3662536525622        3808.394049950678        35.77120673673470        37.49994320112335    
    308.5000000000000        3.173135136090343        15.71807277467235        247.5793077569151        3908.064464091270        35.77396137914758        38.49994084534340    
    309.5000000000000        3.281240120551213        15.85674122243026        251.9824396423742        4013.150418285848        35.77679359224685        39.49993842322380    
    310.5000000000000        3.395899367076302        16.00033962097011        256.5831187568436        4123.945273138778        35.77970850039370        40.49993593038207    
    311.5000000000000        3.517542008418773        16.14897767459328        261.3892066949198        4240.762179260609        35.78271163551601        41.49993336208735    
    312.5000000000000        3.646626804392608        16.30276928049020        266.4089825836103        4363.935282248689        35.78580898052687        42.49993071322292    
    313.5000000000000        3.783633795776875        16.46182950132152        271.6510634931674        4493.818753630930        35.78900701832055        43.49992797824446    
    314.5000000000000        3.929081757469538        16.62628159280608        277.1246627843888        4630.794409955320        35.79231278720529        44.49992515113282    
    315.5000000000000        4.083522373566533        16.79624481473093        282.8391812325364        4775.261994238530        35.79573394378651        45.49992222533993    
    316.5000000000000        4.247563924489099        16.97184950725776        288.8047589231110        4927.654924876184        35.79927883450073        46.49991919372771    
    317.5000000000000        4.421851666524947        17.15322784706385        295.0319680441856        5088.433344583752        35.80295657722598        47.49991604849856    
    318.5000000000000        4.607085885922772        17.34051346171204        301.5318163367700        5258.085408592302        35.80677715466960        48.49991278111506    
    319.5000000000000        4.804010913950550        17.53384731813237        308.3159923183493        5437.135598580760        35.81075152156969        49.49990938220849    
    320.5000000000000        5.013427539398663        17.73336922990037        315.3965656594686        5626.137669429299        35.81489172815975        50.49990584147343    
    321.5000000000000        5.236231455614575        17.93922795473805        322.7863799235059        5825.687018502171        35.81921106285387        51.49990214754538    
    322.5000000000000        5.473371023754943        18.15157291512357        330.4988110162145        6036.416852298255        35.82372421774149        52.49989828785937    
    323.5000000000000        5.725867595481311        18.37054256132427        338.5472668685825        6258.983184460759        35.82844748126689        53.49989424848536    
    324.5000000000000        5.994800657133441        18.59628827392748        346.9462299995809        6494.099974636593        35.83339896345475        54.49989001393534    
    325.5000000000000        6.281364012538682        18.82895073714645        355.7102612580039        6742.508793925132        35.83859886028579        55.49988556693731    
    326.5000000000000        6.586783872833707        19.06865748856907        364.8539469394417        7004.979815266579        35.84406976540394        56.49988088816890    
    327.5000000000000        6.912471502038873        19.31558994681247        374.3946721930295        7282.400045918309        35.84983703935033        57.49987595594131    
    328.5000000000000        7.259772683290556        19.56984129718046        384.3466844279408        7575.587522526545        35.85592924910782        58.49987074582348    
    329.5000000000000        7.630385458987088        19.83162605262924        394.7300543840225        7885.582077203728        35.86237869409377        59.49986523019250    
    330.5000000000000        8.025798619263329        20.10100399038629        405.5587570752304        8213.258684175942        35.86922203911427        60.49985937769190    
    331.5000000000000        8.448081204025211        20.37823890661587        416.8564037158690        8559.849961449032        35.87650108055091        61.49985315257656    
    332.5000000000000        8.898858797569851        20.66334413694673        428.6361636541016        8926.278860228451        35.88426367969367        62.49984651391466    
    333.5000000000000        9.380430270352640        20.95658572388959        440.9232305850895        9313.917311096151        35.89256490737116        63.49983941460850    
    334.5000000000000        9.894985358242458        21.25800288060111        453.7332671550860        9723.858186703352        35.90146845787980        64.49983180018536    
    335.5000000000000        10.44486863479614        21.56779442725054        467.0899417984255        10157.51677388021        35.91104840915245        65.49982360729227    
    336.5000000000000        11.03285424731845        21.88606852556896        481.0135532195242        10616.24488648129        35.92139143229823        66.49981476180612    
    337.5000000000000        11.66143147172842        22.21293023364312        495.5249500984550        11101.46440434318        35.93259959031236        67.49980517644025    
    338.5000000000000        12.33393237786245        22.54854826515022        510.6487333144241        11614.78674598027        35.94479391777028        68.49979474768298    
    339.5000000000000        13.05311387748372        22.89295689679085        526.4039960786570        12157.68855832756        35.95811904817046        69.49978335184005    
    340.5000000000000        13.82294367464500        23.24634550800206        542.8178789259305        12731.99400676397        35.97274926498392        70.49977083985948    
    341.5000000000000        14.64652953419871        23.60874552328340        559.9107838718273        13339.35084978665        35.98889651507719        71.49975703047835    
    342.5000000000000        15.52844193952786        23.98029739151703        577.7091092347159        13981.69189124020        36.00682116940324        72.49974170101943    
    343.5000000000000        16.47213179036172        24.36103776919931        596.2349405380060        14660.86206159410        36.02684669637841        73.49972457484195    
    344.5000000000000        17.48312889831222        24.75108111660295        615.5149230717191        15378.94809977573        36.04938001480977        74.49970530393466    
    345.5000000000000        18.56550213777674        25.15045384452474        635.5721182305080        16137.98139068592        36.07494026795452        75.49968344430631    
    346.5000000000000        19.72515052323829        25.55924294049334        656.4332826032626        16940.20972497191        36.10420038473130        76.49965842043966    
    347.5000000000000        20.96717871404443        25.97750338006353        678.1242170753184        17787.92475191824        36.13804858795844        77.49962947268510    
    348.5000000000000        22.29830010994094        26.40523699117303        700.6687688995645        18683.43084956492        36.17768198945260        78.49959557720970    
    349.5000000000000        23.72451559123443        26.84247070081111        724.0924089194076        19629.16827469884        36.22475365941730        79.49955532020893    
    350.5000000000000        25.25307482488163        27.28922759312968        748.4212571229923        20627.70125426230        36.28161256383255        80.49950669268446    
    351.5000000000000        26.89180946608191        27.74548564526343        773.6794135421560        21681.59453398285        36.35171282951580        81.49944674038473    
    352.5000000000000        28.64864821574590        28.21124392633124        799.8926426723592        22793.57149594300        36.44035032486187        82.49937093375958    
    353.5000000000000        30.53265222150681        28.68645964677312        827.0848247369976        23966.36687475158        36.55607890369363        83.49927195650022    
    354.5000000000000        32.55309676608529        29.17108064053268        855.2794648160209        25202.77928325952        36.71367085926493        84.49913717298718    
    355.5000000000000        34.72082256206993        29.66507022807536        884.5015170753478        26505.77126360178        36.94102182545573        85.49894272081320    
    356.5000000000000        37.04651872649291        30.16832001862518        914.7718286004553        27878.20639217081        37.29787970169639        86.49863748450565    
    357.5000000000000        39.54276536846273        30.68076490526310        946.1139913533430        29323.16032948526        37.93943724543750        87.49808866117316    
    358.5000000000000        42.22210184054329        31.20225030157399        978.5461903708313        30843.54466291614        39.43319071189809        88.49681029749887    
    359.5000000000000        45.09948255891354        31.73265384474152        1012.088428666813        32442.42955956489        46.78533964007715        89.49049407215804    
