 # author: MA Kubiak / Space Research Center PAS Warsaw Poland, contact: mkubiak@cbk.waw.pl                          
 # code version Program.keplerV_ellipt_V2      , Dates: calkV:21/04/2026  ; part_pr:21/04/2026                       
 # czas no T v_mas, kier.naplywu(dl, szer) macierz obrotu (ecl to helio), r, theta, phi(ecl,spher), V_detector(ecl,cart), IBEX_energy_channel
 #     2026.229981000000        0.8088930000000000E-03     9480.000000000000        -11.28000000301609         251.5700000000000         11.95000000000000        0.2459841265748581        0.9692738567985851         0.000000000000000       -0.9615244635393438        0.2440174711049008        0.1261989691358298        0.1223213615382913       -0.3104294319752456E-01    0.9920049496797150        0.9870240000000001         184.8842730000000        0.4351500000000000E-01     2.056000000000000        -29.56900000000000       -0.1100000000000000E-01 00
 # routs_end= 150.00;    Maxwellian,    elliptOrb=Off                                                                                        
 # Numerical parameters: GridKl=10  GridKf=09  GridKV=05  epsV= 0.0000100  epssJon=.0010000                                                  
 # Numerical parameters: GridKl=10  GridKf=09  GridKV=05  epsV= 0.0000100  epssJon=.0010000; tessel128                                                                                                                                                                                                                                                                                                                                                                                                                                                                 
# Axis to the Sun: alpha_ecl= 0.9030000000000001 delta_Ecl= 0.0710000000000000 delta_Ax= 90.0000000000000000  repoint= 00196
 #  flag_atom: He                                                   
 #  flag_general:                                                   
 #                                                                  
 #                                                                  
  # Ly_a_Profil: zero                                               
  # flag_Itot: zero                                                 
 #  v_SW_Eqtr: speed3D.hybrid2026c_patched.dat                      
 #  n_SW_Eqtr: density3D.hybrid2026c_patched.dat                    
 #  phot_Eqtr: 0.8500000  phion_Helium_T12F107_pat_2026c.dat        
 #  sigma_SW: p+He->H +He+, He + alpha (2 chnls);src:simuLosses.nb  
 #  flag_el:slow  swEqtrElectrons5.2026c.patched.dat                
 #  SW_lati: interpolation                                          
 #  phot_lati: analit pole-flattened after Pryor & Auchere          
 #
 #
 #
 #Spin  flux speed	speed^2 speed^3    long_ecl lat_ecl
   0.5000000000000000        2.045875434551304        31.49448840028880        996.6046944461228        31684.08009089945        262.8212290568020        89.49498178086778    
    1.500000000000000        2.171320571033688        32.02819399761684        1030.655329448449        33321.03394597591        268.1936338704326        88.49831848575096    
    2.500000000000000        2.304725021005272        32.57016661042535        1065.813790072272        35039.59456577236        269.2772619739580        87.49899013831271    
    3.500000000000000        2.446624181622134        33.12022331680894        1102.094186038366        36842.65923461408        269.7423117980069        86.49927832243300    
    4.500000000000000        2.597635279150920        33.67816390314714        1139.508913759309        38733.09525834171        270.0009266483122        85.49943857115598    
    5.500000000000000        2.758305242600803        34.24366963038261        1178.061928027154        40713.40119665210        270.1656700866985        84.49954065009642    
    6.500000000000000        2.929296654238264        34.81654746559163        1217.764718497668        42786.49179463500        270.2798580886536        83.49961140255215    
    7.500000000000000        3.111264472935710        35.39647348254339        1258.619134410775        44954.83172631252        270.3637098592999        82.49966335776207    
    8.500000000000000        3.305022154345326        35.98312476407656        1300.625768682433        47220.82956478370        270.4279312291821        81.49970314957474    
    9.500000000000000        3.511270167128467        36.57621557767126        1343.787041851928        49587.02748153092        270.4787208840735        80.49973461890913    
    10.50000000000000        3.730894367638064        37.17537603744370        1388.097822017039        52055.55386283367        270.5199163541700        79.49976014359545    
    11.50000000000000        3.964786092935856        37.78032492414460        1433.558628369854        54628.87791847793        270.5540204997689        78.49978127445264    
    12.50000000000000        4.213973571088285        38.39078476580954        1480.169117321586        57309.43242383816        270.5827353349903        77.49979906607238    
    13.50000000000000        4.479552304332835        39.00648137981058        1527.928174499249        60099.61983830509        270.6072586169767        76.49981426059736    
    14.50000000000000        4.762739397867535        39.62712322689498        1576.831645866510        63001.63614964285        270.6284577174731        75.49982739545764    
    15.50000000000000        5.064811996540977        40.25240859147259        1626.873240059402        66017.53663709763        270.6469761934891        74.49983886940461    
    16.50000000000000        5.387262240479924        40.88198093853885        1678.040825774889        69149.00065730745        270.6633016070979        73.49984898453351    
    17.50000000000000        5.731719214048897        41.51546984288186        1730.319430717590        72397.48906841666        270.6778100938433        72.49985797389870    
    18.50000000000000        6.099893208401326        42.15255494590005        1783.696544176575        75764.56636468260        270.6907964771439        71.49986602017309    
    19.50000000000000        6.493807435461960        42.79286590129318        1838.153930520360        79251.39301316766        270.7024951170808        70.49987326856616    
    20.50000000000000        6.915533621944800        43.43604126129757        1893.672343105982        82858.99774415557        270.7130946573153        69.49987983596141    
    21.50000000000000        7.367514764726630        44.08170015511045        1950.229216196791        86588.13148560235        270.7227486567215        68.49988581750361    
    22.50000000000000        7.852381386892560        44.72940403074546        2007.794611610267        90438.94304114993        270.7315833860043        67.49989129142986    
    23.50000000000000        8.372972620361001        45.37878713190170        2066.343184924772        94411.79388369992        270.7397036337508        66.49989632266690    
    24.50000000000000        8.932419340102244        46.02941705673049        2125.841548758144        98506.38953619613        270.7471970906344        65.49990096554754    
    25.50000000000000        9.534305979155553        46.68089724396548        2186.257501727549        102722.3957261411        270.7541377020721        64.49990526588813    
    26.50000000000000        10.18245909956749        47.33284361558515        2247.558213129786        107059.3254516012        270.7605882618151        63.49990926259542    
    27.50000000000000        10.88126368605732        47.98487327782500        2309.708894201707        111516.4173854521        270.7666024396848        62.49991298892299    
    28.50000000000000        11.63555054448420        48.63657738550668        2372.670155391036        116092.4315509440        270.7722263824338        61.49991647346317    
    29.50000000000000        12.45069538797374        49.28758768254202        2436.404552158143        120786.1248579903        270.7774999890236        60.49991974093714    
    30.50000000000000        13.33273316441053        49.93752372695464        2500.871555196104        125595.8817403291        270.7824579350413        59.49992281282979    
    31.50000000000000        14.28834075972099        50.58599999943211        2566.028179483370        130519.7454808358        270.7871305020026        58.49992570790329    
    32.50000000000000        15.32500161630604        51.23260442831693        2631.826613890549        135555.2129914283        270.7915442535643        57.49992844261640    
    33.50000000000000        16.45100527591772        51.87694707614752        2698.219406487995        140699.6403722739        270.7957225906363        56.49993103146817    
    34.50000000000000        17.67566151352369        52.51863936119864        2765.157191476381        145950.0474355701        270.7996862099641        55.49993348728219    
    35.50000000000000        19.00939380474505        53.15730985804609        2832.590645769905        151303.2862875274        270.8034534852152        54.49993582144267    
    36.50000000000000        20.46387169064350        53.79255344980456        2900.464771043065        156755.5501967873        270.8070407854331        53.49993804409176    
    37.50000000000000        22.05195998539086        54.42396270523624        2968.722566542664        162302.6857406285        270.8104627425502        52.49994016429533    
    38.50000000000000        23.78825777940475        55.05114917258385        3037.306950817039        167940.3100299841        270.8137324772213        51.49994219018284    
    39.50000000000000        25.68896095930327        55.67374094478945        3106.161180438863        173663.8923241597        270.8168617903655        50.49994412906607    
    40.50000000000000        27.77206505286611        56.29133577828495        3175.223049466981        179468.2128434438        270.8198613263428        49.49994598754020    
    41.50000000000000        30.05763803493931        56.90353000556682        3244.428419693760        185347.6763283572        270.8227407125512        48.49994777157026    
    42.50000000000000        32.56792923066859        57.50992778867397        3313.712318104554        191296.4029520901        270.8255086793286        47.49994948656555    
    43.50000000000000        35.32772964715770        58.11013104151291        3383.007743515310        197308.1141924758        270.8281731633280        46.49995113744357    
    44.50000000000000        38.36452903614848        58.70373721667465        3452.245415567310        203376.1040835795        270.8307413969681        45.49995272868544    
    45.50000000000000        41.70848714367827        59.29031733072998        3521.351177907868        209493.0017112298        270.8332199861006        44.49995426438411    
    46.50000000000000        45.39282787052692        59.86946067299621        3590.251495353824        215651.2729123369        270.8356149776704        43.49995574828625    
    47.50000000000000        49.45375597057125        60.44074288544290        3658.869492252707        221842.8451317111        270.8379319188417        42.49995718382879    
    48.50000000000000        53.93112349450563        61.00374416344818        3727.127244361077        228059.3171980795        270.8401759088242        41.49995857417120    
    49.50000000000000        58.86765509559337        61.55802156244254        3794.942430787051        234291.6498007831        270.8423516444328        40.49995992222356    
    50.50000000000000        64.30918833353850        62.10313302283944        3862.231351237111        240530.4461210723        270.8444634602473        39.49996123067157    
    51.50000000000000        70.30499344012645        62.63865407198906        3928.911131641516        246766.1658258690        270.8465153641113        38.49996250199846    
    52.50000000000000        76.90669674089013        63.16413662964408        3994.894580902479        252988.6389214912        270.8485110685878        37.49996373850448    
    53.50000000000000        84.16840485766514        63.67914863131438        4060.095192377901        259187.5355234478        270.8504540189049        36.49996494232428    
    54.50000000000000        92.14569179388128        64.18326105711746        4124.425666658246        265352.2388434097        270.8523474178417        35.49996611544225    
    55.50000000000000        100.8945095002156        64.67605065515409        4187.798449418002        271471.9140025047        270.8541942479417        34.49996725970637    
    56.50000000000000        110.4703860511962        65.15710960161326        4250.127137481457        277535.6588345119        270.8559972913850        33.49996837684046    
    57.50000000000000        120.9268622666972        65.62604866600067        4311.327079743071        283532.5805677313        270.8577591478068        32.49996946845521    
    58.50000000000000        132.3142869574460        66.08250744487373        4371.316791296962        289451.9421733622        270.8594822503076        31.49997053605816    
    59.50000000000000        144.6757137236298        66.52612699122139        4430.014614950991        295282.8600907933        270.8611688798694        30.49997158106258    
    60.50000000000000        158.0475325274377        66.95659481234749        4487.344749206439        301014.9115845661        270.8628211783640        29.49997260479556    
    61.50000000000000        172.4537760660930        67.37359913267763        4543.231456353868        306637.5888741820        270.8644411603142        28.49997360850527    
    62.50000000000000        187.9061058260572        67.77687050167859        4597.604724208700        312140.8797994381        270.8660307235488        27.49997459336758    
    63.50000000000000        204.3977470550460        68.16614972984176        4650.396240731968        317514.8951376898        270.8675916588755        26.49997556049205    
    64.50000000000000        221.9037114400421        68.54123865340095        4701.546485251120        322750.6160123839        270.8691256588788        25.49997651092742    
    65.50000000000000        240.3759201066435        68.90197059734679        4751.000975867621        327839.5433377968        270.8706343259386        24.49997744566647    
    66.50000000000000        259.7423516862160        69.24820704434680        4798.709812644581        332773.6547184102        270.8721191795526        23.49997836565067    
    67.50000000000000        279.9036939038205        69.57983580621494        4844.627636481336        337545.4278478220        270.8735816630365        22.49997927177431    
    68.50000000000000        300.7322575000295        69.89676601580989        4888.713046586709        342147.7968630597        270.8750231496679        21.49998016488822    
    69.50000000000000        322.0703825602520        70.19893137960415        4930.929070761988        346574.2083886459        270.8764449483305        20.49998104580338    
    70.50000000000000        343.7316594748506        70.48626141642156        4971.239206424208        350818.2179818565        270.8778483087120        19.49998191529409    
    71.50000000000000        365.5000569298361        70.75871370739371        5009.612106899431        354874.0061321476        270.8792344260993        18.49998277410092    
    72.50000000000000        387.1353611962630        71.01624761351813        5046.017921453979        358736.0014729925        270.8806044458146        17.49998362293349    
    73.50000000000000        408.3721410677686        71.25885338863438        5080.432454853344        362399.3314571708        270.8819594673265        16.49998446247304    
    74.50000000000000        428.9308065641081        71.48652281524294        5112.833031881555        365859.3904212227        270.8833005480706        15.49998529337470    
    75.50000000000000        448.5183937929351        71.69926204565819        5143.200353583822        369112.0455310674        270.8846287070095        14.49998611626983    
    76.50000000000000        466.8377371388355        71.89709087124960        5171.518440253268        372153.6400992503        270.8859449279567        13.49998693176800    
    77.50000000000000        483.5985830521594        72.08002083156448        5197.771468199173        374980.6548808077        270.8872501626917        12.49998774045888    
    78.50000000000000        498.5175418485686        72.24808995732259        5221.948758523212        377590.2492685278        270.8885453338858        11.49998854291415    
    79.50000000000000        511.3392634137929        72.40131124696723        5244.037362941773        379979.4644763909        270.8898313378594        10.49998933968918    
    80.50000000000000        521.8324668188008        72.53971845682989        5264.028679034259        382145.9437570754        270.8911090471901        9.499990131324566    
    81.50000000000000        529.8040707589901        72.66333205184851        5281.913504167985        384087.3963279928        270.8923793131853        8.499990918347773    
    82.50000000000000        535.1088089315997        72.77216181120976        5297.682386806653        385801.6353322599        270.8936429682397        7.499991701274555    
    83.50000000000000        537.6448479822434        72.86623277862091        5311.329406605309        387286.9934168225        270.8949008280866        6.499992480610291    
    84.50000000000000        537.2411282802436        72.94546710867354        5322.835013391530        388540.4548868446        270.8961536939606        5.499993256851420    
    85.50000000000000        534.2908456587591        73.01010005211715        5332.226347250499        389564.2190180119        270.8974023546815        4.499994030486689    
    86.50000000000000        528.4705727118970        73.05989636940484        5339.463623666830        390353.3438072595        270.8986475886727        3.499994801998366    
    87.50000000000000        520.0261831043459        73.09491730126665        5344.551307905237        390907.8360871333        270.8998901659241        2.499995571863528    
    88.50000000000000        509.1194507088055        73.11515330631305        5347.484923161947        391226.8734778756        270.9011308499119        1.499996340555217    
    89.50000000000000        495.9539207676323        73.12058338303100        5348.259607541442        391309.7306445251        270.9023703994823       0.4999971085435700    
    90.50000000000000        480.7727704711504        73.11118344890924        5346.871377435882        391155.9228025493        270.9036095707133      -0.5000021237029584    
    91.50000000000000        463.8395116019295        73.08692979400716        5343.317587513177        390765.2509836961        270.9048491187612       -1.500001355716482    
    92.50000000000000        445.4372404952400        73.04779357691005        5337.596144857867        390137.7178185561        270.9060897997015       -2.500000587028586    
    93.50000000000000        425.8614656504187        72.99373443161949        5329.704607019088        389273.4317959110        270.9073323723762       -3.499999817169102    
    94.50000000000000        405.4040994227809        72.92472704824642        5319.644079838919        388173.0353662045        270.9085776002541       -4.499999045664997    
    95.50000000000000        384.3517600476706        72.84074801238523        5307.417290908604        386837.4922562636        270.9098262533160       -5.499998272039242    
    96.50000000000000        362.9796146798990        72.74177442150830        5293.028424396539        385268.0721207905        270.9110791099733       -6.499997495809548    
    97.50000000000000        341.5399885483772        72.62779764448111        5276.485081676005        383466.5581761104        270.9123369590318       -7.499996716487198    
    98.50000000000000        320.2623006324573        72.49880377916242        5257.795387282888        381434.9235658930        270.9136006017093       -8.499995933575777    
    99.50000000000000        299.3498291563900        72.35476267379839        5236.966369970757        379175.1497883997        270.9148708537198       -9.499995146569917    
    100.5000000000000        278.9775552015732        72.19568493551535        5214.012486238883        376690.1808754287        270.9161485474360       -10.49999435495390    
    101.5000000000000        259.2911073230465        72.02159710473971        5188.951845319043        373983.4900158386        270.9174345341410       -11.49999355820031    
    102.5000000000000        240.4080789576736        71.83254241580195        5161.806292954852        371059.0826344536        270.9187296863847       -12.49999275576854    
    103.5000000000000        222.4172168286314        71.62858550391383        5132.602071545474        367921.5623693900        270.9200349004570       -13.49999194710330    
    104.5000000000000        205.3823360673064        71.40981486132424        5101.370107855579        364576.1513961123        270.9213510989959       -14.49999113163293    
    105.5000000000000        189.3436400408526        71.17632966724324        5068.144019638909        361028.4607267291        270.9226792337442       -15.49999030876782    
    106.5000000000000        174.3193501605364        70.92823825599919        5032.959779784033        357284.4373244214        270.9240202884756       -16.49998947789842    
    107.5000000000000        160.3097878170142        70.66564239478093        4995.853375254686        353350.0986931134        270.9253752821090       -17.49998863839347    
    108.5000000000000        147.3000661084524        70.38865858623105        4956.863838186737        349231.8527276901        270.9267452720329       -18.49998778959786    
    109.5000000000000        135.2633667288426        70.09745247037802        4916.038268069981        344937.0446686747        270.9281313576650       -19.49998693083043    
    110.5000000000000        124.1638889614523        69.79221600717969        4873.428370588301        340473.5597865775        270.9295346842720       -20.49998606138163    
    111.5000000000000        113.9579508471769        69.47315231762869        4829.088106020234        335849.5470829487        270.9309564470816       -21.49998518051096    
    112.5000000000000        104.5968636767612        69.14046974778159        4783.072725933026        331073.3000679910        270.9323978957170       -22.49998428744420    
    113.5000000000000        96.02823406442548        68.79437289236373        4735.437364407336        326153.0886999136        270.9338603389932       -23.49998338137045    
    114.5000000000000        88.19831453912279        68.43507369325556        4686.238634300857        321097.3283504337        270.9353451501129       -24.49998246143897    
    115.5000000000000        81.05345784842882        68.06282667272296        4635.539616018378        315915.1074180776        270.9368537723121       -25.49998152675557    
    116.5000000000000        74.54093787216812        67.67789237997778        4583.404465290291        310615.5879719927        270.9383877250024       -26.49998057637894    
    117.5000000000000        68.60941448993196        67.28052605612419        4529.896688213867        305207.8072746643        270.9399486104712       -27.49997960931631    
    118.5000000000000        63.20948070702047        66.87096438444046        4475.077243962833        299700.4713024896        270.9415381212035       -28.49997862451915    
    119.5000000000000        58.29463972178900        66.44946249080265        4419.009680128031        294102.4879723351        270.9431580479001       -29.49997762087802    
    120.5000000000000        53.82149633589513        66.01629718586085        4361.760546298576        288423.0046878296        270.9448102882749       -30.49997659721716    
    121.5000000000000        49.74955106341530        65.57174224314089        4303.395833861850        282671.0219865827        270.9464968567267       -31.49997555228857    
    122.5000000000000        46.04137862311776        65.11606664365810        4243.980542835219        276855.3283934538        270.9482198949942       -32.49997448476536    
    123.5000000000000        42.66245841300604        64.64953265112156        4183.578520866992        270984.4929452786        270.9499816839159       -33.49997339323436    
    124.5000000000000        39.58116985898448        64.17242091847652        4122.255851410991        265067.2079101109        270.9517846564377       -34.49997227618827    
    125.5000000000000        36.76894993021602        63.68501217267200        4060.078199445983        259112.0009774298        270.9536314120281       -35.49997113201663    
    126.5000000000000        34.19975886858165        63.18758690542340        3997.110651943050        253127.2072583964        270.9555247326873       -36.49996995899579    
    127.5000000000000        31.85006491823879        62.68042545263175        3933.417703720973        247120.9659797755        270.9574676007643       -37.49996875527805    
    128.5000000000000        29.69854104837422        62.16382625513558        3869.065697421732        241101.4658091102        270.9594632188278       -38.49996751887929    
    129.5000000000000        27.72599491300985        61.63808211708397        3804.119569944093        235076.6117222427        270.9615150318783       -39.49996624766513    
    130.5000000000000        25.91510940787400        61.10347240184309        3738.641757445967        229053.9111048814        270.9636267522321       -40.49996493933559    
    131.5000000000000        24.25041726323050        60.56028530239234        3672.695034516012        223040.7476038598        270.9658023874649       -41.49996359140782    
    132.5000000000000        22.71804683822350        60.00883935295370        3606.345177302861        217044.6309336592        270.9680462718657       -42.49996220119645    
    133.5000000000000        21.30550721716626        59.44945641600684        3539.657392923400        211072.8456882626        270.9703631019324       -43.49996076579180    
    134.5000000000000        20.00156298920419        58.88243904131502        3472.693435487859        205132.1779089812        270.9727579765299       -44.49995928203489    
    135.5000000000000        18.79611133472766        58.30809223265009        3405.514237383085        199229.1581363554        270.9752364424451       -45.49995774648915    
    136.5000000000000        17.68008533929562        57.72674785216993        3338.182910587724        193370.3424742709        270.9778045462109       -46.49995615540850    
    137.5000000000000        16.64541527869202        57.13875980578851        3270.763881427954        187562.2130893901        270.9804688932276       -47.49995450470056    
    138.5000000000000        15.68477209876028        56.54448830971584        3203.320900433386        181810.9940990072        270.9832367154181       -48.49995278988474    
    139.5000000000000        14.79162459413811        55.94429420853569        3135.916247291277        176122.5756654870        270.9861159488905       -49.49995100604429    
    140.5000000000000        13.96001393087132        55.33852981615994        3068.609850148063        170502.4587812548        270.9891153233814       -50.49994914777068    
    141.5000000000000        13.18461545620253        54.72757094888424        3001.462767868770        164956.0459919804        270.9922444656252       -51.49994720909964    
    142.5000000000000        12.46062279114534        54.11177566518964        2934.532572674389        159488.2574946583        270.9955140192467       -52.49994518343691    
    143.5000000000000        11.78369608670264        53.49150901921567        2867.875883467125        154103.7318647973        270.9989357843487       -53.49994306347180    
    144.5000000000000        11.14988496191481        52.86714686002436        2801.548710782506        148806.8560865878        271.0025228806774       -54.49994084107587    
    145.5000000000000        10.55570632765970        52.23901770394291        2735.600531878095        143601.3193147309        271.0062899391506       -55.49993850718459    
    146.5000000000000        9.997904268622094        51.60755434283224        2670.089817680245        138491.3164276797        271.0102533276760       -56.49993605165722    
    147.5000000000000        9.473844503290662        50.97308089301590        2605.062021049804        133479.8439707501        271.0144314186450       -57.49993346311109    
    148.5000000000000        8.980770636667879        50.33604884510079        2540.573763075781        128570.5720596656        271.0188449073646       -58.49993072872444    
    149.5000000000000        8.516509285191407        49.69682120401285        2476.670448003985        123766.1088329931        271.0235171931175       -59.49992783400024    
    150.5000000000000        8.078868405815877        49.05581275904425        2413.400913920810        119069.1582570969        271.0284748377126       -60.49992476248205    
    151.5000000000000        7.665809415709843        48.41344770443762        2350.812844643453        114482.1588063625        271.0337481205581       -61.49992149541024    
    152.5000000000000        7.275717582466713        47.77014182589419        2288.951091418882        110007.1753309583        271.0393717148274       -62.49991801130305    
    153.5000000000000        6.906862897953746        47.12633410640125        2227.860915420119        105646.1562096826        271.0453855167042       -63.49991428544266    
    154.5000000000000        6.557865198534617        46.48246785642125        2167.585543966351        101400.7203786161        271.0518356697283       -64.49991028924080    
    155.5000000000000        6.227264659413986        45.83895825291663        2108.163748024243        97272.04227820812        271.0587758399845       -65.49990598944852    
    156.5000000000000        5.913988208161462        45.19625269086389        2049.634663196731        93261.14069583957        271.0662688168522       -66.49990134716452    
    157.5000000000000        5.616754426498527        44.55469036463562        1992.025739654281        89368.11929033243        271.0743885406022       -67.49989631657888    
    158.5000000000000        5.334621334302392        43.91467577433782        1935.368040651242        85593.18529626456        271.0832226958058       -68.49989084336639    
    159.5000000000000        5.066551437681994        43.27653996512222        1879.684189418982        81935.87677374533        271.0928760637613       -69.49988486260936    
    160.5000000000000        4.811702705466693        42.64063142956817        1824.996620127866        78395.63332867890        271.1034749063945       -70.49987829608172    
    161.5000000000000        4.569343870549341        42.00735274282351        1771.330896100105        74972.03010253579        271.1151727719086       -71.49987104865198    
    162.5000000000000        4.338717896606458        41.37701794200768        1718.703147404241        71663.95306511897        271.1281582908647       -72.49986300345297    
    163.5000000000000        4.119273786131616        40.75004166041441        1667.136439845599        68470.67228657652        271.1426658070810       -73.49985401529557    
    164.5000000000000        3.910366608653250        40.12674529773793        1616.644185094412        65390.78049023342        271.1589901235351       -74.49984390153246    
    165.5000000000000        3.711457057637027        39.50748062167652        1567.240777645683        62422.88882037151        271.1775073497191       -75.49983242914172    
    166.5000000000000        3.522091157923327        38.89259278423910        1518.938375751886        59565.42340613405        271.1987050139763       -76.49981929607041    
    167.5000000000000        3.341784799675541        38.28237523694533        1471.743545859774        56816.44616556812        271.2232266288559       -77.49980410362285    
    168.5000000000000        3.170110516528825        37.67717528624326        1425.665730261493        54174.17058455152        271.2519395062771       -78.49978631444388    
    169.5000000000000        3.006719907471669        37.07726117058878        1380.706834974461        51636.35417381542        271.2860413209261       -79.49976518649427    
    170.5000000000000        2.851213108696800        36.48296758067145        1336.872606766323        49200.97300259289        271.3272339700216       -80.49973966532926    
    171.5000000000000        2.703250394750063        35.89460425964609        1294.165458175056        46865.80329343137        271.3780201424331       -81.49970820034544    
    172.5000000000000        2.562538065829165        35.31249361482939        1252.587681128510        44628.62879073014        271.4422371064235       -82.49966841404259    
    173.5000000000000        2.428771272546238        34.73690955836481        1212.136852242065        42486.98522768081        271.5260831265385       -83.49961646603387    
    174.5000000000000        2.301630989312811        34.16812573174161        1172.809646974084        40438.38959537958        271.6402633100465       -84.49954572338684    
    175.5000000000000        2.180846637580516        33.60648547769630        1134.606419780268        38480.56592494267        271.8049955070622       -85.49944365858650    
    176.5000000000000        2.066153403435679        33.05217153692622        1097.515706648568        36610.66537715366        272.0635928247605       -86.49928343200682    
    177.5000000000000        1.957243380799894        32.50547520721396        1061.532702450245        34826.22131982562        272.5286115178818       -87.49899528748635    
    178.5000000000000        1.853845229852937        31.96662489345612        1026.647500141425        33124.54571203644        273.6121692179013       -88.49832372594908    
    179.5000000000000        1.755797641166120        31.43576544144786        992.8441933179229        31502.70936137710        278.9842731614378       -89.49498744427133    
    180.5000000000000        1.662770583676686        30.91312018779370        960.1118324466810        29958.09690431178        82.82187660348443       -89.49497752584631    
    181.5000000000000        1.574587296923804        30.39888752442500        928.4372725430773        28488.03560972707        88.19383883895766       -88.49831371924132    
    182.5000000000000        1.491039183622691        29.89316034900636        897.8001628784112        27089.56718180290        89.27738498309233       -87.49898527361344    
    183.5000000000000        1.411866202859376        29.39607803629134        868.1834552791743        25759.98254165444        89.74240048663097       -86.49927341615731    
    184.5000000000000        1.336893613329847        28.90776535220418        839.5689250706456        24496.58121975739        90.00099649101362       -85.49943364192323    
    185.5000000000000        1.265935845878997        28.42833268941825        811.9374143396775        23296.69189496645        90.16572802306985       -84.49953570631156    
    186.5000000000000        1.198783215862893        27.95784249444456        785.2671327948965        22157.60845832410        90.27990782407981       -83.49960644872152    
    187.5000000000000        1.135259940078602        27.49635378889968        759.5363125390355        21076.70613237825        90.36375360419589       -82.49965839658159    
    188.5000000000000        1.075213012101080        27.04394772767140        734.7247601873923        20051.50954108260        90.42797040778531       -81.49969818278502    
    189.5000000000000        1.018449437362588        26.60069010986672        710.8116145452144        19079.58987446628        90.47875646772522       -80.49972964769916    
    190.5000000000000       0.9648268035865780        26.16660532468526        687.7739475852270        18158.50614702362        90.51994903492502       -79.49975516881345    
    191.5000000000000       0.9141637029849241        25.74167280616004        665.5871579052571        17285.84144117804        90.55405078809882       -78.49977629672497    
    192.5000000000000       0.8663420780934368        25.32595448633812        644.2310555077720        16459.41671669885        90.58276361820094       -77.49979408587461    
    193.5000000000000       0.8211850705376785        24.91936921256024        623.6789224392114        15676.89049552045        90.60728519588336       -76.49980927829914    
    194.5000000000000       0.7785783006033834        24.52197220753131        603.9112193456245        14936.26028215742        90.62848283037218       -75.49982241135199    
    195.5000000000000       0.7383836411047855        24.13363629464781        584.9000388388689        14235.29043958748        90.64700003236308       -74.49983388372772    
    196.5000000000000       0.7004516053048179        23.75438985429109        566.6257706839344        13572.12618514107        90.66332432888986       -73.49984399747852    
    197.5000000000000       0.6646888846794226        23.38412627156595        549.0627087943952        12944.75501128915        90.67783182849819       -72.49985298562562    
    198.5000000000000       0.6309608802745168        23.02278800007017        532.1883578994167        12351.35635926814        90.69081733346792       -71.49986103081595    
    199.5000000000000       0.5991723412072679        22.67029019855211        515.9795187346397        11790.14838249053        90.70251518709364       -70.49986827823832    
    200.5000000000000       0.5692030030644096        22.32656123478109        500.4142967082051        11259.45946800685        90.71311401953726       -69.49987484475967    
    201.5000000000000       0.5409654778300890        21.99150639755113        485.4704280337883        10757.66748404485        90.72276737869369       -68.49988082551124    
    202.5000000000000       0.5143465478637353        21.66501705330280        471.1257844466256        10283.21666769478        90.73160152624713       -67.49988629871901    
    203.5000000000000       0.4892804551132274        21.34700395128403        457.3596629336761        9834.651743603563        90.73972124330466       -66.49989132930048    
    204.5000000000000       0.4656478230669761        21.03732994738198        444.1501567007903        9410.539111529100        90.74721421428472       -65.49989597158084    
    205.5000000000000       0.4433951853538217        20.73591136814116        431.4781831338730        9009.583270805240        90.75415437933408       -64.49990027136988    
    206.5000000000000       0.4224190570135034        20.44259457960739        419.3225225243266        8630.475324186120        90.76060452773187       -63.49990426756889    
    207.5000000000000       0.4026607310401685        20.15727575815541        407.6646288594807        8272.035081120537        90.76661832547995       -62.49990799342673    
    208.5000000000000       0.3840408692421375        19.87981515760239        396.4852300076811        7933.107797374908        90.77224191604955       -61.49991147753163    
    209.5000000000000       0.3664940009626079        19.61007650437357        385.7657898960524        7612.602121010161        90.77751519556729       -60.49991474460138    
    210.5000000000000       0.3499595651159597        19.34791860914571        375.4882838797099        7309.484752568404        90.78247283715872       -59.49991781611769    
    211.5000000000000       0.3343729732837893        19.09319108605517        365.6349229027383        7022.766925683870        90.78714512019171       -58.49992071084022    
    212.5000000000000       0.3196833089774654        18.84575951029833        356.1891982560314        6751.535046214576        90.79155860644079       -57.49992344522533    
    213.5000000000000       0.3058340152594639        18.60546580774962        347.1342680749159        6494.899568211382        90.79573669515942       -56.49992603377007    
    214.5000000000000       0.2927779798165785        18.37218097968807        338.4550190096224        6252.053891396712        90.79970008162954       -55.49992848929616    
    215.5000000000000       0.2804665544767349        18.14574897852649        330.1358506254788        6022.207066318799        90.80346713822101       -54.49993082318628    
    216.5000000000000       0.2688565319166452        17.92604220325819        322.1627939612586        5804.643147801534        90.80705423282282       -53.49993304558113    
    217.5000000000000       0.2579069081050776        17.71291237523076        314.5216241318739        5598.665268593178        90.81047599633663       -52.49993516554527    
    218.5000000000000       0.2475779407566083        17.50622871993534        307.1992520838917        5403.632603052908        90.81374554849448       -51.49993719120708    
    219.5000000000000       0.2378346698923210        17.30584811716989        300.1826465519730        5218.929784397108        90.81687468938676       -50.49993912987730    
    220.5000000000000       0.2286395039181249        17.11164113980922        293.4597013809140        5043.987399853478        90.81987406262751       -49.49994098815012    
    221.5000000000000       0.2199629455248528        16.92346379224385        287.0182546231476        4878.255418645467        90.82275329494139       -48.49994277198986    
    222.5000000000000       0.2117709679718441        16.74118597591977        280.8470528195897        4721.226687658668        90.82552111605683       -47.49994448680501    
    223.5000000000000       0.2040378595928913        16.56467387364088        274.9351158778767        4572.418882978473        90.82818546207422       -46.49994613751232    
    224.5000000000000       0.1967345998726900        16.39379958720201        269.2720631448983        4431.381955668761        90.83075356490994       -45.49994772859241    
    225.5000000000000       0.1898376247353994        16.22843721529363        263.8479403482863        4297.691926942989        90.83323202995842       -44.49994926413761    
    226.5000000000000       0.1833218851969263        16.06846041944142        258.6531434165378        4170.948400995846        90.83562690374696       -43.49995074789401    
    227.5000000000000       0.1771659920826836        15.91375122153806        253.6786689423798        4050.779106434746        90.83794373305808       -42.49995218329819    
    228.5000000000000       0.1713490961776349        15.76418629687949        248.9156630425749        3936.828151985966        90.84018761675230       -41.49995357350912    
    229.5000000000000       0.1658514854537386        15.61965357783683        244.3559400534411        3828.767599306097        90.84236325132363       -40.49995492143650    
    230.5000000000000       0.1606560768046263        15.48004029722653        239.9915753549734        3726.286588531980        90.84447497105785       -39.49995622976564    
    231.5000000000000       0.1557451953875360        15.34523511233906        235.8149647045429        3629.092062693182        90.84652678352730       -38.49995750097943    
    232.5000000000000       0.1511037186256048        15.21513570083201        231.8190472213076        3536.913244613861        90.84852240104550       -37.49995873737790    
    233.5000000000000       0.1467165537119670        15.08963493949406        227.9968514258089        3449.490038373125        90.85046526861039       -36.49995994109529    
    234.5000000000000       0.1425700750987630        14.96863581570068        224.3419582176679        3366.583484362626        90.85235858878853       -35.49996111411581    
    235.5000000000000       0.1386514153754109        14.85204185891262        220.8481785230890        3287.967306600546        90.85420534392669       -34.49996225828722    
    236.5000000000000       0.1349485455540909        14.73976002262354        217.5096352454091        3213.429360819540        90.85600831602324       -33.49996337533302    
    237.5000000000000       0.1314502277208117        14.63170239372489        214.3208048098597        3142.772064798613        90.85777010454484       -32.49996446686372    
    238.5000000000000       0.1281459186520580        14.52778165611953        211.2763635945715        3075.808276401863        90.85949314243575       -31.49996553438677    
    239.5000000000000       0.1250255975732555        14.42791514780506        208.3713047128699        3012.363591114098        90.86117971053315       -30.49996657931512    
    240.5000000000000       0.1220799501037961        14.33202316950297        205.6008733015681        2952.274354081232        90.86283195057430       -29.49996760297575    
    241.5000000000000       0.1193003590489124        14.24002867077955        202.9605496625687        2895.386924819086        90.86445187695691       -28.49996860661673    
    242.5000000000000       0.1166784275155666        14.15185725637645        200.4460407381816        2841.557120537730        90.86604138739368       -27.49996959141369    
    243.5000000000000       0.1142066924995188        14.06743750311610        198.0532798330103        2790.649837323809        90.86760227258432       -26.49997055847611    
    244.5000000000000       0.1118778605515695        13.98670178038517        195.7784426840230        2742.539083877506        90.86913622501301       -25.49997150885264    
    245.5000000000000       0.1096853376602794        13.90958456243742        193.6178910420338        2697.106458589306        90.87064484696620       -24.49997244353586    
    246.5000000000000       0.1076229007045910        13.83602326072320        191.5681900926814        2654.241261752804        90.87212965785479       -23.49997336346718    
    247.5000000000000       0.1056846616904789        13.76595861337650        189.6261121446331        2613.840303728932        90.87359210091377       -22.49997426954082    
    248.5000000000000       0.1038652983520484        13.69933415051992        187.7886145105450        2575.807185422731        90.87503354934559       -21.49997516260744    
    249.5000000000000       0.1021599803391849        13.63609563333369        186.0528194845283        2540.051691560484        90.87645531196429       -20.49997604347798    
    250.5000000000000       0.1005639096415175        13.57619262566432        184.4160505588927        2506.490303787366        90.87785863839271       -19.49997691292670    
    251.5000000000000       0.9907295709155493E-01    13.51957660259455        182.8757765204632        2475.044887314688        90.87924472385785       -18.49997777169401    
    252.5000000000000       0.9768301339357887E-01    13.46620225857993        181.4296414397524        2445.643114333192        90.88061471362613       -17.49997862048951    
    253.5000000000000       0.9639041803744187E-01    13.41602625207739        180.0754262353313        2418.217526057757        90.88196970711464       -16.49997945999440    
    254.5000000000000       0.9519174086457200E-01    13.36900846295470        178.8110788755474        2392.706007982447        90.88331076171157       -15.49998029086370    
    255.5000000000000       0.9408388736156631E-01    13.32511099935174        177.6346832588150        2369.051017699820        90.88463889633542       -14.49998111372872    
    256.5000000000000       0.9306400975457034E-01    13.28429840799122        176.5444615278145        2347.199515347285        90.88595509475955       -13.49998192919904    
    257.5000000000000       0.9212947586224674E-01    13.24653837481936        175.5387892829347        2327.103153431695        90.88726030872654       -12.49998273786421    
    258.5000000000000       0.9127786048428357E-01    13.21180051801230        174.6161603719362        2308.717471849307        90.88855546087389       -11.49998354029590    
    259.5000000000000       0.9050705349346618E-01    13.18005699484906        173.7752001545525        2292.002069294263        90.88984144749149       -10.49998433704947    
    260.5000000000000       0.8981498031426396E-01    13.15128240975689        173.0146606057157        2276.920424991939        90.89111914112893       -9.499985128665420    
    261.5000000000000       0.8919998494660385E-01    13.12545376786888        172.3334168647613        2263.439757633631        90.89238939306912       -8.499985915671227    
    262.5000000000000       0.8866056559793547E-01    13.10255018638143        171.7304572654609        2251.530756129696        90.89365303568447       -7.499986698582633    
    263.5000000000000       0.8819540355374862E-01    13.08255350290591        171.2048977275418        2241.167809814860        90.89491088468895       -6.499987477904938    
    264.5000000000000       0.8780347220798205E-01    13.06544750396194        170.7559599492768        2232.328529074834        90.89616374130026       -5.499988254134591    
    265.5000000000000       0.8748362491066818E-01    13.05121892836333        170.3829960553876        2224.994181063164        90.89741239432389       -4.499989027760359    
    266.5000000000000       0.8723506742851575E-01    13.03985626818536        170.0854561034816        2219.149015996907        90.89865762217134       -3.499989799264420    
    267.5000000000000       0.8705715406550018E-01    13.03135056069392        169.8629077729521        2214.780622058637        90.89990019482327       -2.499990569123877    
    268.5000000000000       0.8694947297201795E-01    13.02569502777075        169.7150262698908        2211.879705345274        90.90114087574848       -1.499991337811802    
    269.5000000000000       0.8691176611585100E-01    13.02288530736269        169.6415996293622        2210.440172591015        90.90238042378878      -0.4999921057982482    
    270.5000000000000       0.8694407512785606E-01    13.02291882043057        169.6425119036536        2210.458791918188        90.90361959501989       0.5000071264482928    
    271.5000000000000       0.8704633017682200E-01    13.02579592016150        169.7177729073693        2211.935768286853        90.90485914459785        1.500006358459897    
    272.5000000000000       0.8721887468291413E-01    13.03151869686878        169.8674870948238        2214.874135404946        90.90609982860069        2.500005589768224    
    273.5000000000000       0.8746205470655706E-01    13.04009172107211        170.0918731014393        2219.280143513767        90.90734240587499        3.500004819903060    
    274.5000000000000       0.8777633293330645E-01    13.05152198410068        170.3912626295165        2225.163250561619        90.90858763989660        4.500004048391327    
    275.5000000000000       0.8816264666313877E-01    13.06581826446903        170.7660843897794        2232.535823770341        90.90983630065573        5.500003274756058    
    276.5000000000000       0.8862191383259779E-01    13.08299195551854        171.2168865910336        2241.413606561346        90.91108916657578        6.500002498514912    
    277.5000000000000       0.8915521022307445E-01    13.10305672853655        171.7443291849439        2251.815598458053        90.91234702647672        7.500001719179105    
    278.5000000000000       0.8976390629021644E-01    13.12602862013768        172.3491872799947        2263.764158139159        90.91361068159320        8.500000936252315    
    279.5000000000000       0.9044948793526109E-01    13.15192620405449        173.0323570963870        2277.285165693363        90.91488094765882        9.500000149229072    
    280.5000000000000       0.9121367999947548E-01    13.18077051414866        173.7948556152087        2292.408067907010        90.91615865706818        10.49999935759360    
    281.5000000000000       0.9205849812066848E-01    13.21258463796662        174.6378118293678        2309.165766159860        90.91744466112932        11.49999856081855    
    282.5000000000000       0.9298616510682392E-01    13.24739374544574        175.5624692942913        2327.594727736720        90.91873983241970        12.49999775836322    
    283.5000000000000       0.9399896148699572E-01    13.28522593498525        176.5702109137874        2347.735554011976        90.92004506726012        13.49999694967224    
    284.5000000000000       0.9509958719155833E-01    13.32611128331793        177.6625365312161        2369.632622102870        90.92136128832207        14.49999613417403    
    285.5000000000000       0.9629090937688856E-01    13.37008252427776        178.8410834038028        2393.334577847292        90.92268944738538        15.49999531127884    
    286.5000000000000       0.9757591257771502E-01    13.41717500211166        180.1076283550542        2418.894486986072        90.92403052826405        16.49999448037705    
    287.5000000000000       0.9895805072765208E-01    13.46742668351465        181.4640911891072        2446.370010306012        90.92538554992079        17.49999364083744    
    288.5000000000000       0.1004411309925342        13.52087774629514        182.9125278421369        2475.823399800863        90.92675556979178        18.49999279200478    
    289.5000000000000       0.1020290932900612        13.57757124849763        184.4551518252165        2507.322055944392        90.92814168734606        19.49999193319781    
    290.5000000000000       0.1037261458667788        13.63755336941057        186.0943450288066        2540.938894653733        90.92954504790612        20.49999106370701    
    291.5000000000000       0.1055369938628643        13.70087299501418        187.8326512418006        2576.752379413381        90.93096684675965        21.49999018279175    
    292.5000000000000       0.1074666452797995        13.76758125403899        189.6727683277036        2614.846533434920        90.93240833359471        22.49998928967767    
    293.5000000000000       0.1095206318772275        13.83773233080459        191.6175759902213        2655.311704922590        90.93387081729577        23.49998838355394    
    294.5000000000000       0.1117049182475974        13.91138312110460        193.6701314818871        2698.244674321642        90.93535567114095        24.49998746356960    
    295.5000000000000       0.1140257515811473        13.98859315549566        195.8336738474493        2743.748972737496        90.93686433844680        25.49998652883036    
    296.5000000000000       0.1164899004600172        14.06942496868873        198.1116404461801        2791.935464782959        90.93839833871175        26.49998557839486    
    297.5000000000000       0.1191048140112142        14.15394393431802        200.5076688899837        2842.922644828166        90.93995927431658        27.49998461127022    
    298.5000000000000       0.1218782857889915        14.24221856236503        203.0256131381720        2896.837269610490        90.94154883784675        28.49998362640769    
    299.5000000000000       0.1248188402209868        14.33432095661524        205.6695642568258        2953.815106510601        90.94316882011100        29.49998262269781    
    300.5000000000000       0.1279355765664577        14.43032578416054        208.4438294704088        3014.000821567632        90.94482111893930        30.49998159896465    
    301.5000000000000       0.1312382361268554        14.53030983881951        211.3529270747769        3077.548198906272        90.94650774885554        31.49998055395996    
    302.5000000000000       0.1347371411587511        14.63435294020272        214.4016213350619        3144.621276068029        90.94823085173287        32.49997948635679    
    303.5000000000000       0.1384429465907057        14.74253772460625        217.5949260479524        3215.394836592314        90.94999270855482        33.49997839474182    
    304.5000000000000       0.1423673272041759        14.85494996087427        220.9381224875192        3290.055213909952        90.95179575242345        34.49997727760742    
    305.5000000000000       0.1465224331932051        14.97167851000909        224.4367712149140        3368.801083422002        90.95364258297566        35.49997613334304    
    306.5000000000000       0.1509215607396744        15.09281599965935        228.0967427013910        3451.844645815436        90.95553598239364        36.49997496022478    
    307.5000000000000       0.1555789272658275        15.21845899476199        231.9242352402055        3539.412607495703        90.95747893322280        37.49997375640463    
    308.5000000000000       0.1605095692294301        15.34870702770474        235.9257596618942        3631.746467651219        90.95947463824460        38.49997251989829    
    309.5000000000000       0.1657298000032596        15.48366288481388        240.1081566798689        3729.103453932512        90.96152654268974        39.49997124857107    
    310.5000000000000       0.1712568169150453        15.62343314502532        244.4786329122310        3831.758176003839        90.96363835912408        40.49996994012264    
    311.5000000000000       0.1771093454062270        15.76812879172678        249.0447926603781        3940.004074312437        90.96581409539402        41.49996859206988    
    312.5000000000000       0.1833077231874018        15.91786470407436        253.8146377374050        4054.154231856606        90.96805808608323        42.49996720172706    
    313.5000000000000       0.1898735033036574        16.07276016646644        258.7966046830873        4174.543237356151        90.97037502801011        43.49996576618400    
    314.5000000000000       0.1968303389963024        16.23293294578978        263.9993837738191        4301.523574119175        90.97277002038884        44.49996428228139    
    315.5000000000000       0.2042025451563262        16.39850446349112        269.4321050847929        4435.471147121821        90.97524861038832        45.49996274658219    
    316.5000000000000       0.2120165657546840        16.56959850732338        275.1043120137474        4576.785636992012        90.97781684495851        46.49996115533971    
    317.5000000000000       0.2203015627910392        16.74634161732518        281.0259949334340        4725.892519443761        90.98048132995724        47.49995950446110    
    318.5000000000000       0.2290877062174868        16.92886579354380        287.2077056281542        4883.247266448529        90.98324929780983        48.49995778946517    
    319.5000000000000       0.2384076657050350        17.11730366804730        293.6604040452361        5049.332482567986        90.98612868517682        49.49995600543433    
    320.5000000000000       0.2482980807799346        17.31179670161324        300.3957742349629        5224.667795597018        90.98912822240435        50.49995414695945    
    321.5000000000000       0.2587966977196778        17.51248105274150        307.4257487503481        5409.798750626090        90.99225753690010        51.49995220807541    
    322.5000000000000       0.2699441711119929        17.71949364458562        314.7627188622063        5605.303242493585        90.99552727303504        52.49995018218694    
    323.5000000000000       0.2817820823762892        17.93296598508177        322.4193510352252        5811.788613542246        90.99894923174047        53.49994806198242    
    324.5000000000000       0.2943583293862322        18.15305399799162        330.4097112296348        6029.924669989623        91.00253653368540        54.49994583933226    
    325.5000000000000       0.3077219515670269        18.37990166501613        338.7479666197893        6260.410186305960        91.00630381081831        55.49994350517060    
    326.5000000000000       0.3219295379331840        18.61367956168367        347.4498171678731        6504.014070579825        91.01026743220147        56.49994104935531    
    327.5000000000000       0.3370345891843413        18.85452307700912        356.5302202351606        6761.513852829279        91.01444577152404        57.49993846050218    
    328.5000000000000       0.3530996088015844        19.10257589989588        366.0049539077726        7033.739357867362        91.01885952555642        58.49993572578750    
    329.5000000000000       0.3701881203710600        19.35799810822711        375.8910765226224        7321.591656051824        91.02353209523784        59.49993283071232    
    330.5000000000000       0.3883708810612177        19.62092106135637        386.2051466297082        7625.992331607809        91.02849004425943        60.49992975881786    
    331.5000000000000       0.4077244220642108        19.89154401552640        396.9670797425889        7948.000898374722        91.03376365417715        61.49992649134176    
    332.5000000000000       0.4283235086603669        20.16996157514574        408.1932381861798        8288.608630260738        91.03938760062613        62.49992300679931    
    333.5000000000000       0.4502616729753394        20.45635085393350        419.9039477620470        8648.967710399966        91.04540178262492        63.49991928046918    
    334.5000000000000       0.4736125277656148        20.75077408555393        432.1153949269810        9030.142605413514        91.05185234699466        64.49991528375899    
    335.5000000000000       0.4984917173943342        21.05340779859752        444.8493460420423        9433.422886107192        91.05879296363945        65.49991098341522    
    336.5000000000000       0.5249763035552877        21.36429805040182        458.1225313183966        9859.979191159027        91.06628642641120        66.49990634053091    
    337.5000000000000       0.5531925169246755        21.68359086299392        471.9568045186307        10311.20207034488        91.07440668085067        67.49990130928974    
    338.5000000000000       0.5832369048783850        22.01135236131817        486.3711525251217        10788.43847141992        91.08324141778414        68.49989583535876    
    339.5000000000000       0.6152420256568898        22.34774114344249        501.3893958893057        11293.25212775792        91.09289542599004        69.49988985381110    
    340.5000000000000       0.6493253682979566        22.69275046876682        517.0286793161152        11827.04090900027        91.10349497641474        70.49988328640953    
    341.5000000000000       0.6855999891547492        23.04657438421983        533.3157293574735        12391.58150325007        91.11519362824090        71.49987603800909    
    342.5000000000000       0.7242358886195928        23.40918707958734        550.2682266147376        12988.41319199062        91.12818002552893        72.49986799172605    
    343.5000000000000       0.7653440169877404        23.78076137266251        567.9133548084000        13619.45813229109        91.14268852888357        73.49985900235053    
    344.5000000000000       0.8091202978491518        24.16134701673917        586.2737452532361        14286.56467602396        91.15901396242106        74.49984888720932    
    345.5000000000000       0.8557023468645076        24.55103888706176        605.3744081780156        14991.72139429746        91.17753246263189        75.49983741324736    
    346.5000000000000       0.9053052096059574        24.94988446978555        625.2390049284902        15736.94988544913        91.19873159289878        76.49982427836858    
    347.5000000000000       0.9580800114347388        25.35792770037334        645.8914359670456        16524.34757315572        91.22325491208495        77.49980908382061    
    348.5000000000000        1.014263868294635        25.77520376311011        667.3560540663111        17356.11599925959        91.25196979462893        78.49979129217155    
    349.5000000000000        1.074052297163248        26.20176000022438        689.6582321184002        18234.56751238308        91.28607400170741        79.49977016127622    
    350.5000000000000        1.137682441351126        26.63757652485850        712.8205084879402        19161.98744985976        91.32726955370538        80.49974463653918    
    351.5000000000000        1.205393524574445        27.08265735929612        736.8670182061729        20140.79918476593        91.37805932107656        81.49971316713511    
    352.5000000000000        1.277424513718857        27.53690961030262        761.8171470487952        21173.31548466767        91.44228085137131        82.49967337522303    
    353.5000000000000        1.354083701654444        28.00036590339852        787.6974401188612        22262.22153353007        91.52613286203416        83.49962141986440    
    354.5000000000000        1.435632752891734        28.47288420916062        814.5252002092523        23409.90341964159        91.64032124651519        84.49955066717166    
    355.5000000000000        1.522365377486536        28.95446415383435        842.3257967847275        24619.16305888293        91.80506534990982        85.49944858781909    
    356.5000000000000        1.614614647156073        29.44498154428760        871.1177817488914        25892.59252587736        92.06368151362837        86.49928833828226    
    357.5000000000000        1.712715012056485        29.94435995847978        900.9225979993323        27232.98954846853        92.52873452750100        87.49900015218495    
    358.5000000000000        1.817017728229460        30.45246142513305        931.7579675931644        28643.05837371004        93.61237418781597        88.49832849245723    
    359.5000000000000        1.927934380023547        30.96918905608230        963.6441558522924        30125.69902227984        98.98492072208562        89.49499169927677    
