 # author: MA Kubiak / Space Research Center PAS Warsaw Poland, contact: mkubiak@cbk.waw.pl                          
 # code version Program.keplerV_ellipt_V2      , Dates: calkV:20/04/2026  ; part_pr:20/04/2026                       
 # czas no T v_mas, kier.naplywu(dl, szer) macierz obrotu (ecl to helio), r, theta, phi(ecl,spher), V_detector(ecl,cart), IBEX_energy_channel
 #     2026.038201000000        0.8088930000000000E-03     9480.000000000000        -11.28000000301609         251.5700000000000         11.95000000000000        0.2459841265748581        0.9692738567985851         0.000000000000000       -0.9615244635393438        0.2440174711049008        0.1261989691358298        0.1223213615382913       -0.3104294319752456E-01    0.9920049496797150        0.9748989999999999         114.4254280000000       -0.2808300000000000E-01    -27.22600000000000        -12.31000000000000        0.4000000000000000E-01 00
 # routs_end= 150.00;    Maxwellian,    elliptOrb=Off                                                                                        
 # Numerical parameters: GridKl=10  GridKf=09  GridKV=05  epsV= 0.0000100  epssJon=.0010000                                                  
 # Numerical parameters: GridKl=10  GridKf=09  GridKV=05  epsV= 0.0000100  epssJon=.0010000; tessel128                                                                                                                                                                                                                                                                                                                                                                                                                                                                 
# Axis to the Sun: alpha_ecl= 290.4960000000000000 delta_Ecl= 0.1130000000000000 delta_Ax= 75.0000000000000000  repoint= 00126
 #  flag_atom: He                                                   
 #  flag_general:                                                   
 #                                                                  
 #                                                                  
  # Ly_a_Profil: zero                                               
  # flag_Itot: zero                                                 
 #  v_SW_Eqtr: speed3D.hybrid2026c_patched.dat                      
 #  n_SW_Eqtr: density3D.hybrid2026c_patched.dat                    
 #  phot_Eqtr: 0.8500000  phion_Helium_T12F107_2026c.dat            
 #  sigma_SW: p+He->H +He+, He + alpha (2 chnls);src:simuLosses.nb  
 #  flag_el:slow  swEqtrElectrons5.2026c.patched.dat                
 #  SW_lati: interpolation                                          
 #  phot_lati: analit pole-flattened after Pryor & Auchere          
 #
 #
 #
 #Spin  flux speed	speed^2 speed^3    long_ecl lat_ecl
   0.5000000000000000        268.7089705422649        33.41425869484652        1122.640338839196        37923.48567199789        288.6168328355000        75.10479730942485    
    1.500000000000000        284.2657121997062        33.94474396587951        1158.529522482060        39754.38384797378        284.8751629745292        75.03935769741646    
    2.500000000000000        300.5313825951691        34.48225865071152        1195.464831048912        41668.14894481862        281.1826232713670        74.90933014088776    
    3.500000000000000        317.5122868312842        35.02661021534751        1233.455085507851        43667.29262435571        277.5691989901810        74.71636375111241    
    4.500000000000000        335.2119466018148        35.57758639072732        1272.507150371202        45754.26293979675        274.0610806648084        74.46280446022608    
    5.500000000000000        353.6327558802540        36.13498182129712        1312.627665751357        47931.52698923820        270.6797799325619        74.15156168809746    
    6.500000000000000        372.7710053785031        36.69857328462210        1353.821438141157        50201.49183009245        267.4417174987600        73.78595867196344    
    7.500000000000000        392.6238715973798        37.26814294711781        1396.092720601783        52566.55049968525        264.3582461943331        73.36958220926056    
    8.500000000000000        413.1822290370565        37.84346999863433        1439.445017672944        55029.09188378429        261.4360174373779        72.90614444931975    
    9.500000000000000        434.4374880568920        38.42430708415386        1483.878774892548        57591.33747031102        258.6775755001049        72.39936502825419    
    10.50000000000000        456.3756613129011        39.01042574421168        1529.395006193198        60255.55468784032        256.0820668113964        71.85287747254148    
    11.50000000000000        478.9819355550432        39.60156236375267        1575.991141692504        63023.81480471859        253.6459715636773        71.27016021025409    
    12.50000000000000        502.2387721263000        40.19749384369287        1623.666611653696        65898.29867827457        251.3637920233213        70.65449007061140    
    13.50000000000000        526.1270567931988        40.79793438901788        1672.415031169161        68880.84685471249        249.2286585091891        70.00891480315310    
    14.50000000000000        550.6235235567800        41.40263742216076        1722.231848493685        71973.38727629477        247.2328357131383        69.33624068301603    
    15.50000000000000        575.7076834540150        42.01132556463275        1773.108973682357        75177.62019761546        245.3681274575258        68.63903140056745    
    16.50000000000000        601.3521425493216        42.62372867998126        1825.037583840260        78495.16819914519        243.6261875078359        67.91961489981524    
    17.50000000000000        627.5346763948686        43.23957571967486        1878.007728676206        81927.56318165750        241.9987489215431        67.18009543305978    
    18.50000000000000        654.2319633945298        43.85859233789012        1932.007871504870        85476.19783688779        240.4777860334948        66.42236871121537    
    19.50000000000000        681.4172471326752        44.48049250884484        1987.024066958126        89142.25776096119        239.0556227931904        65.64813857961627    
    20.50000000000000        709.0713691082705        45.10500423331369        2043.042400628748        92926.89018844465        237.7249997155010        64.85893410793956    
    21.50000000000000        737.1728012880512        45.73183597930752        2100.045781572033        96830.96814864002        236.4791098153599        64.05612634512597    
    22.50000000000000        765.7041166222733        46.36068718158550        2158.014858182626        100855.1443335200        235.3116119540365        63.24094426422658    
    23.50000000000000        794.6501532923767        46.99125826336641        2216.928895261046        104999.9016691894        234.2166282378574        62.41448962195577    
    24.50000000000000        823.9953132116830        47.62323721381184        2276.764455310154        109265.4496663820        233.1887305718188        61.57775059853201    
    25.50000000000000        853.7294274571700        48.25630775046891        2337.496213320138        113651.7789542362        232.2229202030347        60.73161417906142    
    26.50000000000000        883.8468274906253        48.89014531726715        2399.096457714497        118158.6093673554        231.3146030774945        59.87687730001038    
    27.50000000000000        914.3474122434867        49.52442582094366        2461.535944665417        122785.4461591014        230.4595630459325        59.01425682260300    
    28.50000000000000        945.2337537195882        50.15881901548892        2524.783139738046        127531.5085255092        229.6539343532777        58.14439841645763    
    29.50000000000000        976.5103569464997        50.79298138793667        2588.803498105874        132395.6656791797        228.8941743947763        57.26788444680902    
    30.50000000000000        1008.190269726675        51.42657416378068        2653.561255338055        137376.5641856796        228.1770373882480        56.38524096113864    
    31.50000000000000        1040.289704520845        52.05924042170076        2719.016996654381        142472.4256277401        227.4995493690134        55.49694386872964    
    32.50000000000000        1072.827521678283        52.69061242989835        2785.128373549700        147681.0903627716        226.8589847399020        54.60342440150105    
    33.50000000000000        1105.829811224566        53.32031648212644        2851.850656383589        153000.0576145739        226.2528444861351        53.70507393777474    
    34.50000000000000        1139.325741997423        53.94798257924987        2919.137634792328        158426.5380677108        225.6788360803825        52.80224826326295    
    35.50000000000000        1173.349337690699        54.57322324532630        2986.939377626861        163957.2672960160        225.1348550466935        51.89527133609876    
    36.50000000000000        1207.936352720752        55.19564755807824        3055.203701738607        169588.6137070479        224.6189681155847        50.98443861551387    
    37.50000000000000        1243.126279235600        55.81485163775291        3123.875075087823        175316.4746305126        224.1293978805867        50.07002000700077    
    38.50000000000000        1278.962230774965        56.43043793168041        3192.896751367321        181136.4448537346        223.6645088547328        49.15226247058182    
    39.50000000000000        1315.488203787197        57.04199250407716        3262.208209874471        187043.5914894270        223.2227948207008        48.23139233318572    
    40.50000000000000        1352.743891044821        57.64906577314400        3331.742952485211        193032.2575415130        222.8028673683126        47.30761734110047    
    41.50000000000000        1390.778078218240        58.25125686734409        3401.438151632908        199096.8812942379        222.4034455162140        46.38112848400458    
    42.50000000000000        1429.625325447355        58.84810379358218        3471.222001093186        205230.8955455805        222.0233463196295        45.45210161813618    
    43.50000000000000        1469.336291772346        59.43921697611057        3541.029323890753        211428.0889329302        221.6614763722821        44.52069891269600    
    44.50000000000000        1509.935587364600        60.02411178854912        3610.781957524367        217680.8750982099        221.3168241173143        43.58707014054728    
    45.50000000000000        1551.470486174350        60.60240825775775        3680.412328814199        223982.3734226847        220.9884528889428        42.65135383162502    
    46.50000000000000        1593.960594334764        61.17364042380486        3749.840893449657        230324.4000262861        220.6754946133773        41.71367830515656    
    47.50000000000000        1637.427165685169        61.73739258906379        3818.992514214708        236698.9389120127        220.3771441040496        40.77416259478122    
    48.50000000000000        1681.885790237080        62.29322870801226        3887.787864914309        243097.3506767639        220.0926538923467        39.83291727890428    
    49.50000000000000        1727.336128491343        62.84071844793329        3956.146864349902        249510.7054986023        219.8213295407553        38.89004522709417    
    50.50000000000000        1773.772983074380        63.37945463387053        4023.990973109963        255930.0060257448        219.5625253905942        37.94564227200435    
    51.50000000000000        1821.176824958550        63.90901440719892        4091.238239825308        262345.7084587570        219.3156407013209        36.99979781514430    
    52.50000000000000        1869.516219304089        64.42899265296707        4157.807781681513        268748.1689633490        219.0801161427774        36.05259537381828    
    53.50000000000000        1918.744921927399        64.93899791363368        4223.619397480100        275127.6170272480        218.8554306057003        35.10411307567151    
    54.50000000000000        1968.801664145373        65.43864464133577        4288.592643410729        281474.0713018247        218.6410982993907        34.15442410651945    
    55.50000000000000        2019.602569222226        65.92754538788655        4352.645881096753        287777.2505416111        218.4366661086546        33.20359711646677    
    56.50000000000000        2071.046868805221        66.40533505240272        4415.699677817809        294026.9300217411        218.2417111850068        32.25169658873959    
    57.50000000000000        2123.016428490319        66.87167047352233        4477.676865399430        300212.9585117025        218.0558387497177        31.29878317514394    
    58.50000000000000        2175.371588125579        67.32621974522408        4538.501189914454        306325.1298402011        217.8786800885984        30.34491400161667    
    59.50000000000000        2227.950128602377        67.76865322535424        4598.096437053137        312353.1294494576        217.7098907204887        29.39014294694325    
    60.50000000000000        2280.577049223430        68.19867991987924        4656.391299338357        318287.0254123434        217.5491487232681        28.43452089737406    
    61.50000000000000        2333.055642475395        68.61601987424731        4713.315892913548        324116.9416875046        217.3961532028617        27.47809597956782    
    62.50000000000000        2385.176803266854        69.02041863472691        4768.803868695526        329833.2909507044        217.2506228922000        26.52091377402692    
    63.50000000000000        2436.717142121341        69.41162260239089        4822.789051396227        335426.4334945805        217.1122948684097        25.56301751095482    
    64.50000000000000        2487.437707392039        69.78940218203658        4875.208917691702        340887.0703361103        216.9809233777023        24.60444825026028    
    65.50000000000000        2537.095837275436        70.15354883280614        4926.004217056039        346206.2108763534        216.8562787584840        23.64524504725151    
    66.50000000000000        2585.440910755024        70.50386648646283        4975.117935608728        351375.0846086218        216.7381464541629        22.68544510540329    
    67.50000000000000        2632.221692558535        70.84015904800478        5022.493619848371        356384.9770516419        216.6263261079771        21.72508391743758    
    68.50000000000000        2677.181334095288        71.16224167139659        5068.077001920763        361227.4097961436        216.5206307329340        20.76419539583348    
    69.50000000000000        2720.063220564221        71.46994168111344        5111.816275341943        365894.1899244584        216.4208859506319        19.80281199377088    
    70.50000000000000        2760.615259037993        71.76309284856549        5153.661381184690        370377.3488979984        216.3269292933551        18.84096481741344    
    71.50000000000000        2798.587236102723        72.04153809511696        5193.564421932938        374669.1945366652        216.2386095643837        17.87868373034959    
    72.50000000000000        2833.734016037165        72.30512979808012        5231.479787977551        378762.3379369411        216.1557862519594        16.91599745093232    
    73.50000000000000        2865.815658845027        72.55372992449790        5267.364251347085        382649.7161848980        216.0783289927994        15.95293364318962    
    74.50000000000000        2894.601018328618        72.78721314734172        5301.177487872904        386324.6611561617        216.0061170814561        14.98951900191626    
    75.50000000000000        2919.872156865444        73.00546850890706        5332.882401013143        389780.9483090836        215.9390390221877        14.02577933250340    
    76.50000000000000        2941.426401264900        73.20839630561588        5362.444697605267        393012.7576574772        215.8769921203395        13.06173962601349    
    77.50000000000000        2959.080782619523        73.39590855404875        5389.833002953219        396014.6953146860        215.8198821105377        12.09742412996584    
    78.50000000000000        2972.679360507163        73.56793379883891        5415.019656942573        398781.8952924966        215.7676228192744        11.13285641525943    
    79.50000000000000        2982.098757880728        73.72440667380073        5437.979203637597        401309.8590396295        215.7201358597137        10.16805943962593    
    80.50000000000000        2987.252954033814        73.86528091624629        5458.690349601695        403594.6800514624        215.6773503567802        9.203055607976133    
    81.50000000000000        2988.092251626679        73.99051284553387        5477.133552786775        405632.7827788793        215.6392027008027        8.237866829976330    
    82.50000000000000        2984.609962763764        74.10006496580135        5493.291595103715        407420.9936161204        215.6056363281818        7.272514575167987    
    83.50000000000000        2976.841441230053        74.19390513564753        5507.149470404081        408956.5322812168        215.5766015277312        6.307019925923664    
    84.50000000000000        2964.867973338251        74.27200095760911        5518.693572411637        410236.9259431002        215.5520552715099        5.341403628514545    
    85.50000000000000        2948.812605295909        74.33432595686698        5527.912652610149        411260.1225946220        215.5319610691220        4.375686142549192    
    86.50000000000000        2928.839523782521        74.38085216493226        5534.796707014825        412024.3671884889        215.5162888446061        3.409887689030332    
    87.50000000000000        2905.149349746152        74.41155274166773        5539.337367865211        412528.2469258354        215.5050148351773        2.444028297265449    
    88.50000000000000        2877.977175309355        74.42641023152227        5541.529172912223        412770.8386982632        215.4981215112206        1.478127850857462    
    89.50000000000000        2847.574189795911        74.42540568366765        5541.367902994434        412751.5190381929        215.4955975170559       0.5122061329948578    
    90.50000000000000        2814.209533084155        74.40852777581773        5538.851969414054        412470.1227771104        215.4974376321262      -0.4537171287449906    
    91.50000000000000        2778.171924233697        74.37577584212177        5533.982889208819        411926.9989429134        215.5036427523743       -1.419622217869689    
    92.50000000000000        2739.763549792882        74.32714994055472        5526.763758713368        411122.8343362632        215.5142198916944       -2.385489384515227    
    93.50000000000000        2699.288315818083        74.26266496683522        5517.201390543243        410058.8957330210        215.5291822034628       -3.351298800851854    
    94.50000000000000        2657.044257479969        74.18234190816081        5505.304975942561        408736.8752757896        215.5485490222672       -4.317030516144735    
    95.50000000000000        2613.333759127142        74.08621681138060        5491.087425668174        407159.0396162206        215.5723459260725       -5.282664411258771    
    96.50000000000000        2568.450768468813        73.97432783120790        5474.563397640969        405328.0028219976        215.6006048191832       -6.248180152392742    
    97.50000000000000        2522.677115624498        73.84672299548404        5455.750445106482        403246.8518166291        215.6333640364822       -7.213557143822346    
    98.50000000000000        2476.292294496910        73.70347232901349        5434.670817700878        400919.3449490810        215.6706684695581       -8.178774479423625    
    99.50000000000000        2429.555179978351        73.54464590499514        5411.348110532451        398349.5254712628        215.7125697154610       -9.143810892739092    
    100.5000000000000        2382.710851226409        73.37033410434540        5385.810285495307        395542.0571122943        215.7591262489715       -10.10864470533702    
    101.5000000000000        2335.990595196975        73.18063291864446        5358.087394171886        392501.9565007181        215.8104036194111       -11.07325377320132    
    102.5000000000000        2289.606738229209        72.97565393312728        5328.213048060091        389234.7525218184        215.8664746731818       -12.03761543087319    
    103.5000000000000        2243.759406514871        72.75552807042057        5296.224912980852        385746.5311036826        215.9274198033896       -13.00170643304753    
    104.5000000000000        2198.619793693115        72.52038685289430        5262.161801428099        382043.5937423208        215.9933272280873       -13.96550289330658    
    105.5000000000000        2154.345984797408        72.27038074568205        5226.066407504377        378132.7599382974        216.0642932988675       -14.92898021964904    
    106.5000000000000        2111.076590016914        72.00567561951038        5187.984627277319        374021.2706076495        216.1404228417455       -15.89211304644600    
    107.5000000000000        2068.927832079132        71.72646064556837        5147.966646833134        369716.8967479821        216.2218295325052       -16.85487516242483    
    108.5000000000000        2027.997392616348        71.43293035576824        5106.064231341117        365227.6282692140        216.3086363089284       -17.81723943424727    
    109.5000000000000        1988.361853926030        71.12529935226654        5062.332772608855        360561.8838059506        216.4009758226051       -18.77917772520918    
    110.5000000000000        1950.082662318773        70.80380676575513        5016.831808029713        355728.5498987035        216.4989909333208       -19.74066080854616    
    111.5000000000000        1913.196773762684        70.46869641731877        4969.622011415285        350736.6356793011        216.6028352493513       -20.70165827477963    
    112.5000000000000        1877.727162179338        70.12023950289991        4920.768423925240        345595.6150076468        216.7126737173569       -21.66213843248251    
    113.5000000000000        1843.675926190924        69.75871228760988        4870.337086579248        340315.0427263240        216.8286832659743       -22.62206820178226    
    114.5000000000000        1811.031742968214        69.38441264622386        4818.397241632578        334904.7707619513        216.9510535076489       -23.58141299984829    
    115.5000000000000        1779.767771498437        68.99764677172800        4765.019392012135        329374.7330725776        217.0799875037423       -24.54013661753237    
    116.5000000000000        1749.844162170793        68.59873511338226        4710.276006631830        323735.0042361969        217.2157025985020       -25.49820108624248    
    117.5000000000000        1721.207196731946        68.18800655746938        4654.240574213047        317995.6844029764        217.3584313280840       -26.45556653402989    
    118.5000000000000        1693.793273866930        67.76579903056917        4596.987596974910        312166.8871674213        217.5084224114974       -27.41219102975797    
    119.5000000000000        1667.529537125597        67.33245309793941        4538.591591050595        306258.6230863133        217.6659418310936       -28.36803041409327    
    120.5000000000000        1642.339229221821        66.88831380267547        4479.127268308120        300280.8100954028        217.8312740110584       -29.32303811591668    
    121.5000000000000        1618.132733300512        66.43372910571715        4418.669247170539        294243.2355412301        218.0047231033013       -30.27716495259082    
    122.5000000000000        1594.818252305304        65.96904884838337        4357.291790588197        288155.5170978907        218.1866143911783       -31.23035891233566    
    123.5000000000000        1572.301838497645        65.49462642809648        4295.069010470343        282027.1214049372        218.3772958226460       -32.18256491675786    
    124.5000000000000        1550.484896990047        65.01079802157483        4232.071949616434        275867.0572645788        218.5771396857428       -33.13372456134347    
    125.5000000000000        1529.272536289224        64.51790912940402        4168.372141119546        269684.2358025096        218.7865444407427       -34.08377583145663    
    126.5000000000000        1508.567965473941        64.01630719153204        4104.040600911355        263487.3669661223        219.0059367249434       -35.03265279108327    
    127.5000000000000        1488.269873717903        63.50632095305368        4039.144892973236        257284.6518505747        219.2357735478572       -35.98028524121472    
    128.5000000000000        1468.285125023740        62.98830140027918        3973.754652123273        251084.3413287572        219.4765446965880       -36.92659834437109    
    129.5000000000000        1448.518420317768        62.46257767972842        3907.935627021409        244894.1364499147        219.7287753734221       -37.87151221131840    
    130.5000000000000        1428.875723238141        61.92947531815010        3841.752074695565        238721.4268812449        219.9930290901684       -38.81494144552091    
    131.5000000000000        1409.272290740077        61.38933585672244        3775.269258148584        232573.5320864431        220.2699108465634       -39.75679464028653    
    132.5000000000000        1389.620972069529        60.84248584888957        3708.549398117490        226457.3087384453        220.5600706231513       -40.69697382289594    
    133.5000000000000        1369.842132476642        60.28925347115325        3641.653781536328        220379.3540599803        220.8642072224755       -41.63537383924253    
    134.5000000000000        1349.857253288309        59.72996682019420        3574.642504527545        214345.9833647464        221.1830724961995       -42.57188167163540    
    135.5000000000000        1329.598677062251        59.16495919316676        3507.575144948734        208363.2957822802        221.5174759999398       -43.50637568141642    
    136.5000000000000        1308.996033823516        58.59452998767236        3440.505860653575        202436.7191561588        221.8682901221448       -44.43872476689470    
    137.5000000000000        1287.995382793241        58.01901853898500        3373.492460610431        196571.8509691709        222.2364557383057       -45.36878742578426    
    138.5000000000000        1266.539170499735        57.43872224881853        3306.586267414281        190773.5215460867        222.6229884471203       -46.29641070982269    
    139.5000000000000        1244.587096132320        56.85397231574019        3239.841577246059        185046.6826823267        223.0289854509122       -47.22142905751780    
    140.5000000000000        1222.096771441563        56.26506155725407        3173.306631774770        179395.5705367163        223.4556331485653       -48.14366298898621    
    141.5000000000000        1199.040347501029        55.67230630510966        3107.031250961661        173824.4131397040        223.9042155153498       -49.06291764457916    
    142.5000000000000        1175.397182457391        55.07600532837672        3041.061903316755        168336.9924776294        224.3761233500916       -49.97898114639568    
    143.5000000000000        1151.154121340246        54.47644940050479        2975.442714179732        162936.7301972274        224.8728644758873       -50.89162275882323    
    144.5000000000000        1126.307875903684        53.87393609852238        2910.217319833150        157626.8652335838        225.3960749855684       -51.80059082087890    
    145.5000000000000        1100.863218935514        53.26877160029415        2845.428942028271        152410.4564644747        225.9475316267463       -52.70561041930736    
    146.5000000000000        1074.834759495022        52.66124523246066        2781.117506250476        147290.1421810749        226.5291654226672       -53.60638076708874    
    147.5000000000000        1048.243854450833        52.05164361248114        2717.321367856398        142268.3027592752        227.1430766230455       -54.50257224718981    
    148.5000000000000        1021.123768081996        51.44025405350004        2654.077522488587        137347.0721058255        227.7915510718456       -55.39382307604419    
    149.5000000000000        993.5132458023335        50.82736778009680        2591.422164514815        132528.4036308598        228.4770780643226       -56.27973553538389    
    150.5000000000000        965.4595881920044        50.21326529173165        2529.388827656519        127813.9061255030        229.2023697403661       -57.15987171472865    
    151.5000000000000        937.0144537573342        49.59823605866345        2468.010731169714        123205.0551404029        229.9703820210468       -58.03374870019545    
    152.5000000000000        908.2431234552156        48.98255351227942        2407.318009788331        118702.9701024781        230.7843370345438       -58.90083313855163    
    153.5000000000000        879.2069151589302        48.36649929613589        2347.340315731138        114308.6299296910        231.6477468887464       -59.76053509898434    
    154.5000000000000        849.9760711969893        47.75035993978635        2288.106447447585        110022.8479020017        232.5644385208184       -60.61220114949982    
    155.5000000000000        820.6273114650139        47.13440797794745        2229.642306660301        105846.1136835834        233.5385791759752       -61.45510656111097    
    156.5000000000000        791.2344914743607        46.51892651020425        2171.973686558242        101778.8318136311        234.5747018221546       -62.28844655238014    
    157.5000000000000        761.8777441379304        45.90419385336877        2115.124367601388        97821.15969279419        235.6777294735327       -63.11132649140792    
    158.5000000000000        732.6344964822595        45.29049378317750        2059.117374781426        93973.12393572040        236.8529969488681       -63.92275098477188    
    159.5000000000000        703.5840979491322        44.67811144653442        2003.974441237758        90234.57765706228        238.1062680011442       -64.72161180707356    
    160.5000000000000        674.8015036153658        44.06732874690512        1949.715612072468        86605.18157352334        239.4437449907886       -65.50667466587072    
    161.5000000000000        646.3617737650005        43.45843791641384        1896.360582806819        83084.50857892064        240.8720673042372       -66.27656486178145    
    162.5000000000000        618.3346134039490        42.85172937557009        1843.927497266052        79671.96026930901        242.3982935184140       -67.02975200132877    
    163.5000000000000        590.7913949482239        42.24748905764643        1792.432595989371        76366.74303231601        244.0298608746630       -67.76453406157584    
    164.5000000000000        563.7884331621733        41.64602891577203        1741.893191035837        73168.08992262538        245.7745139866330       -68.47902130342904    
    165.5000000000000        537.3870827938771        41.04763231350296        1692.322712752862        70074.92862125693        247.6401929685207       -69.17112079792795    
    166.5000000000000        511.6360116893155        40.45258280119635        1643.733095798121        67086.03496317688        249.6348695475862       -69.83852267835289    
    167.5000000000000        486.5791082299883        39.86118267777267        1596.136896851443        64200.21055762119        251.7663185983641       -70.47868966571704    
    168.5000000000000        462.2576004333462        39.27373147192257        1549.544860170911        61416.09275353142        254.0418125095610       -71.08885192769279    
    169.5000000000000        438.7026517316468        38.69051298386241        1503.965350829974        58732.15612006679        256.4677277369906       -71.66600988835573    
    170.5000000000000        415.9422585336929        38.11182816197262        1459.406715875985        56146.84345092261        259.0490579240748       -72.20694813729629    
    171.5000000000000        393.9970869291487        37.53795025815709        1415.874033335355        53658.39366949231        261.7888373116098       -72.70826396824486    
    172.5000000000000        372.8806808408055        36.96915851603224        1373.371724442753        51265.00010052923        264.6874928021754       -73.16641412509716    
    173.5000000000000        352.6043870974354        36.40574100750719        1331.903813952817        48964.83078544580        267.7421631366697       -73.57778280998279    
    174.5000000000000        333.1702625621099        35.84794841156020        1291.470399180437        46755.82901550570        270.9460476307411       -73.93877266314077    
    175.5000000000000        314.5793901798275        35.29604143732516        1252.071389451174        44635.93883384181        274.2878707149307       -74.24591807683360    
    176.5000000000000        296.8254811883220        34.75027483734903        1213.705481939336        42603.05901094741        277.7515651721856       -74.49601686933882    
    177.5000000000000        279.9005411703978        34.21087883229902        1176.368586248885        40654.94640956120        281.3162776078541       -74.68627236443085    
    178.5000000000000        263.7907657271517        33.67808661256041        1140.056164440226        38789.36591089217        284.9567763107472       -74.81443404468862    
    179.5000000000000        248.4805865234701        33.15211473143516        1104.761844506113        37004.01731388980        288.6442913560943       -74.87892224429615    
    180.5000000000000        233.9508717192308        32.63317279917823        1070.478157658064        35296.57898847678        292.3477457180372       -74.87892192058688    
    181.5000000000000        220.1825677570498        32.12148428212366        1037.197981611192        33664.78431735641        296.0352604453798       -74.81443307768666    
    182.5000000000000        207.1511155342974        31.61721531918291        1004.909828381244        32106.18757531216        299.6757585281626       -74.68627076625502    
    183.5000000000000        194.8330611769987        31.12055536233449        973.6034732175166        30618.46022807357        303.2404700714732       -74.49601465936153    
    184.5000000000000        183.2024025210926        30.63164244226427        943.2649252183797        29199.13568627739        306.7041634044892       -74.24591528056274    
    185.5000000000000        172.2323414601998        30.15065227405965        913.8825736357397        27845.92697247667        310.0459851791819       -73.93876931086491    
    186.5000000000000        161.8961022451907        29.67769625340876        885.4404130713267        26556.38702299708        313.2498682270902       -73.57777893533249    
    187.5000000000000        152.1661150607746        29.21290490802965        857.9236153220713        25328.18783185686        316.3045370256258       -73.16640976365701    
    188.5000000000000        143.0145462060137        28.75636379394233        831.3146128172015        24158.93820515358        319.2031909328599       -72.70825915631654    
    189.5000000000000        134.4143005313636        28.30817523193207        805.5968805134576        23046.35721043394        321.9429687260071       -72.20694291087165    
    190.5000000000000        126.3381347532274        27.86841156173005        780.7522346300373        21988.15472410257        324.5242973371661       -71.66600428232169    
    191.5000000000000        118.7588580533758        27.43713430001480        756.7620708189952        20982.08934306613        326.9502110299134       -71.08884597526088    
    192.5000000000000        111.6512802264778        27.01439899020126        733.6076571249602        20025.97986705974        329.2257034642715       -70.47868339805210    
    193.5000000000000        104.9891134352889        26.60022466111801        711.2684769355369        19117.63539681585        331.3571511073114       -69.83851612436642    
    194.5000000000000        98.74661901541980        26.19463159276485        689.7245542883228        18254.95984039808        333.3518263545907       -69.17111398420013    
    195.5000000000000        92.90172507974708        25.79765752881882        668.9571281728061        17435.96813691187        335.2175040840081       -68.47901425422516    
    196.5000000000000        87.43068273866311        25.40927733138243        648.9444928898156        16658.62243406537        336.9621560235325       -67.76452679892853    
    197.5000000000000        82.31051039032333        25.02947275112583        629.6658104058231        15920.98607190245        338.5937222861263       -67.02974454516215    
    198.5000000000000        77.52106578536468        24.65823281407292        611.1011424508564        15221.22251838206        340.1199474828424       -66.27655723005984    
    199.5000000000000        73.04163057294392        24.29550226490469        593.2287720573905        14557.48786943295        341.5482688515297       -65.50666687475821    
    200.5000000000000        68.85300232098820        23.94124584674298        576.0285618221251        13928.06038442114        342.8857449650715       -64.72160387109544    
    201.5000000000000        64.93709771815367        23.59539175859477        559.4791398818854        13331.23243334854        344.1390152055830       -63.92274291697165    
    202.5000000000000        61.27651465325264        23.25788485209246        543.5605554917181        12765.40747253742        345.3142819290833       -63.11131830349610    
    203.5000000000000        57.85489453485971        22.92864741296220        528.2522891102893        12229.02171259909        346.4173088841953       -62.28843825487253    
    204.5000000000000        54.65660131229727        22.60760623063046        513.5347779325923        11720.60460615977        347.4534308854561       -61.45509816345542    
    205.5000000000000        51.66726189282227        22.29466629183573        499.3879664318198        11238.71763683678        348.4275709430199       -60.61219266019138    
    206.5000000000000        48.87308337346458        21.98973278104888        485.7924049935791        10781.99299609715        349.3442620210359       -59.76052652566876    
    207.5000000000000        46.26111159497554        21.69271553229894        472.7295497342611        10349.14491557286        350.2076713611824       -58.90082448811827    
    208.5000000000000        43.81926304133459        21.40350455524040        460.1805273294473        9938.920971894362        351.0216258973419       -58.03373997886001    
    209.5000000000000        41.53618899315767        21.12198990663584        448.1270884895276        9550.134135848562        351.7896377343759       -57.15986292810673    
    210.5000000000000        39.40122357073654        20.84806862213710        436.5519387153489        9181.672526262771        352.5149289976796       -56.27972668855631    
    211.5000000000000        37.40430637041904        20.58160833032773        425.4370308592613        8832.437433448542        353.2004556057717       -55.39381417361476    
    212.5000000000000        35.53614553433180        20.32249553900148        414.7657882513945        8501.418080831661        353.8489296962069       -54.50256329333663    
    213.5000000000000        33.78806109086357        20.07060673630164        404.5217656256833        8187.643525032144        354.4628405621077       -53.60637176560940    
    214.5000000000000        32.15195239294125        19.82581357297845        394.6888525177562        7890.186740921900        355.0444740454922       -52.70560137365916    
    215.5000000000000        30.62025909237777        19.58799194987373        385.2516925086293        7608.177629068948        355.5959303943002       -51.80058173421428    
    216.5000000000000        29.18593425299418        19.35701552749875        376.1953654063922        7340.789968001189        356.1191406301595       -50.89161363402121    
    217.5000000000000        27.84244244372990        19.13275787692289        367.5054495538542        7087.241045406701        356.6158814992066       -49.97897198608969    
    218.5000000000000        26.58360839657571        18.91509356904741        359.1680744831284        6846.792308686437        357.0877890929277       -49.06290845118188    
    219.5000000000000        25.40372124169654        18.70389460786325        351.1697510716932        6618.742108159759        357.5363712331929       -48.14365376471141    
    220.5000000000000        24.29744591337241        18.49903526565798        343.4975515917514        6402.429551547104        357.9630187177081       -47.22141980439991    
    221.5000000000000        23.25986557905592        18.30039169579661        336.1390646379843        6197.231173271296        358.3690155207215       -46.29640142973418    
    222.5000000000000        22.28638268140598        18.10783788317857        329.0822257430488        6002.554618237289        358.7555480401828       -45.36877812045112    
    223.5000000000000        21.37274026074539        17.92125361729277        322.3156167519373        5817.846176093532        359.1237134775611       -44.43871543791029    
    224.5000000000000        20.51501005958355        17.74051692494631        315.8281482441345        5642.579901768027        359.4745274307726       -43.50636633025377    
    225.5000000000000        19.70943375955852        17.56550063244567        309.6089192410122        5476.252531649874        359.8089307745920       -42.57187229965831    
    226.5000000000000        18.95265429452214        17.39608931228680        303.6478390897304        5318.399881485532       0.1278059147233578       -41.63536444771552    
    227.5000000000000        18.24147748738009        17.23216224059586        297.9349621759561        5168.576640324483       0.4319423703552415       -40.69696441299301    
    228.5000000000000        17.57300387754711        17.07360325633297        292.4608522766457        5026.365873914358       0.7221020105097724       -39.75678521309933    
    229.5000000000000        16.94452542512796        16.92030363484167        287.2166624684085        4891.379920469707       0.9989836372206542       -38.81493200206583    
    230.5000000000000        16.35355495007310        16.77215316142012        282.1937833267628        4763.249468145480        1.263237230562907       -37.87150275254301    
    231.5000000000000        15.79773619812471        16.62904321151771        277.3839526561107        4641.626022008820        1.515467789840401       -36.92658887116011    
    232.5000000000000        15.27491714615216        16.49086982197555        272.7793479599586        4526.183454507896        1.756238826462827       -35.98027575439532    
    233.5000000000000        14.78308261693478        16.35753311269774        268.3725498311704        4416.616185549301        1.986075542347822       -35.03264329142969    
    234.5000000000000        14.32037193570688        16.22893504549486        264.1564447128351        4312.635707748499        2.205467724257805       -34.08376631969467    
    235.5000000000000        13.88503011586692        16.10498060934703        260.1242558108954        4213.970788849405        2.414872381389305       -33.13371503815453    
    236.5000000000000        13.47543831198774        15.98557826162000        256.2695481843355        4120.367006758741        2.614716150747140       -32.18255538278220    
    237.5000000000000        13.09010050720320        15.87063974713267        252.5862115109446        4031.585730103618        2.805397492333319       -31.23034936817597    
    238.5000000000000        12.72762683310218        15.76007944270624        249.0684215311707        3947.402420891459        2.987288693933514       -30.27715539881514    
    239.5000000000000        12.38670542722599        15.65381188947216        245.7105419543415        3867.603519033507        3.160737703269062       -29.32302855306096    
    240.5000000000000        12.06613325594453        15.55175685020772        242.5072964740610        3791.990618503233        3.326069803476883       -28.36802084266398    
    241.5000000000000        11.76478299445489        15.45383610074080        239.4536405485172        3720.376511558583        3.483589146262092       -27.41218145023446    
    242.5000000000000        11.48161507932742        15.35997564394623        236.5448303164447        3652.586606386516        3.633580155619396       -26.45555694686624    
    243.5000000000000        11.21566664049485        15.27010670938547        233.7764489557210        3588.459242932915        3.776308813721459       -25.49819149186963    
    244.5000000000000        10.96604190352454        15.18416157068258        231.1442542652137        3527.841382827640        3.912023839410135       -24.54012701635985    
    245.5000000000000        10.73190412715813        15.10207208410964        228.6441222774073        3470.586869626516        4.040957768684318       -23.58140339226569    
    246.5000000000000        10.51248808151243        15.02377645756781        226.2722670838760        3416.561685325978        4.163327945644015       -22.62205858816091    
    247.5000000000000        10.30707262278893        14.94921290423154        224.0250212806621        3365.638124827636        4.279337431512197       -21.66212881317684    
    248.5000000000000        10.11498770129073        14.87832468796432        221.8989987064668        3317.698651424836        4.389175838603241       -20.70164865012831    
    249.5000000000000        9.935619179110551        14.81105856762366        219.8910341587100        3272.634092255047        4.493020095430531       -19.74065117887345    
    250.5000000000000        9.768397079020918        14.74736375528341        217.9981438974809        3230.342443708396        4.591035148537663       -18.77916809082599    
    251.5000000000000        9.612798741091058        14.68719246119650        216.2175374302838        3190.728941388706        4.683374606089765       -17.81722979545214    
    252.5000000000000        9.468324886109851        14.63049710003926        214.5465217906370        3153.703533100989        4.770181327767576       -16.85486551950493    
    253.5000000000000        9.334524153684892        14.57723524219524        212.9826587461628        3119.184579435773        4.851587965061265       -15.89210339967807    
    254.5000000000000        9.210978918169051        14.52736499601118        211.5236106286591        3087.094921396417        4.927717455657778       -14.92897056930011    
    255.5000000000000        9.097301664327318        14.48084738908324        210.1672140836466        3057.363553521970        4.998683475250283       -13.96549323963489    
    256.5000000000000        8.993144808290378        14.43764772426741        208.9115168198163        3029.926311045879        5.064590849767430       -13.00169677630322    
    257.5000000000000        8.898186868864046        14.39773380899069        207.7547206170377        3004.724443837610        5.125535930718515       -12.03760577129894    
    258.5000000000000        8.812138401626052        14.36107400029838        206.6951141368766        2981.702853062826        5.181606936076649       -11.07324411103311    
    259.5000000000000        8.734745293976401        14.32764142628492        205.7312041979688        2960.813133851802        5.232884258870860       -10.10863504080475    
    260.5000000000000        8.665768099349327        14.29740884229584        204.8615490848493        2942.009484213640        5.279440745428806       -9.143801226067081    
    261.5000000000000        8.605008340064987        14.27035128247626        204.0848428727109        2925.250697434831        5.321341944999985       -8.178764810831286    
    262.5000000000000        8.549774146093883        14.24660300427329        203.4043459029318        2910.594124918067        5.358646332295131       -7.213547473524735    
    263.5000000000000        8.507461863406887        14.22567620284873        202.8058166817544        2897.727181440034        5.391405504296508       -6.248170480600977    
    264.5000000000000        8.470404828398552        14.20802544027017        202.3016986426877        2886.905299269819        5.419664352526176       -5.282654738180653    
    265.5000000000000        8.441025276446933        14.19347985817928        201.8868276328613        2878.011432888457        5.443461211802174       -4.317020841985248    
    266.5000000000000        8.419257391734851        14.18202740323764        201.5605852641195        2871.026378548370        5.462827986364952       -3.351289125813486    
    267.5000000000000        8.405056768518369        14.17365884366530        201.3224942774895        2865.935291912927        5.477790254116619       -2.385479708798621    
    268.5000000000000        8.398394678914594        14.16836692303515        201.1721896781573        2862.726946961269        5.488367349582567       -1.419612541674067    
    269.5000000000000        8.399267207996820        14.16614783189272        201.1094649303421        2861.394822289119        5.494572426077495      -0.4537074522684599    
    270.5000000000000        8.406290121320314        14.16705314920739        201.1357435119573        2861.968417725124        5.496412497434322       0.5122158095546737    
    271.5000000000000        8.423685714398800        14.17092364787163        201.2465162751380        2864.351784404860        5.493888459534427        1.478137527303015    
    272.5000000000000        8.447322163747550        14.17792309306094        201.4465136510989        2868.647627692000        5.486995091759481        2.444037973398967    
    273.5000000000000        8.478666360254225        14.18800534932986        201.7345597641897        2874.833783568761        5.475721038367981        3.409897364653189    
    274.5000000000000        8.517810270464853        14.20117685541385        202.1110243814375        2882.922208080563        5.460048769682508        4.375695817461492    
    275.5000000000000        8.564863682378812        14.21744665724784        202.5764108761652        2892.929017809599        5.439954522855664        5.341413302514815    
    276.5000000000000        8.619956792176334        14.23682823864061        203.1314133014635        2904.875839354883        5.415408221862124        6.307029598808204    
    277.5000000000000        8.683240481494984        14.25933699960632        203.7768394711858        2918.788053099992        5.386373376241123        7.272524246730432    
    278.5000000000000        8.754888824098956        14.28499153859310        204.5136537282565        2934.695874181699        5.352806957985629        8.237876500007305    
    279.5000000000000        8.835100256218027        14.31381117764579        205.3429024312500        2952.632675797622        5.314659255841485        9.203065276262572    
    280.5000000000000        8.924099590250140        14.34581683091834        206.2657413650499        2972.635663463658        5.271873706139751        10.16806910595059    
    281.5000000000000        9.022135239593108        14.38103262272338        207.2834887070582        2994.747197578167        5.224386699137576        11.13286607940049    
    282.5000000000000        9.129476989775268        14.41948548205204        208.3976129517509        3019.014548782436        5.172127359685576        12.09743379169618    
    283.5000000000000        9.246442436119317        14.46120541704473        209.6097452860519        3045.490304786238        5.115017300871314        13.06174928510010    
    284.5000000000000        9.373369697211075        14.50622311916574        210.9216071662365        3074.230755285744        5.052970349107394        14.02578898870692    
    285.5000000000000        9.510627631119958        14.55457297136914        212.3351072167790        3105.298274954770        4.985892238937331        14.98952865499018    
    286.5000000000000        9.658618155789483        14.60629247820443        213.8523293942287        3138.761223738414        4.913680275620106        15.95294329287955    
    287.5000000000000        9.817777777979714        14.66142095149493        215.4754935077993        3174.693100743542        4.836222963323775        16.91600709697549    
    288.5000000000000        9.988571806460717        14.71999982748445        217.2069660723101        3213.172877704330        4.753399596506295        17.87869337247385    
    289.5000000000000        10.17152635836390        14.78207598212142        219.0493750475290        3254.288015441010        4.665079811785833        18.84097445533646    
    290.5000000000000        10.36720444958686        14.84769617293837        221.0054309188207        3298.130192297107        4.571123097299806        19.80282162719945    
    291.5000000000000        10.57621983835440        14.91691224836868        223.0781034122919        3344.799865077534        4.471378256218290        20.76420502446237    
    292.5000000000000        10.79923613743489        14.98977921198733        225.2705656406494        3394.405141439227        4.365682820709619        21.72509354094854    
    293.5000000000000        11.03697024899916        15.06635228546884        227.5861035098312        3447.059764027340        4.253862412249508        22.68545472346416    
    294.5000000000000        11.29019530466979        15.14668917869773        230.0281945232330        3502.885252496479        4.135730043715143        23.64525465951484    
    295.5000000000000        11.55976843566056        15.23085258341166        232.6005978503136        3562.013423695133        4.011085358206778        24.60445785636211    
    296.5000000000000        11.84659992924300        15.31890614193025        235.3072278246715        3624.583524241454        3.879713798985746        25.56302711051349    
    297.5000000000000        12.15167803068191        15.41091617119226        238.1522241939778        3690.744419880190        3.741385704302254        26.52092336664138    
    298.5000000000000        12.47605676148462        15.50694921139629        241.1398737479891        3760.652839185015        3.595855320201294        27.47810556481610    
    299.5000000000000        12.82086412213427        15.60707651922233        244.2747625369916        3834.477408201494        3.442859723631890        28.43453047481169    
    300.5000000000000        13.18730048308511        15.71137299833728        247.5617512651409        3912.398481000991        3.282117647334441        29.39015251610119    
    301.5000000000000        13.57666411354581        15.81991709642167        251.0059799161455        3994.608622156544        3.113328197030810        30.34492356199928    
    302.5000000000000        13.99034527767878        15.93279083379344        254.6128798070505        4081.313400593712        2.936169450382108        31.29879272622694    
    303.5000000000000        14.42983971418478        16.05008035199413        258.3882112255159        4172.733050411130        2.750296925994216        32.25170612996738    
    304.5000000000000        14.89674756990511        16.17187494656218        262.3380312392202        4269.101899470583        2.555341909426536        33.20360664724984    
    305.5000000000000        15.39279042560541        16.29826628048002        266.4686748120399        4370.668328465809        2.350909621678642        34.15443362623161    
    306.5000000000000        15.91983177606985        16.42935046338152        270.7868461501657        4477.697947424697        2.136577213973365        35.10412258364649    
    307.5000000000000        16.47988563223344        16.56522649268021        275.2995744747206        4590.473006060583        1.911891570801806        36.05260486934620    
    308.5000000000000        17.07512422784323        16.70599780631325        280.0142912665904        4709.295389294756        1.676366901125002        36.99980729746802    
    309.5000000000000        17.70789930330603        16.85176863623156        284.9387180752070        4834.484404077217        1.429482095311590        37.94565174031496    
    310.5000000000000        18.38075657202996        17.00264227997788        290.0808008323226        4966.375332982435        1.170677822805269        38.89005468052637    
    311.5000000000000        19.09643896187325        17.15872421077339        295.4488404288526        5105.323894197903       0.8993533426315796        39.83292671653123    
    312.5000000000000        19.85789934998801        17.32012199558154        301.0515169570423        5251.708123623254       0.6148629956405879        40.77417201560871    
    313.5000000000000        20.66828561606826        17.48694830432241        306.8979980682492        5405.931872004572       0.3165123438099328        41.71368770811656    
    314.5000000000000        21.53097276644159        17.65931364554661        312.9976891503666        5568.418914768232       0.3553917972418961E-02    42.65136321556877    
    315.5000000000000        22.44961689977003        17.83733332933500        319.3605122110135        5739.621895571381        359.6751725130443        43.58707950423726    
    316.5000000000000        23.42810934247605        18.02112294468042        325.9967553206307        5920.019271532603        359.3305200904023        44.52070825479718    
    317.5000000000000        24.47064410940769        18.21080230548009        332.9172347467189        6110.121016281156        358.9686499656335        45.45211093720631    
    318.5000000000000        25.58171642364665        18.40649105498664        340.1331426187575        6310.465511055167        358.5885505810958        46.38113777848320    
    319.5000000000000        26.76613216169082        18.60830733105915        347.6560083106039        6521.619576131357        358.1891285296555        47.30762660929663    
    320.5000000000000        28.02903890374279        18.81638280587658        355.4983139107948        6744.198193030144        357.7692008655987        48.23140157326452    
    321.5000000000000        29.37593057380769        19.03083857028784        363.6725460002607        6978.837621600394        357.3274866065438        49.15227168054889    
    322.5000000000000        30.81273120144320        19.25180498122836        372.1920382908338        7226.222985228320        356.8625973411861        50.07002918468505    
    323.5000000000000        32.34577980895926        19.47940725428884        381.0703819826649        7487.071412720808        356.3730268509678        50.98444775854831    
    324.5000000000000        33.98185914692053        19.71377445320408        390.3218288283104        7762.146722108920        355.8571396475657        51.89528044189854    
    325.5000000000000        35.72830015068642        19.95503210537212        399.9609893808446        8052.251336584301        355.3131583230212        52.80225732900075    
    326.5000000000000        37.59289729354624        20.20330575992818        410.0029960120021        8358.233292772766        354.7391496062151        53.70508296035320    
    327.5000000000000        39.58404350736345        20.45872310074228        420.4636232747865        8680.992437381736        354.1330090193997        54.60343337752125    
    328.5000000000000        41.71048318630110        20.72139605594171        431.3585042380411        9021.456172470171        353.4924440332714        55.49695279445569    
    329.5000000000000        43.98197540057894        20.99145456769721        442.7046218489768        9380.630676372197        352.8149556308849        56.38524983245774    
    330.5000000000000        46.40836456859562        21.26901340861937        454.5189244070231        9759.559134781017        352.0978182126935        57.26789325918589    
    331.5000000000000        49.00050020516706        21.55418564042760        466.8188350651236        10159.33780570861        351.3380578114152        58.14440716488316    
    332.5000000000000        51.76978390063471        21.84709096144915        479.6227085711429        10581.13627560650        350.5324286420237        59.01426550153619    
    333.5000000000000        54.72846482744772        22.14782129964356        492.9481986337654        11026.14085958090        349.6773880966617        59.87688590331246    
    334.5000000000000        57.88885003987246        22.45648952495029        506.8145425151087        11495.63747166341        348.7690704168856        60.73162269992144    
    335.5000000000000        61.26514349748145        22.77319373029789        521.2409828363292        11990.96172487286        347.8032594497814        61.57775902938319    
    336.5000000000000        64.87129544215395        23.09802486460280        536.2469823297042        12513.50349595923        346.7753611374161        62.41449795438099    
    337.5000000000000        68.72239768876283        23.43106561385633        551.8522783501825        13064.71497665680        345.6803767227213        63.24095248885284    
    338.5000000000000        72.83433991103088        23.77238106213442        568.0762627910264        13646.08484077314        344.5128781062802        64.05613445150658    
    339.5000000000000        77.22387086456966        24.12206939695018        584.9407548740962        14259.25325272146        343.2669873898318        64.85894208442384    
    340.5000000000000        81.90807400771702        24.48016349093902        602.4647392287095        14905.80399719853        341.9363634299696        65.64814641320658    
    341.5000000000000        86.90540818778999        24.84672053961035        620.6691813339164        15587.46095349933        340.5141992369954        66.42237638741254    
    342.5000000000000        92.23457357100932        25.22177500378983        639.5742797402289        16305.97254037954        338.9932353213830        67.18010293569877    
    343.5000000000000        97.91452071379491        25.60540482456153        659.2032335280210        17063.27356858764        337.3657956287345        67.91962221089443    
    344.5000000000000        103.9667189533986        25.99761895539966        679.5760903173539        17861.23581419294        335.6238544908584        68.63903850007827    
    345.5000000000000        110.4108525478821        26.39840644516426        700.7123066448449        18701.77051579930        333.7591449635233        69.33624754878110    
    346.5000000000000        117.2686165058659        26.80778092501285        722.6331695028978        19586.93102273533        331.7633208124434        70.00892141068699    
    347.5000000000000        124.5609026068903        27.22574185015026        745.3595712869775        20518.81946526384        329.6281858628881        70.65449639302199    
    348.5000000000000        132.3101299391864        27.65225351974540        768.9108898095386        21499.54367259073        327.3460048131941        71.27016621820876    
    349.5000000000000        140.5377163252420        28.08730465026172        793.3081863768243        22531.34958954787        324.9099079932579        71.85288313432865    
    350.5000000000000        149.2671342821346        28.53083030759043        818.5698450708315        23616.43960184633        322.3143976860745        72.39937030997666    
    351.5000000000000        158.5191096920207        28.98278505517823        844.7155392996068        24757.13699581090        319.5559541072179        72.90614931525863    
    352.5000000000000        168.3155701268817        29.44309440269711        871.7634152487927        25955.76374020020        316.6337237159186        73.36958662244879    
    353.5000000000000        178.6790811709103        29.91168015501750        899.7316991438319        27214.72005254302        313.5502508220850        73.78596259499838    
    354.5000000000000        189.6288734727691        30.38844966028087        928.6376601808853        28536.42129151939        310.3121868882175        74.15156508420326    
    355.5000000000000        201.1862399449126        30.87329605807601        958.4977689105934        29923.31337435441        306.9308847946601        74.46280729454629    
    356.5000000000000        213.3696580618787        31.36611171728349        989.3285165600383        31377.91162813202        303.4227652982793        74.71636599217271    
    357.5000000000000        226.1976610849960        31.86674792913095        1021.143570781773        32902.65256660136        299.8093400861051        74.90933176212249    
    358.5000000000000        239.6866969488502        32.37509552541719        1053.959149174394        34500.16486894699        296.1167997352010        75.03935867861408    
    359.5000000000000        253.8534264222722        32.89098662541441        1087.787363078610        36172.93092424608        292.3751295418057        75.10479763792607    
