 # author: MA Kubiak / Space Research Center PAS Warsaw Poland, contact: mkubiak@cbk.waw.pl                          
 # code version Program.keplerV_ellipt_V2      , Dates: calkV:20/04/2026  ; part_pr:20/04/2026                       
 # czas no T v_mas, kier.naplywu(dl, szer) macierz obrotu (ecl to helio), r, theta, phi(ecl,spher), V_detector(ecl,cart), IBEX_energy_channel
 #     2026.060047000000        0.8088930000000000E-03     9480.000000000000        -11.28000000301609         251.5700000000000         11.95000000000000        0.2459841265748581        0.9692738567985851         0.000000000000000       -0.9615244635393438        0.2440174711049008        0.1261989691358298        0.1223213615382913       -0.3104294319752456E-01    0.9920049496797150        0.9753100000000000         122.5093620000000       -0.1619200000000000E-01    -25.25700000000001        -15.94500000000000        0.4699999999999999E-01 00
 # routs_end= 150.00;    Maxwellian,    elliptOrb=Off                                                                                        
 # Numerical parameters: GridKl=10  GridKf=09  GridKV=05  epsV= 0.0000100  epssJon=.0010000                                                  
 # Numerical parameters: GridKl=10  GridKf=09  GridKV=05  epsV= 0.0000100  epssJon=.0010000; tessel128                                                                                                                                                                                                                                                                                                                                                                                                                                                                 
# Axis to the Sun: alpha_ecl= 298.6720000000000000 delta_Ecl= 0.1040000000000000 delta_Ax= 90.0000000000000000  repoint= 00134
 #  flag_atom: He                                                   
 #  flag_general:                                                   
 #                                                                  
 #                                                                  
  # Ly_a_Profil: zero                                               
  # flag_Itot: zero                                                 
 #  v_SW_Eqtr: speed3D.hybrid2026c_patched.dat                      
 #  n_SW_Eqtr: density3D.hybrid2026c_patched.dat                    
 #  phot_Eqtr: 0.8500000  phion_Helium_T12F107_2026c.dat            
 #  sigma_SW: p+He->H +He+, He + alpha (2 chnls);src:simuLosses.nb  
 #  flag_el:slow  swEqtrElectrons5.2026c.patched.dat                
 #  SW_lati: interpolation                                          
 #  phot_lati: analit pole-flattened after Pryor & Auchere          
 #
 #
 #
 #Spin  flux speed	speed^2 speed^3    long_ecl lat_ecl
   0.5000000000000000        77.51022850503173        32.41091597954522        1055.877749391162        34573.52715634220        196.9223155017693        89.48929628595182    
    1.500000000000000        82.91303544407248        32.95987804492726        1091.925962187857        36357.89862235384        204.7067477760227        88.49639730630668    
    2.500000000000000        88.72338954216275        33.51721137358256        1129.136820472475        38230.62456598041        206.2913830997330        87.49783660229856    
    3.500000000000000        94.97370415339101        34.08273011678315        1167.525473384998        40194.87611359542        206.9721173759760        86.49845461500624    
    4.500000000000000        101.6998457161379        34.65623840181124        1207.105699403618        42253.80633703960        207.3507921057084        85.49879834941187    
    5.500000000000000        108.9405699841540        35.23747920384189        1247.886278480254        44410.35891674050        207.5920496227018        84.49901733195247    
    6.500000000000000        116.7376939096694        35.82627634548110        1289.881548763263        46667.85749276972        207.7592838166503        83.49916912041988    
    7.500000000000000        125.1378888935991        36.42233591157628        1333.095973088541        49029.10430738336        207.8820944177155        82.49928058596210    
    8.500000000000000        134.1909744438807        37.02539317710472        1377.535642867916        51497.05312805358        207.9761566849090        81.49936595776640    
    9.500000000000000        143.9508815926351        37.63516146432907        1423.203813654776        54074.52092868485        208.0505475328940        80.49943347499180    
    10.50000000000000        154.4783442873902        38.25132899654640        1470.100650516941        56764.16904160208        208.1108867517070        79.49948823858561    
    11.50000000000000        165.8392572362504        38.87361008961982        1518.227261574940        59568.73701890246        208.1608397784076        78.49953357550137    
    12.50000000000000        178.1048968136517        39.50164526042796        1567.577485824027        62490.53135818888        208.2028992990415        77.49957174820173    
    13.50000000000000        191.3546747594961        40.13511315457899        1618.146813733056        65531.95629983659        208.2388195362214        76.49960434887019    
    14.50000000000000        205.6766336391594        40.77366914707493        1669.927513298629        68695.21705572020        208.2698708595897        75.49963253052029    
    15.50000000000000        221.1640753301574        41.41697845290705        1722.911023018919        71982.44258608663        208.2969958505938        74.49965714865168    
    16.50000000000000        237.9271220580004        42.06469018299481        1777.085945781758        75395.56206042346        208.3209086230289        73.49967885139975    
    17.50000000000000        256.0770856720748        42.71640834592669        1832.435046118709        78936.07089708242        208.3421600942939        72.49969813877914    
    18.50000000000000        275.7456347815804        43.37174477569730        1888.940052328744        82605.35040132141        208.3611820895037        71.49971540271420    
    19.50000000000000        297.0722368242836        44.03029479398416        1946.579180309371        86404.47251527864        208.3783178762019        70.49973095475343    
    20.50000000000000        320.2117003496350        44.69163878854825        2005.327289667667        90334.20445669399        208.3938437627379        69.49974504567264    
    21.50000000000000        345.3382157694437        45.35536439906595        2065.157794379328        94395.11838119758        208.4079846695927        68.49975787960778    
    22.50000000000000        372.6385294313266        46.02104906259870        2126.041224729615        98587.50068023553        208.4209255486076        67.49976962441936    
    23.50000000000000        402.3235477949191        46.68826602138586        2187.945230812336        102911.2965156893        208.4328198868348        66.49978041941031    
    24.50000000000000        434.6215770345042        47.35657474072162        2250.834395312483        107366.1422056960        208.4437961279287        65.49979038115444    
    25.50000000000000        469.7913052897163        48.02552134084800        2314.669143474270        111951.1906103814        208.4539625827023        64.49979960795308    
    26.50000000000000        508.1081438558376        48.69466632487937        2379.409218896869        116665.4120534661        208.4634112279210        63.49980818328290    
    27.50000000000000        549.8849801902250        49.36353015446388        2445.007980325498        121507.1341784075        208.4722206763138        62.49981617849146    
    28.50000000000000        595.4584935756402        50.03164399751479        2511.417119619217        126474.3597085127        208.4804585213566        61.49982365492547    
    29.50000000000000        645.2030537027769        50.69855334391313        2578.587628629113        131564.8708129090        208.4881832051799        60.49983066562589    
    30.50000000000000        699.5301024149969        51.36376389549230        2646.463956057806        136775.7483922843        208.4954455190455        59.49983725668990    
    31.50000000000000        758.8887674291808        52.02683083109244        2714.993147286543        142104.0611633044        208.5022898180417        58.49984346837334    
    32.50000000000000        823.7762585275747        52.68725551559675        2784.114232520330        147546.0335373493        208.5087550115475        57.49984933598952    
    33.50000000000000        894.7277860262517        53.34455749500908        2853.765496149995        153097.5853965093        208.5148753763198        56.49985489064736    
    34.50000000000000        972.3366708206960        53.99825167489076        2923.882375083935        158754.1778987206        208.5206812281936        55.49986015986084    
    35.50000000000000        1057.240259383591        54.64785203494199        2994.397690887864        164510.8074629831        208.5261994802724        54.49986516805567    
    36.50000000000000        1150.137729282464        55.29287161488128        3065.241790686973        170362.0176136930        208.5314541093801        53.49986993699275    
    37.50000000000000        1251.781132779128        55.93283627205349        3136.344219386316        176302.0404731812        208.5364665478973        52.49987448612356    
    38.50000000000000        1362.983237780457        56.56727279048793        3207.632254607779        182324.6508949631        208.5412560145499        51.49987883289060    
    39.50000000000000        1484.619111150112        57.19570173894927        3279.030241901969        188423.1121554990        208.5458397949690        50.49988299298192    
    40.50000000000000        1617.623457795881        57.81764513089911        3350.460508996968        194590.2481647928        208.5502334807039        49.49988698054801    
    41.50000000000000        1762.987939063371        58.43262764063991        3421.843627277573        200818.4677643618        208.5544511736967        48.49989080838747    
    42.50000000000000        1921.760169877414        59.04019525099890        3493.100608148532        207099.9508476928        208.5585056619087        47.49989448810634    
    43.50000000000000        2095.047726475901        59.63991183366435        3564.152836324812        213426.6648999611        208.5624085707400        46.49989803025555    
    44.50000000000000        2284.001885800747        60.23134789539716        3634.920740132636        219790.2404092328        208.5661704940522        45.49990144444982    
    45.50000000000000        2489.820400905467        60.81408187331535        3705.324100442564        226182.0063901117        208.5698011079331        44.49990473947093    
    46.50000000000000        2713.719615880050        61.38769457757645        3775.281370397870        232592.9222561973        208.5733092698014        43.49990792335765    
    47.50000000000000        2956.936384901063        61.95179357738789        3844.712976269062        239013.9058845766        208.5767031050127        42.49991100348434    
    48.50000000000000        3220.709635135280        62.50599705207213        3913.539433296519        245435.6655307607        208.5799900827734        41.49991398662986    
    49.50000000000000        3506.249631096995        63.04993324712232        3981.681357750725        251848.7055251091        208.5831770828729        40.49991687903811    
    50.50000000000000        3814.721665427629        63.58325590035680        4049.061660472010        258243.5550679418        208.5862704545103        39.49991968647147    
    51.50000000000000        4147.214608659900        64.10563627039927        4115.604719497869        264610.7062875275        208.5892760682900        38.49992241425798    
    52.50000000000000        4504.711470686812        64.61676377641528        4181.236582954100        270940.6442370323        208.5921993622979        37.49992506733303    
    53.50000000000000        4888.051195659948        65.11633748999795        4245.883999967878        277223.7657803923        208.5950453830352        36.49992765027675    
    54.50000000000000        5297.881250363022        65.60408310735140        4309.476835545232        283450.6365386992        208.5978188218700        35.49993016734686    
    55.50000000000000        5734.620888528074        66.07974582016263        4371.947306004640        289611.9342501280        208.6005240475750        34.49993262250836    
    56.50000000000000        6198.414663567542        66.54308965767886        4433.229978139399        295698.4586966683        208.6031651354362        33.49993501945984    
    57.50000000000000        6689.092991316180        66.99389900235855        4493.262152949641        301701.1908126964        208.6057458933520        32.49993736165728    
    58.50000000000000        7206.120564914007        67.43197736704660        4551.983884041261        307611.3160204971        208.6082698852852        31.49993965233519    
    59.50000000000000        7748.557652390890        67.85715814537447        4609.339554274370        313420.4005966330        208.6107404523792        30.49994189452593    
    60.50000000000000        8315.030264089246        68.26928979039050        4665.275999599738        319120.2178143054        208.6131607320119        29.49994409107686    
    61.50000000000000        8903.696612615749        68.66823931535528        4719.743109413511        324702.8262480833        208.6155336750235        28.49994624466611    
    62.50000000000000        9512.199770342148        69.05388706094935        4772.693208229100        330160.5209300658        208.6178620613238        27.49994835781661    
    63.50000000000000        10137.67129433283        69.42612666384251        4824.081101585986        335485.8480025775        208.6201485140604        26.49995043290907    
    64.50000000000000        10776.70726356544        69.78486520866429        4873.864219030446        340671.6369961326        208.6223955125062        25.49995247219362    
    65.50000000000000        11425.37971625806        70.13001662888861        4922.001752641439        345710.9216635811        208.6246054038040        24.49995447780042    
    66.50000000000000        12079.25442245829        70.46150885756438        4968.455730138245        350597.0654437816        208.6267804136931        23.49995645174949    
    67.50000000000000        12733.41719038941        70.77927036101951        5013.189164565901        355323.5756850097        208.6289226563231        22.49995839595959    
    68.50000000000000        13382.50207408012        71.08324138960417        5056.167698667620        359884.2885804704        208.6310341432531        21.49996031225631    
    69.50000000000000        14020.75943497205        71.37336757602060        5097.358698400334        364273.2775647865        208.6331167917200        20.49996220237970    
    70.50000000000000        14642.13884535041        71.64960176450541        5136.731589395994        368484.9022878171        208.6351724322512        19.49996406799108    
    71.50000000000000        15240.35759679801        71.91190604621212        5174.258193559264        372513.8540918665        208.6372028156899        18.49996591067945    
    72.50000000000000        15809.04143733390        72.16025423159755        5209.913102067108        376355.2026639102        208.6392096196915        17.49996773196738    
    73.50000000000000        16341.81818695221        72.39461961369943        5243.671902432625        380004.2074549927        208.6411944547464        16.49996953331653    
    74.50000000000000        16832.45109431122        72.61497855297226        5275.511740404810        383456.3873557512        208.6431588697763        15.49997131613262    
    75.50000000000000        17274.97587463463        72.82131886921965        5305.412553521041        386707.6607636740        208.6451043573481        14.49997308177025    
    76.50000000000000        17663.84459111566        73.01362858614016        5333.355440814687        389754.1720348645        208.6470323585439        13.49997483153732    
    77.50000000000000        17994.03874535758        73.19189619894095        5359.322719417785        392592.3030052540        208.6489442675228        12.49997656669907    
    78.50000000000000        18261.21684576586        73.35611149839978        5383.298043543433        395218.6891551081        208.6508414358072        11.49997828848213    
    79.50000000000000        18453.97665718849        73.50627554029819        5405.268257946932        397630.4698256549        208.6527251763216        10.49997999807805    
    80.50000000000000        18593.18504919643        73.64233480706899        5425.211796131875        399823.7991639646        208.6545967672120        9.499981696646817    
    81.50000000000000        18653.55734998811        73.76430984680725        5443.121467114951        401796.7897513504        208.6564574554698        8.499983385320149    
    82.50000000000000        18642.18181690807        73.87216663402322        5458.981661146948        403546.5721552579        208.6583084603828        7.499985065204639    
    83.50000000000000        18559.30104090565        73.96588093416197        5472.779762747817        405070.7712414885        208.6601509768343        6.499986737384688    
    84.50000000000000        18406.16065441327        74.04542040229103        5484.503111591000        406367.1277653613        208.6619861784702        5.499988402925458    
    85.50000000000000        18184.95994262832        74.11075122582038        5494.140008548859        407433.6142937765        208.6638152207520        4.499990062875606    
    86.50000000000000        17898.78231139386        74.16183530655501        5501.679292967615        408268.3889453064        208.6656392439131        3.499991718269936    
    87.50000000000000        17551.53633700324        74.19863347105969        5507.110828970507        408869.8517994419        208.6674593758343        2.499993370132071    
    88.50000000000000        17147.84439838716        74.22110364854578        5510.425249625101        409236.6189319747        208.6692767348551        1.499995019476974    
    89.50000000000000        16692.92372697207        74.22920159957098        5511.614077661255        409367.5379151918        208.6710924325342       0.4999966673134207    
    90.50000000000000        16192.45306136238        74.22288345570364        5510.670109711219        409261.7317784501        208.6729075763758      -0.5000016853534611    
    91.50000000000000        15652.45973360929        74.20210517864197        5507.587352640417        408918.5939303846        208.6747232725342       -1.500000037519767    
    92.50000000000000        15079.17511756774        74.16682013006191        5502.360657239800        408337.7465234939        208.6765406285111       -2.499998388180412    
    93.50000000000000        14478.92119372762        74.11698335354312        5494.986393480904        407519.1198081675        208.6783607558608       -3.499996736326591    
    94.50000000000000        13857.99140725722        74.05254813094004        5485.461943598817        406462.8954468722        208.6801847729157       -4.499995080943352    
    95.50000000000000        13222.51815763383        73.97347477608896        5473.787014001638        405169.6523962436        208.6820138075473       -5.499993421007128    
    96.50000000000000        12578.40056243341        73.87972673187235        5459.963081215564        403640.3068666550        208.6838489999774       -6.499991755483098    
    97.50000000000000        11931.17694813134        73.77126414182185        5443.992419187698        401876.0002779562        208.6856915056530       -7.499990083322643    
    98.50000000000000        11286.02120107710        73.64805460879309        5425.879739849571        399878.2852033976        208.6875424982036       -8.499988403460634    
    99.50000000000000        10647.63676631630        73.51006984766981        5405.631665146762        397649.0609110151        208.6894031724931       -9.499986714812701    
    100.5000000000000        10020.22081181531        73.35728579513830        5383.256761226480        395190.5768297974        208.6912747477876       -10.49998501627230    
    101.5000000000000        9407.455415881683        73.18968665930933        5358.766142741559        392505.4975756044        208.6931584710536       -11.49998330670774    
    102.5000000000000        8812.509229572544        73.00726506251247        5332.173472335024        389596.8975304507        208.6950556204100       -12.49998158495910    
    103.5000000000000        8238.000462159225        72.81002248059436        5303.495034307983        386468.2668160616        208.6969675087508       -13.49997984983487    
    104.5000000000000        7686.053943552964        72.59797001642441        5272.749809561876        383123.5118122690        208.6988954875651       -14.49997810010851    
    105.5000000000000        7158.298105022187        72.37112941181149        5239.959601698620        379566.9629000414        208.7008409509754       -15.49997633451482    
    106.5000000000000        6655.900331253167        72.12953255836550        5205.148951993413        375803.3596545854        208.7028053400240       -16.49997455174598    
    107.5000000000000        6179.610341692633        71.87322198093122        5168.345139755893        371837.8390571155        208.7047901472341       -17.49997275044747    
    108.5000000000000        5729.802221356647        71.60225640003321        5129.578970394465        367676.0150349333        208.7067969214807       -18.49997092921364    
    109.5000000000000        5306.500976229700        71.31670729987476        5088.884203136012        363323.9035449681        208.7088272732031       -19.49996908658296    
    110.5000000000000        4909.455988180505        71.01666556121441        5046.298477025424        358788.0149227192        208.7108828800016       -20.49996722103292    
    111.5000000000000        4538.170785762594        70.70223605634740        5001.862424595082        354075.2417206251        208.7129654926599       -21.49996533097466    
    112.5000000000000        4191.933738509400        70.37354326222692        4955.620401046353        349192.9245073110        208.7150769416416       -22.49996341474695    
    113.5000000000000        3869.875487918699        70.03073681793586        4907.621211982507        344148.9181195032        208.7172191441144       -23.49996147060988    
    114.5000000000000        3570.989030860903        69.67397485711584        4857.915582316336        338951.2996084912        208.7193941115632       -24.49995949673800    
    115.5000000000000        3294.166718557112        69.30343845951519        4806.558152590289        333608.5708805379        208.7216039580579       -25.49995749121267    
    116.5000000000000        3038.252781163331        68.91932856813990        4753.606894000259        328129.5764182965        208.7238509092517       -26.49995545201410    
    117.5000000000000        2802.041419861567        68.52185814436184        4699.121914242871        322523.3635309966        208.7261373121954       -27.49995337701219    
    118.5000000000000        2584.321131563025        68.11125424431680        4643.165674728749        316799.1938245886        208.7284656460625       -28.49995126395704    
    119.5000000000000        2383.880167634733        67.68775887118674        4585.802923155266        310966.5128567974        208.7308385338938       -29.49994911046818    
    120.5000000000000        2199.532683914231        67.25163778866484        4527.101807905905        305035.0519257961        208.7332587554845       -30.49994691402280    
    121.5000000000000        2030.126155450870        66.80315970108596        4467.130873283966        299014.5006457034        208.7357292615512       -31.49994467194307    
    122.5000000000000        1874.546669034583        66.34260902003025        4405.960719090939        292914.6657386662        208.7382531893390       -32.49994238138186    
    123.5000000000000        1731.736279285040        65.87027727868382        4343.662717355658        286745.3261850463        208.7408338798482       -33.49994003930703    
    124.5000000000000        1600.691758985002        65.38647035469221        4280.309870715386        280516.3068018955        208.7434748968872       -34.49993764248437    
    125.5000000000000        1480.464994297682        64.89150349680990        4215.976010845062        274237.3830242885        208.7461800481884       -35.49993518745825    
    126.5000000000000        1370.173857389025        64.38569890406073        4150.735413200863        267918.2349711726        208.7489534088579       -36.49993267053032    
    127.5000000000000        1268.991237028078        63.86939726285296        4084.664105196422        261568.5560403323        208.7517993474745       -37.49993008773600    
    128.5000000000000        1176.148717657796        63.34293946932782        4017.837428126591        255197.8089122605        208.7547225551968       -38.49992743481793    
    129.5000000000000        1090.934646783276        62.80666878439234        3950.330202963684        248815.2317556501        208.7577280782989       -39.49992470719641    
    130.5000000000000        1012.692835431637        62.26093657806427        3882.217379851896        242429.8934244419        208.7608213546204       -40.49992189993646    
    131.5000000000000        940.8199556734298        61.70608964808602        3813.572342520779        236050.5253973639        208.7640082544988       -41.49991900771055    
    132.5000000000000        874.7636134040772        61.14249832886044        3744.470381026459        229685.8461283809        208.7672951268428       -42.49991602475684    
    133.5000000000000        814.0195193530624        60.57053431543869        3674.985702352168        223344.2632327584        208.7706888511263       -43.49991294483200    
    134.5000000000000        758.1216067602866        59.99056471538190        3605.190755006210        217033.8196414953        208.7741968962112       -44.49990976115782    
    135.5000000000000        706.6438183651026        59.40296114997959        3535.157162890942        210762.2672639246        208.7778273870775       -45.49990646636056    
    136.5000000000000        659.2013943446675        58.80811625348810        3464.957602356656        204537.2308287287        208.7815891807329       -46.49990305240224    
    137.5000000000000        615.4400634516325        58.20641790828271        3394.662700197382        198365.9331566766        208.7854919528151       -47.49989951050192    
    138.5000000000000        575.0405062709521        57.59826199020065        3324.342478457927        192255.3228133426        208.7895462966917       -48.49989583104575    
    139.5000000000000        537.7097193655173        56.98405139147629        3254.066141606947        186212.0528915523        208.7937638372194       -49.49989200348379    
    140.5000000000000        503.1839718573717        56.36418476503368        3183.900620197980        180242.3472955052        208.7981573617604       -50.49988801621113    
    141.5000000000000        471.2187873030134        55.73906193875314        3113.911234037117        174352.0690703425        208.8027409715953       -51.49988385643034    
    142.5000000000000        441.5963579403568        55.10909317205326        3044.162634121728        168546.7992776632        208.8075302575409       -52.49987950999225    
    143.5000000000000        414.1152007578363        54.47468220151484        2974.716845925975        162831.6744243997        208.8125425044147       -53.49987496121037    
    144.5000000000000        388.5952923786054        53.83622221173940        2905.632835923073        157211.3604153415        208.8177969300374       -54.49987019264380    
    145.5000000000000        364.8715014566525        53.19417644852809        2836.975235893929        151690.7713309919        208.8233149657790       -55.49986518484288    
    146.5000000000000        342.7954643501339        52.54890437316151        2768.795406828735        146273.5260429662        208.8291205873318       -56.49985991604885    
    147.5000000000000        322.2301220962673        51.90087061237265        2701.153937252197        140963.7808765259        208.8352407065282       -57.49985436183827    
    148.5000000000000        303.0538442644533        51.25042826485459        2634.097598161155        135764.3938690787        208.8417056377708       -58.49984849469974    
    149.5000000000000        285.1546117654670        50.59801142903047        2567.679575038395        130678.5354280514        208.8485496561962       -59.49984228352741    
    150.5000000000000        268.4300034145838        49.94400645181415        2501.946087987754        125708.6511278180        208.8558116693433       -60.49983569301121    
    151.5000000000000        252.7885867727542        49.28883186031609        2436.944494467103        120857.0894386119        208.8635360302027       -61.49982868289922    
    152.5000000000000        238.1467618274599        48.63290108500333        2372.719531331184        116125.8275484526        208.8717735276337       -62.49982120709867    
    153.5000000000000        224.4297525185925        47.97660636871379        2309.311766416502        111516.3693547873        208.8805826010026       -63.49981321257355    
    154.5000000000000        211.5674252221665        47.32038522392003        2246.764159357653        107030.2411350900        208.8900308405884       -64.49980463798309    
    155.5000000000000        199.4982416099158        46.66460538346126        2185.110637434317        102668.1506310912        208.9001968554032       -65.49979541198653    
    156.5000000000000        188.1639035149746        46.00967443119334        2124.387113590962        98430.82714986161        208.9111726178646       -66.49978545111507    
    157.5000000000000        177.5140980119503        45.35600456934910        2064.627625313994        94318.71911866842        208.9230664336683       -67.49977465707684    
    158.5000000000000        167.4989092731298        44.70395019211318        2005.858915319408        90331.65354192506        208.9360067404031       -68.49976291330917    
    159.5000000000000        158.0756205403452        44.05396672038071        1948.115091224443        86469.86186539604        208.9501470178776       -69.49975008052229    
    160.5000000000000        149.2041925701870        43.40637943503133        1891.416317148681        82732.51135494412        208.9656722092113       -70.49973599087177    
    161.5000000000000        140.8484518001824        42.76160683069495        1835.789371065072        79119.13883634078        208.9828072242877       -71.49972044024109    
    162.5000000000000        132.9741666375893        42.12000077407470        1781.253228767805        75628.67870587221        209.0018283584507       -72.49970317787827    
    163.5000000000000        125.5521220567483        41.48195344100624        1727.828442462061        72260.09277250437        209.0230788631057       -73.49968389226451    
    164.5000000000000        118.5527657487756        40.84779192444182        1675.528359589307        69011.82698303529        209.0469905430930       -74.49966219151271    
    165.5000000000000        111.9503884574303        40.21787204326994        1624.367071187883        65882.32616021151        209.0741142899854       -75.49963757565575    
    166.5000000000000        105.7205355539704        39.59255408430097        1574.357388415955        62869.91345560768        209.1051641841616       -76.49960939661980    
    167.5000000000000        99.84220451753259        38.97216828719766        1525.508092884110        59972.63293815101        209.1410827630527       -77.49957679898631    
    168.5000000000000        94.29355236099497        38.35707251596487        1477.828668280035        57188.54857420018        209.1831403371222       -78.49953862985102    
    169.5000000000000        89.05587040421251        37.74760845695545        1431.325668782729        54515.52385680802        209.2330910474980       -79.49949329718105    
    170.5000000000000        84.11203426938667        37.14402479537638        1385.997433320174        51950.95809401265        209.2934274648377       -80.49943853872750    
    171.5000000000000        79.44477652502648        36.54668626581649        1341.849669204718        49492.66464579150        209.3678148572360       -81.49937102785037    
    172.5000000000000        75.03917155457010        35.95589295346164        1298.882056424472        47138.12923062521        209.4618727570247       -82.49928566408205    
    173.5000000000000        70.87857716747534        35.37191273974162        1257.090762342406        44884.65868238387        209.5846776653999       -83.49917420903567    
    174.5000000000000        66.95166417921190        34.79500682536955        1216.470475731658        42729.50851311027        209.7519041336301       -84.49902243485202    
    175.5000000000000        63.24405552433609        34.22543059893808        1177.014740887838        40669.91508175879        209.9931505717824       -85.49880347287625    
    176.5000000000000        59.74401807307708        33.66341816622860        1138.714656257678        38703.01953544173        210.3718080938421       -86.49845977061099    
    177.5000000000000        56.43963206177559        33.10919415344522        1101.560122039167        36825.95648248650        211.0525120443953       -87.49784181517749    
    178.5000000000000        53.32109894181399        32.56297207199498        1065.539552557892        35035.83152333632        212.6370800027396       -88.49640264975245    
    179.5000000000000        50.37839196282177        32.02493341496190        1030.638617383383        33329.66641849049        220.4212537545693       -89.48930220997502    
    180.5000000000000        47.60181564329895        31.49529721592624        996.8457453920114        31704.72463145583        16.92298513472783       -89.48929240196885    
    181.5000000000000        44.98226551571969        30.97413234239029        964.1378718999732        30157.67977788920        24.70695642388310       -88.49639265583552    
    182.5000000000000        42.51116290128365        30.46168252238481        932.5042700332057        28685.97207958340        26.29150751372320       -87.49783180592684    
    183.5000000000000        40.18066513801519        29.95805730597461        901.9251808567423        27286.64895676917        26.97220679861362       -86.49844975712330    
    184.5000000000000        37.98279301507974        29.46335693353240        872.3800069200480        25956.78769614350        27.35086239835377       -85.49879345764343    
    185.5000000000000        35.91033669283695        28.97769717369397        843.8494854116130        24693.62375009437        27.59210786292228       -84.49901241873545    
    186.5000000000000        33.95730644204914        28.50116230730894        816.3124112695540        23494.37763186301        27.75933377104441       -83.49916419241072    
    187.5000000000000        32.11574673525148        28.03380142406051        789.7455995422667        22356.25993051916        27.88213832794810       -82.49927564713808    
    188.5000000000000        30.38070801568379        27.57567929962202        764.1272579497664        21276.63574304647        27.97619599282068       -81.49936101069321    
    189.5000000000000        28.74580260306936        27.12685218084144        739.4353156984821        20252.93575991558        28.05058322049181       -80.49942852142080    
    190.5000000000000        27.20552404427055        26.68732512664355        715.6452092289419        19282.56861028268        28.11091951788295       -79.49948327976553    
    191.5000000000000        25.75479468784426        26.25713220431826        692.7344935180242        18363.11715261847        28.16087013821723       -78.49952861235377    
    192.5000000000000        24.38809498788993        25.83622176265002        670.6764343360868        17492.06535029685        28.20292764297821       -77.49956678142615    
    193.5000000000000        23.10121423083235        25.42463998582823        649.4502130223696        16667.22320252022        28.23884616738591       -76.49959937901018    
    194.5000000000000        21.88933064715751        25.02229707896845        629.0283433015644        15886.21171188986        28.26989601795935       -75.49962755800658    
    195.5000000000000        20.74850709455135        24.62921070005603        609.3895694392578        15146.97559284659        28.29701972941506       -74.49965217383136    
    196.5000000000000        19.67441876408508        24.24529947673946        590.5082086488471        14447.36503910849        28.32093138021363       -73.49967387455668    
    197.5000000000000        18.66333495700268        23.87051732910824        572.3609535631859        13785.39139103502        28.34218186054183       -72.49969316014835    
    198.5000000000000        17.71170586368584        23.50479250011025        554.9240095749374        13159.12436401937        28.36120297421796       -71.49971042249260    
    199.5000000000000        16.81592684298294        23.14803375819692        538.1732501873751        12566.68709834311        28.37833797188049       -70.49972597310746    
    200.5000000000000        15.97269770828257        22.80015891927461        522.0857709128318        12006.31747571159        28.39386314828887       -69.49974006274444    
    201.5000000000000        15.17898744078181        22.46106126238075        506.6381954246403        11476.29995312517        28.40800341287466       -68.49975289551962    
    202.5000000000000        14.43187906883712        22.13064442932044        491.8084321755150        10975.02904706867        28.42094370840356       -67.49976463927712    
    203.5000000000000        13.72862604626605        21.80879912120403        477.5744603565267        10500.95907317861        28.43283751440429       -66.49977543330647    
    204.5000000000000        13.06669272183946        21.49540067247722        463.9143158640528        10052.60436748920        28.44381326824136       -65.49978539417008    
    205.5000000000000        12.44354944339679        21.19034611410613        450.8077548365583        9628.592644046046        28.45397927542935       -64.49979462015973    
    206.5000000000000        11.85694531665230        20.89349763235541        438.2336626350241        9227.572878547193        28.46342750823845       -63.49980319474403    
    207.5000000000000        11.30459125275338        20.60472570022429        426.1720320318834        8848.281184576426        28.47223657555951       -62.49981118926367    
    208.5000000000000        10.78450517149124        20.32389069870739        414.6030903167583        8489.507178184474        28.48047406757120       -61.49981866505931    
    209.5000000000000        10.29464759244452        20.05084567389070        403.5074862377586        8150.100011757530        28.48819842355607       -60.49982567516687    
    210.5000000000000        9.833268892276431        19.78545679915212        392.8670498060644        7828.987081519464        28.49546043230351       -59.49983226567908    
    211.5000000000000        9.398624347958911        19.52757448373234        382.6636548662310        7525.138213871043        28.50230444674470       -58.49983847684780    
    212.5000000000000        8.989135111735493        19.27706397464411        372.8804171954562        7237.598961088064        28.50876937436840       -57.49984434398301    
    213.5000000000000        8.603283790317356        19.03377674314200        363.5004964274670        6965.451002574271        28.51488949026852       -56.49984989819062    
    214.5000000000000        8.239650321500143        18.79757087297316        354.5079301028697        6707.836145905319        28.52069510881068       -55.49985516698190    
    215.5000000000000        7.896905111307079        18.56829773576622        345.8870500189100        6463.935627109484        28.52621314179594       -54.49986017478034    
    216.5000000000000        7.573782711982951        18.34580818654792        337.6227324115504        6232.976205944439        28.53146756488918       -53.49986494334460    
    217.5000000000000        7.269154690824488        18.12996813153856        329.7009697551372        6014.244504638233        28.53647980943660       -52.49986949212439    
    218.5000000000000        6.981905117922149        17.92063445706659        322.1079156983474        5807.057211529392        28.54126909323810       -51.49987383856053    
    219.5000000000000        6.711008325830814        17.71767239372376        314.8305282804923        5610.777778436898        28.54585270109333       -50.49987799833952    
    220.5000000000000        6.455493057477448        17.52094483525902        307.8561468241732        5424.802745377220        28.55024622380306       -49.49988198561051    
    221.5000000000000        6.214439679356112        17.33031606151013        301.1726051568683        5248.563122407819        28.55446376263389       -48.49988581317092    
    222.5000000000000        5.987008334490812        17.14565939221659        294.7685065636924        5081.530877986749        28.55851810493565       -47.49988949262567    
    223.5000000000000        5.772375546721358        16.96684212019206        288.6326393037054        4923.201017625818        28.56242087555407       -46.49989303452466    
    224.5000000000000        5.569779868214132        16.79373775509173        282.7544048456259        4773.102020869022        28.56618266784710       -45.49989644848175    
    225.5000000000000        5.378500706115721        16.62621995695626        277.1235908380921        4630.788711992678        28.56981315744369       -44.49989974327786    
    226.5000000000000        5.197866428136097        16.46416205659284        271.7303244517794        4495.839488368203        28.57332120134375       -43.49990292695097    
    227.5000000000000        5.027254234127229        16.30744190696615        266.5652409992425        4367.860118149426        28.57671492452040       -42.49990600687480    
    228.5000000000000        4.866079027495640        16.15593853524142        261.6193361683675        4246.478425296344        28.58000179582941       -41.49990898982757    
    229.5000000000000        4.713793842206842        16.00953378628799        256.8840095972344        4131.344539373456        28.58318869473889       -40.49991188205261    
    230.5000000000000        4.569897878032530        15.86811375719127        252.3511000806263        4022.130947384492        28.58628197015272       -39.49991468931172    
    231.5000000000000        4.433918624822577        15.73156862056070        248.0128559043263        3918.530665424737        28.58928749240355       -38.49991741693245    
    232.5000000000000        4.305418727413100        15.59979145911457        243.8618826132781        3820.255172392018        28.59221069932714       -37.49992006984985    
    233.5000000000000        4.183985813491632        15.47267959224553        239.8911731235505        3727.034425747345        28.59505663719379       -36.49992265264346    
    234.5000000000000        4.069239235155883        15.35013359951578        236.0940600313100        3638.614940298053        28.59782999715862       -35.49992516957072    
    235.5000000000000        3.960818671289672        15.23205747325801        232.4642062797846        3554.758884516458        28.60053514779727       -34.49992762459629    
    236.5000000000000        3.858389967700728        15.11835810909902        228.9955775306105        3475.242838819262        28.60317616421332       -33.49993002141836    
    237.5000000000000        3.761642397800073        15.00894596989773        225.6824520951394        3399.857485719265        28.60575685413644       -32.49993236349263    
    238.5000000000000        3.670285565182306        14.90373439959042        222.5193866429959        3328.406241800371        28.60828078137268       -31.49993465405339    
    239.5000000000000        3.584046386243426        14.80264012038261        219.5012208107457        3260.704876033355        28.61075128692024       -30.49993689613263    
    240.5000000000000        3.502670619977684        14.70558310266828        216.6230621111978        3196.580687975281        28.61317150802228       -29.49993909257753    
    241.5000000000000        3.425919016663819        14.61248576666384        213.8802530863227        3135.871360095335        28.61554439539366       -28.49994124606602    
    242.5000000000000        3.353568231678499        14.52327312577468        211.2683665661535        3078.424459674566        28.61787272882774       -27.49994335912075    
    243.5000000000000        3.285409650454632        14.43787425990552        208.7832405378870        3024.097847308662        28.62015913136402       -26.49994543412227    
    244.5000000000000        3.221250320254667        14.35622142516235        206.4209427156338        2972.758531321736        28.62240608217458       -25.49994747332056    
    245.5000000000000        3.160910306186199        14.27825003379191        204.1777626335416        2924.282188521624        28.62461592830892       -24.49994947884553    
    246.5000000000000        3.104222201388682        14.20389767364689        202.0501758415713        2878.552091531220        28.62679089541910       -23.49995145271710    
    247.5000000000000        3.051027319731437        14.13310516701536        200.0348681017535        2835.459375565471        28.62893309757387       -22.49995339685389    
    248.5000000000000        3.001182515157094        14.06581509473409        198.1286862332850        2794.901720327686        28.63104454625717       -21.49995531308132    
    249.5000000000000        2.954550388256368        14.00197368368525        196.3286857088258        2756.784137497931        28.63312715863596       -20.49995720313932    
    250.5000000000000        2.911005937577649        13.94152973700328        194.6320952795112        2721.018017995467        28.63518276517286       -19.49995906868913    
    251.5000000000000        2.870432701569300        13.88443510624509        193.0363245585748        2687.521087806108        28.63721311665072       -18.49996091131959    
    252.5000000000000        2.832723437122390        13.83064376062439        191.5389328159262        2656.216566668463        28.63921989066925       -17.49996273255320    
    253.5000000000000        2.797776988907227        13.78011275921952        190.1376515473146        2627.033476747575        28.64120469766723       -16.49996453385155    
    254.5000000000000        2.765502153333839        13.73280111977042        188.8303487992683        2599.905745775531        28.64316908651878       -15.49996631662018    
    255.5000000000000        2.735816565589256        13.68867074841429        187.6150513523728        2574.772539561885        28.64511454974680       -14.49996808221370    
    256.5000000000000        2.708646397583347        13.64768652108302        186.4899443640023        2551.578149337285        28.64704252839297       -13.49996983193994    
    257.5000000000000        2.683923858408773        13.60981549571897        185.4533443603760        2530.271275077971        28.64895441657948       -12.49997156706402    
    258.5000000000000        2.661587747979499        13.57502753563434        184.5037138044534        2510.805233351167        28.65085156579481       -11.49997328881251    
    259.5000000000000        2.641583302440022        13.54329518782164        183.6396547560402        2493.137726259125        28.65273528893284       -10.49997499837698    
    260.5000000000000        2.623861378694421        13.51459348585455        182.8599005456860        2477.230577515637        28.65460686411188       -9.499976696917262    
    261.5000000000000        2.608124753303983        13.48887588791989        182.1626557642549        2463.036107407368        28.65646753829840       -8.499978385565091    
    262.5000000000000        2.595092352167233        13.46619302282736        181.5488390887563        2450.563617163529        28.65831853075799       -7.499980065427043    
    263.5000000000000        2.583976557951823        13.44645598328933        181.0156152624442        2439.746633137995        28.66016103635453       -6.499981737587413    
    264.5000000000000        2.575003930283751        13.42967415453009        180.5628909270394        2430.576135526229        28.66199622871707       -5.499983403111368    
    265.5000000000000        2.568154105964137        13.41583472625906        180.1900204583023        2423.032899899692        28.66382526329277       -4.499985063047580    
    266.5000000000000        2.562751040916725        13.40486109774572        179.8946782847025        2417.064525552452        28.66564928030309       -3.499986718430753    
    267.5000000000000        2.560764914234970        13.39694074820780        179.6817647082479        2412.767092012122        28.66746940761946       -2.499988370284530    
    268.5000000000000        2.560205368619120        13.39187134803298        179.5456446841567        2410.022850654212        28.66928676357419       -1.499990019623905    
    269.5000000000000        2.561729994697824        13.38971425820455        179.4878961051372        2408.862205781171        28.67110245972147      -0.4999916674575632    
    270.5000000000000        2.563756979129328        13.39045114384321        179.5079919097063        2409.273831468051        28.67291760356312       0.5000066852093314    
    271.5000000000000        2.571040731096998        13.39413212949006        179.6072821254519        2411.285037402011        28.67473330125331        1.500005037372837    
    272.5000000000000        2.578848477371865        13.40070997888742        179.7845737126903        2414.873313122707        28.67655066029624        2.500003388027939    
    273.5000000000000        2.588747530050776        13.41020470142124        180.0405169336680        2420.054080454909        28.67837079225082        3.500001736165787    
    274.5000000000000        2.600853501571487        13.42262618811542        180.3755468062794        2426.839580426229        28.68019481545652        4.500000080771380    
    275.5000000000000        2.615100755129585        13.43798182704676        180.7900847411304        2435.242890629343        28.68202385779431        5.499998420821204    
    276.5000000000000        2.631558586712953        13.45628392595344        181.2847372504843        2445.281923846101        28.68385905949766        6.499996755280384    
    277.5000000000000        2.650266312354730        13.47754681021327        181.8602198715682        2456.977947373885        28.68570157602826        7.499995083100227    
    278.5000000000000        2.671269154526104        13.50178799052756        182.5173907695265        2470.356323253563        28.68755258103224        8.499993403215681    
    279.5000000000000        2.694620586781151        13.52902714120949        183.2572233956247        2485.445974816491        28.68941326939315        9.499991714542263    
    280.5000000000000        2.720382711967388        13.55928566612778        184.0807971783800        2502.279268278287        28.69128486039900        10.49999001597336    
    281.5000000000000        2.748624743364186        13.59258743193591        184.9893194757979        2520.892528782327        28.69316860104143        11.49998830637734    
    282.5000000000000        2.779423760630259        13.62895954675729        185.9841493963489        2541.326608840409        28.69506576946684        12.49998658459417    
    283.5000000000000        2.812865899239985        13.66843064069981        187.0667518284008        2563.625994078921        28.69697767860015        13.49998484943223    
    284.5000000000000        2.849038917435465        13.71103236255667        188.2387409471073        2587.839784275212        28.69890567996405        14.49998309966505    
    285.5000000000000        2.888046930512373        13.75679931155015        189.5018848855959        2614.021969606941        28.70085116771818        15.49998133402726    
    286.5000000000000        2.929995504846006        13.80576826390168        190.8580842473081        2642.231020701798        28.70281558294510        16.49997955121096    
    287.5000000000000        2.974998909604096        13.85797912609856        192.3094037414285        2672.530706371094        28.70480041821220        17.49997774986164    
    288.5000000000000        3.023180724265223        13.91347455145604        193.8580654531761        2704.990088735562        28.70680722244182        18.49997592857351    
    289.5000000000000        3.074673502082706        13.97229981194385        195.5064469439510        2739.683573887258        28.70883760612502        19.49997408588488    
    290.5000000000000        3.129633264384019        14.03450155713615        197.2570557731896        2776.690643038991        28.71089324691794        20.49997222027329    
    291.5000000000000        3.188217065006687        14.10013036516998        199.1126018639891        2816.097463617058        28.71297589566442        21.49997033014966    
    292.5000000000000        3.250600518193047        14.16923936115669        201.0759661212722        2857.996464102598        28.71508738289278        22.49996841385263    
    293.5000000000000        3.316970481300884        14.24188661535875        203.1502737999588        2902.488102208352        28.71722962584078        23.49996646964227    
    294.5000000000000        3.387533432291473        14.31813312970996        205.3388425441385        2949.679956731033        28.71940463606853        24.49996449569290    
    295.5000000000000        3.462508344500657        14.39804172340708        207.6451573349021        2999.686449573105        28.72161452772678        25.49996249008574    
    296.5000000000000        3.542133080953307        14.48167737888364        210.0728877215983        3052.629493756914        28.72386152655579        26.49996045080087    
    297.5000000000000        3.626656757596595        14.56910707608831        212.6258859645954        3108.638635577231        28.72614797969986        27.49995837570805    
    298.5000000000000        3.716344868014663        14.66040048358539        215.3082196582095        3167.852193265963        28.72847636643313        28.49995626255711    
    299.5000000000000        3.811489882690272        14.75563005264220        218.1241818916113        3230.417796703554        28.73084930990477        29.49995410896747    
    300.5000000000000        3.912401862167093        14.85487076140602        221.0782895398312        3296.492636494910        28.73326959002619        30.49995191241609    
    301.5000000000000        4.019410116573155        14.95819958585119        224.1752749361305        3366.243632230357        28.73574015763930        31.49994967022486    
    302.5000000000000        4.132867917699287        15.06569677978728        227.4201364637100        3439.849043175810        28.73826415012407        32.49994737954648    
    303.5000000000000        4.253155636074289        15.17744546343832        230.8181345988675        3517.498784957946        28.74084490862607        33.49994503734853    
    304.5000000000000        4.380666766519356        15.29353331227603        234.3748553339418        3599.396397685342        28.74348599711026        34.49994264039644    
    305.5000000000000        4.515829179703085        15.41405177047423        238.0961983912410        3685.759308410012        28.74619122347775        35.49994018523437    
    306.5000000000000        4.659102743711730        15.53909941310994        241.9884951135500        3776.822191852134        28.74896466301728        36.49993766816362    
    307.5000000000000        4.810988746298643        15.66877860862030        246.0584159237060        3872.835390809023        28.75181068450457        37.49993508521921    
    308.5000000000000        4.972026369897933        15.80319136572828        250.3128392946787        3974.062067860987        28.75473397931126        38.49993243214342    
    309.5000000000000        5.142807838593088        15.94245014550131        254.7592582912361        4080.789966016083        28.75773959394220        39.49992970435618    
    310.5000000000000        5.323953482576210        16.08665932837073        259.4051161999024        4193.313830447488        28.76083296648746        40.49992689692195    
    311.5000000000000        5.516158261427544        16.23594618187860        264.2589335619532        4311.966612513255        28.76401996755587        41.49992400451282    
    312.5000000000000        5.720157169317265        16.39042426581246        269.3290296791608        4437.086239902404        28.76730694635162        42.49992102136639    
    313.5000000000000        5.936747038306640        16.55021310875210        274.6242389302771        4569.035707596411        28.77070078266983        43.49991794123866    
    314.5000000000000        6.166774116053903        16.71543807838804        280.1539362074761        4708.205028538309        28.77420894572294        44.49991475735089    
    315.5000000000000        6.411135623387921        16.88620828946112        285.9272361847796        4854.989984569780        28.77783956087369        45.49991146232865    
    316.5000000000000        6.670820952772501        17.06265553761536        291.9544324557422        5009.832712866919        28.78160148554835        46.49990804813309    
    317.5000000000000        6.946860860880873        17.24490319123045        298.2458595272441        5173.191077452458        28.78550439584340        47.49990450598257    
    318.5000000000000        7.240397107832142        17.43308534574944        304.8126371167627        5345.561091082182        28.78955888563033        48.49990082626229    
    319.5000000000000        7.552604444710881        17.62733334288528        311.6661822038021        5527.464306299075        28.79377658032017        49.49989699842126    
    320.5000000000000        7.884811335169251        17.82778533933636        318.8186002240851        5719.460787223386        28.79817026788640        50.49989301085351    
    321.5000000000000        8.238378383741532        18.03458369526859        326.2825658889413        5922.145759323117        28.80275405028528        51.49988885076043    
    322.5000000000000        8.614873906574935        18.24787078170556        334.0712807112501        6136.153027754714        28.80754351908199        52.49988450399140    
    323.5000000000000        9.015868821749699        18.46778502720689        342.1982275986542        6362.146021561087        28.81255595992572        53.49987995485850    
    324.5000000000000        9.443222409151108        18.69448575054837        350.6782462877419        6600.853900026380        28.81781059156311        54.49987518591915    
    325.5000000000000        9.898678043862345        18.92810814888557        359.5257485018977        6853.019201419887        28.82332884639847        55.49987017772177    
    326.5000000000000        10.38438618900587        19.16879408019104        368.7559778139715        7119.438316026080        28.82913470128291        56.49986490850557    
    327.5000000000000        10.90240554681005        19.41670665202681        378.3856046658408        7400.980987034393        28.83525506935174        57.49985935384478    
    328.5000000000000        11.45516873937100        19.67196049714788        388.4299259005770        7698.507307410903        28.84172026647650        58.49985348622527    
    329.5000000000000        12.04512372453882        19.93473081264358        398.9073328943547        8013.007199146897        28.84856456945712        59.49984727453825    
    330.5000000000000        12.67501216406190        20.20514205326095        409.8347754792582        8345.463161490454        28.85582688772270        60.49984068347025    
    331.5000000000000        13.34776129151814        20.48336024367187        421.2315932046960        8696.971746216492        28.86355157642065        61.49983367276536    
    332.5000000000000        14.06658758609160        20.76951026209612        433.1160803216731        9068.638467337298        28.87178942688309        62.49982619632645    
    333.5000000000000        14.83475063989632        21.06375687880700        445.5088971402255        9461.687703484386        28.88059888132410        63.49981820111242    
    334.5000000000000        15.65609476621994        21.36622977274927        458.4300029600606        9877.371585233877        28.89004753331976        64.49980962577644    
    335.5000000000000        16.53430400361216        21.67705968715913        471.8999897708428        10317.00703873980        28.90021399572048        65.49980039897088    
    336.5000000000000        17.47374360773578        21.99639405255312        485.9411543937353        10782.02839333405        28.91119024543913        66.49979043721892    
    337.5000000000000        18.47881258716047        22.32431898388283        500.5734834002761        11273.83492188618        28.92308459346990        67.49977964221904    
    338.5000000000000        19.55451649561784        22.66101535412892        515.8224146377534        11794.08495295349        28.93602548369111        68.49976789739733    
    339.5000000000000        20.70581354494342        23.00653552064836        531.7077452361203        12344.28243931191        28.95016640343527        69.49975506345048    
    340.5000000000000        21.93861288288282        23.36103584412400        548.2554614655570        12926.23443697020        28.96569230489742        70.49974097251771    
    341.5000000000000        23.25867616580285        23.72456635058185        565.4866863366797        13541.61688913387        28.98282810901032        71.49972542046268    
    342.5000000000000        24.67294893129952        24.09728258631912        583.4289506021071        14192.42906994155        29.00185012470797        72.49970815650904    
    343.5000000000000        26.18799117786448        24.47922252202405        602.1043544081309        14880.52435279064        29.02310162030097        73.49968886910756    
    344.5000000000000        27.81155061199699        24.87047422847738        621.5384437310278        15607.96682934255        29.04701442192616        74.49966716633298    
    345.5000000000000        29.55174722630910        25.27110797942517        641.7565744043962        16376.88972497608        29.07413944836875        75.49964254816948    
    346.5000000000000        31.41716294815082        25.68113264993580        662.7815974089954        17189.40481953325        29.10519081534192        76.49961436647978    
    347.5000000000000        33.41687938298264        26.10065496963936        684.6421276070184        18047.93083899100        29.14111110700794        77.49958176576183    
    348.5000000000000        35.56141831122922        26.52961596420180        707.3587845827803        18954.65519698311        29.18317069695373        78.49954359299861    
    349.5000000000000        37.86089912368323        26.96811718232669        730.9611815645568        19912.20442245054        29.23312381370042        79.49949825600106    
    350.5000000000000        40.32758688165531        27.41610628232953        755.4714245065294        20922.99499796998        29.29346315246794        80.49944349229840    
    351.5000000000000        42.97344624230124        27.87359890935299        780.9155650857966        21989.68128474917        29.36785416518836        81.49937597492355    
    352.5000000000000        45.81259186518010        28.34059037902966        807.3193871821223        23115.01157610808        29.46191666730962        82.49929060290596    
    353.5000000000000        48.85950607013599        28.81704365457107        834.7070964090821        24301.74957193801        29.58472761986400        83.49917913704472    
    354.5000000000000        52.12981042660898        29.30291020808033        863.1026846420262        25552.74307293498        29.75196237394895        84.49902734806888    
    355.5000000000000        55.64093277066029        29.79811057150842        892.5283599673694        26870.83784071665        29.99322086457596        85.49880836464445    
    356.5000000000000        59.41104028878016        30.30260798481474        923.0093851107766        28259.11868711604        30.37189751672751        86.49846462849334    
    357.5000000000000        63.46050192438376        30.81626614989939        954.5651852266941        29720.49489495281        31.05263645888117        87.49784661154827    
    358.5000000000000        67.81120366788574        31.33895918191548        987.2155614252996        31257.96164538657        32.63728865203483        88.49640730022129    
    359.5000000000000        72.48532388870825        31.87054097283443        1020.978935618778        32874.52757203257        40.42192340203226        89.48930609393480    
