 # author: MA Kubiak / Space Research Center PAS Warsaw Poland, contact: mkubiak@cbk.waw.pl                          
 # code version Program.keplerV_ellipt_V2      , Dates: calkV:20/04/2026  ; part_pr:20/04/2026                       
 # czas no T v_mas, kier.naplywu(dl, szer) macierz obrotu (ecl to helio), r, theta, phi(ecl,spher), V_detector(ecl,cart), IBEX_energy_channel
 #     2025.980668000000        0.8088930000000000E-03     9480.000000000000        -11.28000000301609         251.5700000000000         11.95000000000000        0.2459841265748581        0.9692738567985851         0.000000000000000       -0.9615244635393438        0.2440174711049008        0.1261989691358298        0.1223213615382913       -0.3104294319752456E-01    0.9920049496797150        0.9753180000000000         93.19845200000000       -0.3222000000000000E-01    -29.73199999999999        -1.760000000000000       -0.1600000000000000E-01 00
 # routs_end= 150.00;    Maxwellian,    elliptOrb=Off                                                                                        
 # Numerical parameters: GridKl=10  GridKf=09  GridKV=05  epsV= 0.0000100  epssJon=.0010000                                                  
 # Numerical parameters: GridKl=10  GridKf=09  GridKV=05  epsV= 0.0000100  epssJon=.0010000; tessel128                                                                                                                                                                                                                                                                                                                                                                                                                                                                 
# Axis to the Sun: alpha_ecl= 269.0800000000000000 delta_Ecl= 0.0760000000000000 delta_Ax= 90.0000000000000000  repoint= 00088
 #  flag_atom: He                                                   
 #  flag_general:                                                   
 #                                                                  
 #                                                                  
  # Ly_a_Profil: zero                                               
  # flag_Itot: zero                                                 
 #  v_SW_Eqtr: speed3D.hybrid2026c_patched.dat                      
 #  n_SW_Eqtr: density3D.hybrid2026c_patched.dat                    
 #  phot_Eqtr: 0.8500000  phion_Helium_T12F107_2026c.dat            
 #  sigma_SW: p+He->H +He+, He + alpha (2 chnls);src:simuLosses.nb  
 #  flag_el:slow  swEqtrElectrons5.2026c.patched.dat                
 #  SW_lati: interpolation                                          
 #  phot_lati: analit pole-flattened after Pryor & Auchere          
 #
 #
 #
 #Spin  flux speed	speed^2 speed^3    long_ecl lat_ecl
   0.5000000000000000        513.2835167500750        33.04561678078158        1097.904872773777        36671.71541160355        170.4374187343178        89.49425462271908    
    1.500000000000000        547.1336262860713        33.58736765475028        1134.155378053264        38500.61322958968        176.1801590737869        88.49807383552223    
    2.500000000000000        583.2346362433002        34.13688024926476        1171.520782365613        40416.21598400616        177.3398520739910        87.49884329509096    
    3.500000000000000        621.7429897262849        34.69397117697672        1210.013772473384        42421.43808224208        177.8376085678619        86.49917347617766    
    4.500000000000000        662.7914724874068        35.25833852939081        1249.637836850178        44518.74156926462        178.1144225776183        85.49935708332924    
    5.500000000000000        706.5366601939518        35.82978598774429        1290.403154924666        46710.98478251630        178.2907623818690        84.49947404320221    
    6.500000000000000        753.1377564725520        36.40804348933992        1332.313830739755        49000.73479051450        178.4129892717218        83.49955511042565    
    7.500000000000000        802.7550823827955        36.99283539638642        1375.372734300249        51390.52511800754        178.5027447459106        82.49961464026400    
    8.500000000000000        855.5673387261368        37.58384980169650        1419.578758634004        53882.67140070209        178.5714879600736        81.49966023350822    
    9.500000000000000        911.7527217753561        38.18077723248958        1464.929886615992        56479.45414690808        178.6258538619969        80.49969629096840    
    10.50000000000000        971.5009303090536        38.78335045823819        1511.426300030821        59183.29365691449        178.6699501020257        79.49972553710896    
    11.50000000000000        1035.000244034607        39.39118548795717        1559.057708191068        61995.98828301646        178.7064557308337        78.49974974883170    
    12.50000000000000        1102.458961093074        40.00394796049354        1607.815939620946        64919.42348585293        178.7371925850137        77.49977013447356    
    13.50000000000000        1174.082806587058        40.62133661913379        1657.694830911946        67955.63623570658        178.7634427486139        76.49978754437390    
    14.50000000000000        1250.076579977493        41.24291003091187        1708.673975271823        71105.67494331379        178.7861346622502        75.49980259431568    
    15.50000000000000        1330.682187560399        41.86836643157733        1760.744067129168        74371.31533114462        178.8059571951416        74.49981574118567    
    16.50000000000000        1416.095752441375        42.49730470426172        1813.884861780531        77753.52986487575        178.8234322389859        73.49982733112302    
    17.50000000000000        1506.576474170958        43.12933634697436        1868.075921425804        81253.24868793809        178.8389624138663        72.49983763116060    
    18.50000000000000        1602.336152184584        43.76409043135754        1923.296123440470        84871.26201403599        178.8528633027256        71.49984685060447    
    19.50000000000000        1703.629016135692        44.40113020532996        1979.516856000322        88607.79155657145        178.8653857679725        70.49985515583533    
    20.50000000000000        1810.691030625281        45.04009114859469        2036.713862046115        92463.25044470989        178.8767317366608        69.49986268077812    
    21.50000000000000        1923.761855624819        45.68055868530445        2094.856391148371        96437.50591071686        178.8870655806626        68.49986953444970    
    22.50000000000000        2043.083251968585        46.32210488629563        2153.910547846678        100530.1033880438        178.8965224622361        67.49987580649406    
    23.50000000000000        2168.906622102010        46.96433037228557        2213.842786067868        104740.4719844807        178.9052145488802        66.49988157130423    
    24.50000000000000        2301.457708186623        47.60681603238143        2274.615757783963        109067.6477360554        178.9132357062347        65.49988689113484    
    25.50000000000000        2440.982838133729        48.24914342924053        2336.190082714757        113510.3801057190        178.9206650868057        64.49989181848225    
    26.50000000000000        2587.688083433881        48.89089548756434        2398.524230863442        118067.0985327350        178.9275699061780        63.49989639792588    
    27.50000000000000        2741.809163639244        49.53164779982113        2461.574045399187        122735.8951621178        178.9340076135313        62.49990066756773    
    28.50000000000000        2903.535995638329        50.17099671515630        2525.295197283069        127514.6745450646        178.9400276052252        61.49990466016896    
    29.50000000000000        3073.059720077148        50.80850191760992        2589.637607818503        132400.7355645255        178.9456725898755        60.49990840405510    
    30.50000000000000        3250.553220508898        51.44377018786284        2654.553944055247        137391.4098075365        178.9509796849055        59.49991192384356    
    31.50000000000000        3436.160392597023        52.07637634368947        2719.991468069528        142483.4210113084        178.9559813042451        58.49991524103213    
    32.50000000000000        3630.001060219823        52.70592046006147        2785.898089577488        147673.3556452703        178.9607058821600        57.49991837447925    
    33.50000000000000        3832.179193654697        53.33201179241370        2852.220787582654        152957.5386190121        178.9651784674530        56.49992134079798    
    34.50000000000000        4042.735238265146        53.95422254016219        2918.900592639126        158331.6159214210        178.9694212143379        55.49992415468166    
    35.50000000000000        4261.699703939296        54.57217818449012        2985.882388867431        163791.3442528156        178.9734537903621        54.49992682917429    
    36.50000000000000        4489.055257727911        55.18548993909234        3053.107730886552        169332.0097880860        178.9772937172847        53.49992937589681    
    37.50000000000000        4724.741133792466        55.79378469215938        3120.518161046128        174948.6966932232        178.9809566574271        52.49993180523690    
    38.50000000000000        4968.644855714695        56.39667996345143        3188.052512361718        180636.0617686304        178.9844566554098        51.49993412650934    
    39.50000000000000        5220.601478251113        56.99381460802687        3255.650454183606        186388.6356550129        178.9878063431820        50.49993634809198    
    40.50000000000000        5480.395399658201        57.58482787250376        3323.250102547562        192200.6106751511        178.9910171146890        49.49993847754155    
    41.50000000000000        5747.744589978262        58.16937760187712        3390.790282436018        198066.0455157784        178.9940992752997        48.49994052169290    
    42.50000000000000        6022.311998317051        58.74712228065495        3458.208526960662        203978.6924825624        178.9970621701517        47.49994248674397    
    43.50000000000000        6303.689225570763        59.31771908303967        3525.440908336644        209931.9830547555        178.9999142948062        46.49994437832922    
    44.50000000000000        6591.402001722678        59.88083707162964        3592.423657875880        215919.1725755707        179.0026633909978        45.49994620158317    
    45.50000000000000        6884.902154431177        60.43615712341673        3659.093314361337        221933.3642549955        179.0053165297708        44.49994796119554    
    46.50000000000000        7183.565636102318        60.98336854652840        3725.386394898422        227967.4829419371        179.0078801839040        43.49994966145925    
    47.50000000000000        7486.711282779439        61.52216515648115        3791.238971830667        234014.2384635815        179.0103602912010        42.49995130631238    
    48.50000000000000        7793.572278078933        62.05225046334506        3856.587444565796        240066.2070224901        179.0127623099656        41.49995289937502    
    49.50000000000000        8103.305479754156        62.57333630493076        3921.368453289559        246115.8288839687        179.0150912677693        40.49995444398160    
    50.50000000000000        8414.990287682513        63.08513702777209        3985.518203342432        252155.3485038775        179.0173518044404        39.49995594320938    
    51.50000000000000        8727.634909849219        63.58737865896594        4048.973744657863        258176.9463087532        179.0195482100613        38.49995739990364    
    52.50000000000000        9040.166348870191        64.07980017240210        4111.673248000614        264172.7755922928        179.0216844586400        37.49995881670004    
    53.50000000000000        9351.446394983537        64.56214028215368        4173.554334872372        270134.8038356142        179.0237642380239        36.49996019604445    
    54.50000000000000        9660.283795730060        65.03415362224897        4234.556332881722        276055.0475927072        179.0257909765375        35.49996154021063    
    55.50000000000000        9965.420702813059        65.49559700695970        4294.618532759443        281925.4075175801        179.0277678667606        34.49996285131596    
    56.50000000000000        10265.55574803221        65.94624581777431        4353.682463636899        287737.9057269160        179.0296978867999        33.49996413133561    
    57.50000000000000        10559.35761880660        66.38588332227772        4411.690570879893        293484.5650656663        179.0315838193620        32.49996538211513    
    58.50000000000000        10845.48353210070        66.81430663639752        4468.587101855832        299157.5084898867        179.0334282688912        31.49996660538186    
    59.50000000000000        11122.56239441436        67.23131982303192        4524.317259657976        304748.8838674063        179.0352336770012        30.49996780275513    
    60.50000000000000        11389.24534513237        67.63674000254829        4578.828152926159        310250.9752180300        179.0370023363989        29.49996897575551    
    61.50000000000000        11644.21612884389        68.03039066401421        4632.067948611755        315656.1252461199        179.0387364034742        28.49997012581318    
    62.50000000000000        11886.20096294261        68.41210112607961        4683.985849670606        320956.7410122995        179.0404379097052        27.49997125427546    
    63.50000000000000        12113.96657142142        68.78170596947724        4734.532091554040        326145.3042104457        179.0421087720126        26.49997236241368    
    64.50000000000000        12326.34808257215        69.13904049588453        4783.657374119544        331214.3216248424        179.0437508021765        25.49997345142949    
    65.50000000000000        12522.25491144018        69.48394249898080        4831.313129561184        336156.3584459560        179.0453657154204        24.49997452246042    
    66.50000000000000        12700.66262827966        69.81625419556167        4877.451904611564        340964.0934801330        179.0469551382486        23.49997557658522    
    67.50000000000000        12860.64949880853        70.13582268207831        4922.027456155768        345630.3360505437        179.0485206156191        22.49997661482856    
    68.50000000000000        13001.37384238648        70.44249933220885        4964.994716367188        350148.0309873395        179.0500636175189        21.49997763816533    
    69.50000000000000        13122.09057403717        70.73614308913541        5006.310305892956        354510.3217838590        179.0515855450071        20.49997864752476    
    70.50000000000000        13222.16587410564        71.01661410889453        5045.931679551909        358710.4681586744        179.0530877357776        19.49997964379405    
    71.50000000000000        13301.07640673529        71.28377958841909        5083.818030673718        362741.9541806330        179.0545714692929        18.49998062782173    
    72.50000000000000        13358.41630618008        71.53751529740002        5119.930532502233        366598.5202472679        179.0560379715320        17.49998160042092    
    73.50000000000000        13393.90158679000        71.77770850651274        5154.232816331417        370274.2241918124        179.0574884193915        16.49998256237215    
    74.50000000000000        13407.37910015586        72.00425028287223        5186.689922659869        373763.3378766088        179.0589239447748        15.49998351442611    
    75.50000000000000        13398.82223057912        72.21703601769295        5217.268392841325        377060.3620858045        179.0603456384027        14.49998445730619    
    76.50000000000000        13368.35947202200        72.41597198965091        5245.937301653003        380160.1510628329        179.0617545533724        13.49998539171084    
    77.50000000000000        13316.25930575678        72.60097020280095        5272.667539162334        383057.8408246632        179.0631517084907        12.49998631831572    
    78.50000000000000        13242.94713818927        72.77194464311837        5297.431302256276        385748.8005869408        179.0645380914065        11.49998723777587    
    79.50000000000000        13148.96871680302        72.92881335368928        5320.202407768783        388228.6710418481        179.0659146615624        10.49998815072760    
    80.50000000000000        13035.00132515459        73.07149602450085        5340.955990693248        390493.3395434604        179.0672823529856        9.499989057790371    
    81.50000000000000        12901.86256043745        73.19991999761376        5359.669421360068        392539.0476885558        179.0686420769361        8.499989959568545    
    82.50000000000000        12750.47402759676        73.31401802498536        5376.321989159328        394362.3601989686        179.0699947244288        7.499990856653057    
    83.50000000000000        12581.85043245042        73.41372183384344        5390.893974489030        395960.0666583057        179.0713411686442        6.499991749622996    
    84.50000000000000        12397.08526742830        73.49896705039956        5403.367398670925        397329.2690908976        179.0726822672430        5.499992639047180    
    85.50000000000000        12197.35821199551        73.56969789071634        5413.726759256945        398467.4699044397        179.0740188645969        4.499993525485616    
    86.50000000000000        11983.75955989112        73.62588550825045        5421.961680819471        399372.8605580978        179.0753517939490        3.499994409490892    
    87.50000000000000        11757.94302338840        73.66740786039406        5428.049481323834        400042.4250001107        179.0766818795156        2.499995291609649    
    88.50000000000000        11520.79682559630        73.69429373482568        5431.990652689518        400475.8107177325        179.0780099385397        1.499996172383900    
    89.50000000000000        11273.71440892449        73.70648375779878        5433.774158002670        400671.5494119069        179.0793367833093       0.4999970523523332    
    90.50000000000000        11017.97471603853        73.70395058421957        5433.394923400330        400628.9673259262        179.0806632231489      -0.5000020679482908    
    91.50000000000000        10754.84408631971        73.68667100083526        5430.849755564425        400347.7371177072        179.0819900663962       -1.500001187981866    
    92.50000000000000        10485.55791354122        73.65462649088322        5426.137442971985        399827.8910413902        179.0833181223735       -2.500000307211675    
    93.50000000000000        10211.33297598770        73.60780541263003        5419.259082488152        399069.8573365671        179.0846482033640       -3.499999425098996    
    94.50000000000000        9933.325358455058        73.54620301627557        5410.218080457168        398074.4595562607        179.0859811266040       -4.499998541101824    
    95.50000000000000        9652.652376093871        73.46982532419048        5399.020736576953        396842.9816342174        179.0873177163001       -5.499997654673572    
    96.50000000000000        9370.372836612925        73.37868445980210        5385.675536541887        395377.0863566190        179.0886588056838       -6.499996765261629    
    97.50000000000000        9087.492920022027        73.27279295387079        5370.192284945772        393678.7149116338        179.0900052391127       -7.499995872306019    
    98.50000000000000        8804.952951413723        73.15217772656652        5352.584196882071        391750.3200160380        179.0913578742307       -8.499994975237939    
    99.50000000000000        8523.643659505828        73.01687602391013        5332.867263083015        389594.7897311637        179.0927175841991       -9.499994073478341    
    100.5000000000000        8244.384515936050        72.86692973556967        5311.059382989014        387215.3460926695        179.0940852600107       -10.49999316643631    
    101.5000000000000        7967.905895632354        72.70238425220663        5287.180175023526        384615.5193376006        179.0954618129010       -11.49999225350750    
    102.5000000000000        7694.897748394568        72.52329857290182        5261.252467674027        381799.3104098070        179.0968481768697       -12.49999133407252    
    103.5000000000000        7425.966020550027        72.32973696730070        5233.301017568479        378771.0403794365        179.0982453113290       -13.49999040749508    
    104.5000000000000        7161.647462410716        72.12176949194034        5203.352555695675        375535.3492166126        179.0996542038945       -14.49998947312019    
    105.5000000000000        6902.426812854043        71.89947836265037        5171.436693299940        372097.2892320121        179.1010758733363       -15.49998853027223    
    106.5000000000000        6648.716056078440        71.66295089185182        5137.584842377099        368462.1980317170        179.1025113727115       -16.49998757825282    
    107.5000000000000        6400.880417317401        71.41228613914845        5101.831134490183        364635.7899250407        179.1039617926976       -17.49998661633861    
    108.5000000000000        6159.208610873692        71.14758828613468        5064.211405604811        360624.0359506768        179.1054282651509       -18.49998564377899    
    109.5000000000000        5923.947467215622        70.86897726107530        5024.764679570897        356433.3153698852        179.1069119669168       -19.49998465979348    
    110.5000000000000        5695.294073699008        70.57658060255939        4983.531943710785        352070.2738846821        179.1084141239192       -20.49998366356904    
    111.5000000000000        5473.378818579109        70.27053409423233        4940.556166542509        347541.8137042358        179.1099360155611       -21.49998265425723    
    112.5000000000000        5258.299070678197        69.95099482975438        4895.884107616533        342855.2777350181        179.1114789794722       -22.49998163097091    
    113.5000000000000        5050.100543820626        69.61812540550837        4849.563960456157        338018.1824858409        179.1130444166425       -23.49998059278097    
    114.5000000000000        4848.783853897307        69.27209689632868        4801.645719180609        333038.2474580875        179.1146337969847       -24.49997953871261    
    115.5000000000000        4654.322465400619        68.91309926164145        4752.182560571539        327923.5286617464        179.1162486653767       -25.49997846774124    
    116.5000000000000        4466.648360132759        68.54132267705830        4701.228158762785        322682.1254058731        179.1178906482369       -26.49997737878830    
    117.5000000000000        4285.674068518391        68.15697076626117        4648.838446343133        317322.3520994824        179.1195614606961       -27.49997627071628    
    118.5000000000000        4111.284493132652        67.76025326787335        4595.070508947152        311852.6108368521        179.1212629144353       -28.49997514232373    
    119.5000000000000        3943.347938425668        67.35138794464098        4539.982758438205        306281.3967486048        179.1229969262681       -29.49997399233946    
    120.5000000000000        3781.712974261693        66.93059824268595        4483.634540626582        300617.2474509316        179.1247655275578       -30.49997281941626    
    121.5000000000000        3626.218507917645        66.49812056359440        4426.087050170993        294868.8260881063        179.1265708745703       -31.49997162212415    
    122.5000000000000        3476.695940406395        66.05419183681813        4367.401519232579        289044.7216136365        179.1284152598795       -32.49997039894276    
    123.5000000000000        3332.971211277380        65.59906301814111        4307.641020752399        283153.6276209963        179.1303011249557       -33.49996914825288    
    124.5000000000000        3194.863515927091        65.13298741130041        4246.868745969280        277204.1513145182        179.1322310740885       -34.49996786832742    
    125.5000000000000        3062.199167525416        64.65622681487464        4185.148784892843        271204.8863893708        179.1342078898180       -35.49996655732107    
    126.5000000000000        2934.802237259900        64.16905881828016        4122.546943527473        265164.4782660598        179.1362345500711       -36.49996521325887    
    127.5000000000000        2812.488546059918        63.67175453305882        4059.127812498144        259091.3338010564        179.1383142472328       -37.49996383402368    
    128.5000000000000        2695.076218165213        63.16459675979441        3994.956969006557        252993.8198825756        179.1404504094179       -38.49996241734210    
    129.5000000000000        2582.391198372886        62.64788459459647        3930.101501141183        246880.3079240514        179.1426467242458       -39.49996096076847    
    130.5000000000000        2474.259425615214        62.12191759824282        3864.627862933288        240758.9566337608        179.1449071654782       -40.49995946166749    
    131.5000000000000        2370.507943739878        61.58699867754400        3798.602173389326        234637.7354179540        179.1472360229296       -41.49995791719427    
    132.5000000000000        2270.974582876363        61.04344243827079        3732.091173177033        228524.5071228251        179.1496379361374       -42.49995632427187    
    133.5000000000000        2175.492655742071        60.49156838255177        3665.161285958584        222426.9336434341        179.1521179323566       -43.49995467956634    
    134.5000000000000        2083.908013274696        59.93171816797093        3597.880706067318        216352.6674299254        179.1546814695461       -44.49995297945805    
    135.5000000000000        1996.062970356752        59.36422319293449        3530.315116554872        210308.9326980118        179.1573344851325       -45.49995122000938    
    136.5000000000000        1911.808360050255        58.78942886381787        3462.530819100252        204302.8303333182        179.1600834514826       -46.49994939692797    
    137.5000000000000        1830.987989847567        58.20767276009728        3394.591884271887        198341.0649761558        179.1629354391898       -47.49994750552474    
    138.5000000000000        1753.471424888085        57.61933285510779        3326.565853377992        192430.4542949718        179.1658981894930       -48.49994554066579    
    139.5000000000000        1679.116198740343        57.02477869410348        3258.517763175610        186577.3878650159        179.1689801974087       -49.49994349671738    
    140.5000000000000        1607.790279051282        56.42437032484460        3190.510191808211        180787.8487190694        179.1721908074736       -50.49994136748238    
    141.5000000000000        1539.364582276596        55.81848115780077        3122.605433403121        175067.5701048576        179.1755403243932       -51.49993914612684    
    142.5000000000000        1473.716561758353        55.20749574015565        3054.865770238624        169422.1078874956        179.1790401413782       -52.49993682509500    
    143.5000000000000        1410.728484208988        54.59179760096849        2987.351320817242        163856.6011407522        179.1827028895618       -53.49993439601011    
    144.5000000000000        1350.283120296520        53.97176180842662        2920.119847812851        158375.8149453491        179.1865426126563       -54.49993184955855    
    145.5000000000000        1292.277637896421        53.34780613639796        2853.231769798183        152984.5111759513        179.1905749719693       -55.49992917535403    
    146.5000000000000        1236.602555597103        52.72030108533916        2786.740550818966        147686.6862952379        179.1948174881246       -56.49992636177716    
    147.5000000000000        1183.172162149941        52.08965854439892        2720.702309359325        142486.3617043308        179.1992898273943       -57.49992339578554    
    148.5000000000000        1131.868743787593        51.45628661999446        2655.170724400445        137387.1609958340        179.2040141425547       -58.49992026268780    
    149.5000000000000        1082.633676380334        50.82056250996915        2590.194297592921        132392.1136626920        179.2090154807824       -59.49991694587307    
    150.5000000000000        1035.354942737060        50.18291380164963        2525.824933864090        127504.3417981317        179.2143222744964       -60.49991342648536    
    151.5000000000000        989.9678203924906        49.54373066269337        2462.108335544424        122726.2845822122        179.2199669355204       -61.49990968302965    
    152.5000000000000        946.3949492479206        48.90342042242472        2399.090507778591        118060.2762967884        179.2259865788660       -62.49990569089181    
    153.5000000000000        904.5534777404564        48.26239905645427        2336.815529991730        113508.2840000092        179.2324239103731       -63.49990142174995    
    154.5000000000000        864.3921752389676        47.62101515791436        2275.319582362486        109071.5910307708        179.2393283231907       -64.49989684284722    
    155.5000000000000        825.8265708445217        46.97971847049210        2214.646133887028        104751.8220319777        179.2467572627650       -65.49989191608663    
    156.5000000000000        788.8146562984859        46.33888250487428        2154.829677653846        100549.8417741296        179.2547779403130       -66.49988659689451    
    157.5000000000000        753.2852930051188        45.69891165816357        2095.905269436605        96466.39248538690        179.2634695031985       -67.49988083278144    
    158.5000000000000        719.1951951592741        45.06020190576054        2037.905461017823        92501.93824109086        179.2729258109649       -68.49987456150095    
    159.5000000000000        686.4809322407868        44.42311352711588        1980.857429863029        88656.44355384904        179.2832590238291       -69.49986770866964    
    160.5000000000000        655.1012445257745        43.78803267500669        1924.789008304309        84929.82963794970        179.2946042952788       -70.49986018465530    
    161.5000000000000        625.0011890750958        43.15538164436155        1869.729029174600        81321.96350040218        179.3071259865265       -71.49985188045532    
    162.5000000000000        596.1450762276031        42.52547616545039        1815.695514333317        77831.93737618306        179.3210260115397       -72.49984266216227    
    163.5000000000000        568.4875878497595        41.89878398117768        1762.717283619623        74459.43105790272        179.3365552164834       -73.49983236341713    
    164.5000000000000        541.9862673838912        41.27557355905031        1710.804876210850        71202.91340734327        179.3540291638844       -74.49982077494126    
    165.5000000000000        516.5986140236701        40.65626929665266        1659.980006412328        68061.48509085883        179.3738504478082       -75.49980762973654    
    166.5000000000000        492.2850382107036        40.04121812277868        1610.256033353371        65033.65810002701        179.3965409262699       -76.49979258170903    
    167.5000000000000        469.0092143506311        39.43075511490091        1561.644139460657        62117.79406887889        179.4227894240952       -77.49977517403154    
    168.5000000000000        446.7399274882379        38.82524347227886        1514.156054307470        59312.24268566586        179.4535243221717       -78.49975479100121    
    169.5000000000000        425.4341286189619        38.22499096988330        1467.797606960147        56614.97638112892        179.4900276222377       -79.49973058238938    
    170.5000000000000        405.0650041718919        37.63027381289946        1422.571110728047        54023.76479501004        179.5341210442125       -80.49970134001607    
    171.5000000000000        385.5943641943153        37.04150371600067        1378.487711852987        51536.86612408885        179.5884834677128       -81.49966528721018    
    172.5000000000000        366.9891616083883        36.45887825729815        1335.541269578438        49151.56405746030        179.6572222817869       -82.49961969985999    
    173.5000000000000        349.2233162851380        35.88274566715317        1293.735694559084        46865.71407410379        179.7469720141595       -83.49956017772423    
    174.5000000000000        332.2643715462108        35.31332883929418        1253.064737622696        44676.63186360942        179.8691910995255       -84.49947912099107    
    175.5000000000000        316.0756024541708        34.75089937731041        1213.524687477895        42581.79481445942        180.0455196868460       -85.49936217623777    
    176.5000000000000        300.6361295471962        34.19567860283053        1175.107572681827        40578.49270978015        180.3223162127765       -86.49917859275638    
    177.5000000000000        285.9147394412134        33.64792398384681        1137.807119055045        38664.14094715256        180.8200416962954       -87.49884845397831    
    178.5000000000000        271.8843898175410        33.10778550414059        1101.609097341408        36835.78971658069        181.9796647459027       -88.49807909154343    
    179.5000000000000        258.5213619175648        32.57552488954127        1066.506063768672        35090.87635168956        187.7221105173859       -89.49426032750144    
    180.5000000000000        245.7960541383987        32.05130120930281        1032.484378344257        33426.64691754616        350.4380600271152       -89.49425042333729    
    181.5000000000000        233.6869888431096        31.53530840915725        999.5302190350983        31840.26333988203        356.1803545955282       -88.49806908646615    
    182.5000000000000        222.1630153268901        31.02770304832635        967.6287314409401        30329.01888425882        357.3399652808810       -87.49883844069423    
    183.5000000000000        211.2064510920564        30.52859102016780        936.7612140792274        28890.05208550899        357.8376873507886       -86.49916857720760    
    184.5000000000000        200.7873230557277        30.03812508470329        906.9118673332142        27520.71287932145        358.1144824710452       -85.49935215975653    
    185.5000000000000        190.8906235958647        29.55639593841406        878.0608361524301        26218.22696270302        358.2908103466178       -84.49946910403776    
    186.5000000000000        181.4854933477771        29.08348913275764        850.1882339402449        24979.90361947776        358.4130290225644       -83.49955016049944    
    187.5000000000000        172.5592265749027        28.61948440077711        823.2739796195406        23803.12039356068        358.5027784980435       -82.49960968246477    
    188.5000000000000        164.0823934282731        28.16442994608178        797.2960694246706        22685.23520393582        358.5715171404239       -81.49965526970109    
    189.5000000000000        156.0426923734915        27.71835580764093        772.2321385348093        21623.68690018359        358.6258794435336       -80.49969132242717    
    190.5000000000000        148.4139584627266        27.28134540059557        748.0629530193218        20616.11656441199        358.6699727778464       -79.49972056474233    
    191.5000000000000        141.1802287252005        26.85333058454210        724.7611107856198        19659.89603797980        358.7064760121085       -78.49974477331052    
    192.5000000000000        134.3243738075872        26.43440599390101        702.3089060120820        18752.89032868192        358.7372108595338       -77.49976515630723    
    193.5000000000000        127.8280653844995        26.02449512280999        680.6795015487310        17892.65370528990        358.7634593175426       -76.49978256395833    
    194.5000000000000        121.6734006176402        25.62361314102589        659.8516582183563        17077.05000702023        358.7861497641397       -75.49979761196469    
    195.5000000000000        115.8453577420525        25.23172907910581        639.8023642602925        16303.95109871218        358.8059710221667       -74.49981075715222    
    196.5000000000000        110.3270371449502        24.84878479822725        620.5074745391570        15571.24449843446        358.8234449482371       -73.49982234561396    
    197.5000000000000        105.1028964890844        24.47475426995515        601.9454929699152        14877.00764023329        358.8389741354032       -72.49983264434731    
    198.5000000000000        100.1593866160675        24.10956057929385        584.0925768020466        14219.28117261677        358.8528741454451       -71.49984186263043    
    199.5000000000000        95.48170768811916        23.75312523997404        566.9258282036076        13596.22299214466        358.8653958239672       -70.49985016682199    
    200.5000000000000        91.05648291477486        23.40539331758639        550.4239265451732        13006.10520503705        358.8767410845097       -69.49985769082909    
    201.5000000000000        86.87051249176102        23.06623582597748        534.5627128823993        12447.16133055487        358.8870742879552       -68.49986454365413    
    202.5000000000000        82.91235177818945        22.73560700332058        519.3228047051310        11917.86265122909        358.8965305875327       -67.49987081492921    
    203.5000000000000        79.16806991352642        22.41333274071795        504.6792016285220        11416.52836127816        358.9052221432544       -66.49987657903753    
    204.5000000000000        75.62918989643610        22.09940223049583        490.6156000955918        10941.85482835768        358.9132428145000       -65.49988189822547    
    205.5000000000000        72.28170763761446        21.79360010979023        477.1064541667982        10492.25098846941        358.9206717485009       -64.49988682498235    
    206.5000000000000        69.11789138894613        21.49589417802742        464.1357536226931        10066.52369730148        358.9275761563664       -63.49989140388182    
    207.5000000000000        66.12600922648194        21.20612251714868        451.6819659448617        9663.327066987449        358.9340134834539       -62.49989567302077    
    208.5000000000000        63.29782619238548        20.92416473486170        439.7261634629828        9281.452584950946        358.9400331228392       -61.49989966515595    
    209.5000000000000        60.62374473833975        20.64990828480423        428.2505540619355        8919.777582786015        358.9456777803012       -60.49990340860930    
    210.5000000000000        58.09557417762587        20.38320838085712        417.2363658230890        8577.181115283754        358.9509845708000       -59.49990692799489    
    211.5000000000000        55.70501810097129        20.12393201829865        406.6661111197432        8252.628418445445        358.9559859061161       -58.49991024480769    
    212.5000000000000        53.44457463898144        19.87195350159363        396.5232111835824        7945.150313552967        358.9607102186321       -57.49991337790367    
    213.5000000000000        51.30699566517038        19.62712790855531        386.7908012994942        7653.801062755099        358.9651825554929       -56.49991634389369    
    214.5000000000000        49.28537430706940        19.38931586671477        377.4528986336362        7377.698095898299        358.9694250694482       -55.49991915746909    
    215.5000000000000        47.37343252247184        19.15838640847863        368.4944038900239        7116.016439519180        358.9734574267470       -54.49992183167229    
    216.5000000000000        45.56503031647170        18.93420552203475        359.9006325234247        6867.972935007366        358.9772971479930       -53.49992437812261    
    217.5000000000000        43.85444581999401        18.71663425690054        351.6571955784415        6632.819938401037        358.9809598944765       -52.49992680720638    
    218.5000000000000        42.23619712420144        18.50553562849865        343.7503040168907        6409.854102175440        358.9844597098947       -51.49992912823720    
    219.5000000000000        40.70523322028603        18.30077707982536        336.1668258148130        6198.415662328664        358.9878092253677       -50.49993134959176    
    220.5000000000000        39.25672638535594        18.10222571077154        328.8940694552935        5997.880049423386        358.9910198340944       -49.49993347882587    
    221.5000000000000        37.88613136638624        17.90975165299685        321.9199083636298        5807.660354573887        358.9941018407700       -48.49993552277345    
    222.5000000000000        36.58918371159494        17.72322689405954        315.2327047567907        5627.203223285929        358.9970645899224       -47.49993748763164    
    223.5000000000000        35.36184957120513        17.54252470947828        308.8212714325664        5455.986431677443        358.9999165765599       -46.49993937903416    
    224.5000000000000        34.20031935488249        17.36752041868914        302.6748834737525        5293.517927007968        359.0026655419145       -45.49994120211491    
    225.5000000000000        33.10099136852126        17.19809061612305        296.7832310570414        5139.333240821545        359.0053185565731       -44.49994296156298    
    226.5000000000000        32.06051294689755        17.03411596090179        291.1365069540127        4992.996793085629        359.0078820928967       -43.49994466167068    
    227.5000000000000        31.07569309872988        16.87547959621752        285.7253282346196        4854.098524208543        359.0103620883071       -42.49994630637567    
    228.5000000000000        30.14357114776936        16.72206785331224        280.5407446830827        4722.253080076542        359.0127640007586       -41.49994789929759    
    229.5000000000000        29.26135239539884        16.57377178267451        275.5742800125512        4597.100017236667        359.0150928575019       -40.49994944377036    
    230.5000000000000        28.42638520555641        16.43048104295316        270.8176888468732        4478.296072232218        359.0173532980709       -39.49995094287086    
    231.5000000000000        27.63618310378084        16.29209057376180        266.2631836971925        4365.520531818909        359.0195496122769       -38.49995239944406    
    232.5000000000000        26.88840506643759        16.15849679377348        261.9032857469993        4258.470452667210        359.0216857738783       -37.49995381612531    
    233.5000000000000        26.18086792542710        16.02960008255579        257.7308984174464        4156.861875014786        359.0237654704919       -36.49995519536010    
    234.5000000000000        25.51150554221023        15.90530328804547        253.7392425254952        4060.427434792773        359.0257921302301       -35.49995653942194    
    235.5000000000000        24.87839287397317        15.78551135131462        249.9218310450040        3968.915076782039        359.0277689454754       -34.49995785042803    
    236.5000000000000        24.27972033642787        15.67013344879992        246.2725309606039        3882.089058202126        359.0296988941530       -33.49995913035315    
    237.5000000000000        23.71380323051022        15.55908192197117        242.7855112535809        3799.727954161254        359.0315847588009       -32.49996038104272    
    238.5000000000000        23.17905688966186        15.45227123281366        239.4551976689581        3721.623010573906        359.0334291437071       -31.49996160422390    
    239.5000000000000        22.67399246549170        15.34962038875405        236.2763444278052        3647.579498907993        359.0352344903403       -30.49996280151573    
    240.5000000000000        22.19724098817225        15.25105073423319        233.2439479685763        3577.414025673451        359.0370030912728       -29.49996397443867    
    241.5000000000000        21.74750616388131        15.15648857054424        230.3533292180776        3510.956295412359        359.0387371027694       -28.49996512442276    
    242.5000000000000        21.32357354637228        15.06586175256092        227.6000072029415        3448.045451790586        359.0404385561923       -27.49996625281508    
    243.5000000000000        20.92430223878477        14.97910046691088        224.9797149423772        3388.530072698793        359.0421093683538       -26.49996736088688    
    244.5000000000000        20.54862458776309        14.89613746294279        222.4884024525611        3332.268004619956        359.0437513509339       -25.49996844983968    
    245.5000000000000        20.19555482120916        14.81690914907455        220.1222638212214        3279.126692745940        359.0453662190626       -24.49996952081085    
    246.5000000000000        19.86417003186016        14.74135437422692        217.8776910350095        3228.981778429059        359.0469555991573       -23.49997057487904    
    247.5000000000000        19.55360370489476        14.66941445792589        215.7512682316189        3181.716695981566        359.0485210360952       -22.49997161306885    
    248.5000000000000        19.26304277076004        14.60103336096480        213.7397715751421        3137.222443582893        359.0500639997883       -21.49997263635500    
    249.5000000000000        18.99174091539597        14.53615906832472        211.8402077300862        3095.398286707625        359.0515858912259       -20.49997364566668    
    250.5000000000000        18.73900365349396        14.47474114159490        210.0497289558699        3056.149481157153        359.0530880480371       -19.49997464189100    
    251.5000000000000        18.50418240141251        14.41673175448049        208.3656613382815        3019.387769897939        359.0545717496244       -18.49997562587638    
    252.5000000000000        18.28668182655638        14.36208522385688        206.7854840754210        2985.030689763417        359.0560382219111       -17.49997659843588    
    253.5000000000000        18.08595696918662        14.31075994329124        205.3068881805652        2953.002860244270        359.0574886417420       -16.49997756035002    
    254.5000000000000        17.90151311084075        14.26271749715405        203.9277426755993        2923.234989240887        359.0589241409733       -15.49997851236932    
    255.5000000000000        17.73289382269411        14.21791944671437        202.6459884212707        2895.661192140714        359.0603458102819       -14.49997945521717    
    256.5000000000000        17.57969255861932        14.17633138799749        201.4597642721623        2870.221909526831        359.0617547027245       -13.49998038959201    
    257.5000000000000        17.44154626736722        14.13792174440315        200.3673643432463        2846.862751926366        359.0631518370711       -12.49998131616937    
    258.5000000000000        17.31812621539869        14.10266166025094        199.3672314513889        2825.534236917452        359.0645382009368       -11.49998223560426    
    259.5000000000000        17.20913255008447        14.07052281131361        198.4578868339651        2806.190065785729        359.0659147537335       -10.49998314853303    
    260.5000000000000        17.09781153580950        14.04165502439027        197.6429527977883        2788.893897051613        359.0672824294607       -9.499984055574998    
    261.5000000000000        17.03344471591725        14.01551181021206        196.9064508168295        2773.294665547210        359.0686421393538       -8.499984957334535    
    262.5000000000000        16.96635662687951        13.99259813820527        196.2621629149018        2759.674743097054        359.0699947744053       -7.499985854402595    
    263.5000000000000        16.91290414492971        13.97272203434543        195.7042468827446        2747.901106635240        359.0713412077764       -6.499986747358154    
    264.5000000000000        16.87298005573355        13.95586904616900        195.2319344856799        2737.949808767088        359.0726822971109       -5.499987636770051    
    265.5000000000000        16.84649805811991        13.94202623986981        194.8445550333567        2729.800157832716        359.0740188867661       -4.499988523198315    
    266.5000000000000        16.83340176003982        13.93118216266810        194.5415338073127        2723.434662353347        359.0753518099735       -3.499989407195440    
    267.5000000000000        16.83366627464722        13.92332820840125        194.3224323311691        2718.839917637215        359.0766818909396       -2.499990289308090    
    268.5000000000000        16.84730024464677        13.91845776822280        194.1869232425881        2716.006035983981        359.0780099469007       -1.499991170078309    
    269.5000000000000        16.87435692639991        13.91656637033891        194.1347923762772        2714.926644788987        359.0793367901400      -0.4999920500447023    
    270.5000000000000        16.91492599977772        13.91765490096829        194.1660371324224        2715.601147856430        359.0806632299796       0.5000070702559343    
    271.5000000000000        16.96911909530833        13.92172464972916        194.2807154585393        2718.031251025773        359.0819900747572        1.500006190287457    
    272.5000000000000        17.03706894931109        13.92877816407357        194.4789711338261        2722.221530329633        359.0833181337976        2.500005309513221    
    273.5000000000000        17.11895119384408        13.93882018883453        194.7610630695030        2728.180122378928        359.0846482193885        3.500004427394460    
    274.5000000000000        17.21498822412164        13.95185974297407        195.1274296314131        2735.920228291177        359.0859811487732        4.500003543389123    
    275.5000000000000        17.32542951026236        13.96790721123036        195.5785999354753        2745.458081406569        359.0873177461680        5.500002656950687    
    276.5000000000000        17.45056840431069        13.98697490408483        196.1152130412571        2756.813442827319        359.0886588448161        6.500001767526483    
    277.5000000000000        17.59073620779644        14.00907749372559        196.7380325729564        2770.009978856155        359.0900052890893        7.500000874556467    
    278.5000000000000        17.74630208204093        14.03423159476783        197.4479339894554        2785.074980653375        359.0913579366485        8.499999977471937    
    279.5000000000000        17.91767320965238        14.06245682937593        198.2459399588888        2802.040256658275        359.0927176606744        9.499999075693729    
    280.5000000000000        18.10528257309137        14.09377505808307        199.1331959218619        2820.941570564979        359.0940853521819        10.49999816863087    
    281.5000000000000        18.30962668801927        14.12821152683492        200.1110106472611        2841.819715038900        359.0954619224314        11.49999725567909    
    282.5000000000000        18.53124172722535        14.16578996322073        201.1807053062779        2864.717036550934        359.0968483054503        12.49999633621889    
    283.5000000000000        18.77073983118676        14.20654245347707        202.3439228584100        2889.684757614339        359.0982454606814        13.49999540961389    
    284.5000000000000        19.02876179553672        14.25049660526464        203.6022319004696        2916.773794651562        359.0996543757739        14.49999447520919    
    285.5000000000000        19.30601241963255        14.29768820007672        204.9575214051912        2946.044070659960        359.1010760695351        15.49999353232903    
    286.5000000000000        19.60322817762502        14.34815428114609        206.4117894763012        2977.559684790227        359.1025115950624        16.49999258027494    
    287.5000000000000        19.92124083559788        14.40193433430901        207.9671840635189        3011.389997831147        359.1039620430768        17.49999161832363    
    288.5000000000000        20.26092653570060        14.45907058949672        209.6260144224552        3047.609998603499        359.1054285454827        18.49999064572435    
    289.5000000000000        20.62323410225819        14.51960596546647        211.3906954829464        3086.299232648721        359.1069122791767        19.49998966169651    
    290.5000000000000        21.00919121247881        14.58358747672950        213.2638556791877        3127.544440948813        359.1084144701384        20.49998866542712    
    291.5000000000000        21.41991200763772        14.65106532123577        215.2483147591606        3171.439238821384        359.1099363978309        21.49998765606756    
    292.5000000000000        21.85658710724108        14.72209132853221        217.3470389616566        3218.083223664275        359.1114793999487        22.49998663273061    
    293.5000000000000        22.32050069417261        14.79671980570955        219.5631732301095        3267.582934013235        359.1130448775516        23.49998559448715    
    294.5000000000000        22.81302069600964        14.87500845893235        221.9000757762462        3320.052909304073        359.1146343006273        24.49998454036219    
    295.5000000000000        23.33562540369434        14.95701816547618        224.3613181066764        3375.615934730303        359.1162492141346        25.49998346933105    
    296.5000000000000        23.88990967470878        15.04281233466763        226.9506709010374        3434.402963694958        359.1178912445786        26.49998238031508    
    297.5000000000000        24.47762778307006        15.13245761932666        229.6721381662933        3496.554328345816        359.1195621071836        27.49998127217668    
    298.5000000000000        25.10063152298370        15.22602219694072        232.5299021107134        3562.218527415935        359.1212636137311        28.49998014371415    
    299.5000000000000        25.76087752177845        15.32357881705319        235.5284310964187        3631.555232604630        359.1229976811425        29.49997899365628    
    300.5000000000000        26.46052721447764        15.42520429749582        238.6724758243717        3704.735651101695        359.1247663408974        30.49997782065567    
    301.5000000000000        27.20187288388705        15.53097717793069        241.9669985852378        3781.941089836878        359.1265717493868        31.49997662328212    
    302.5000000000000        27.98738586650939        15.64098006481454        245.4172660656489        3863.365825892603        359.1284161993191        32.49997540001513    
    303.5000000000000        28.81972642912543        15.75529667290101        249.0287538490943        3949.214984054387        359.1303021323095        33.49997414923535    
    304.5000000000000        29.70174319043046        15.87401558180905        252.8072879090984        4039.708733532102        359.1322321528041        34.49997286921536    
    305.5000000000000        30.63645518072566        15.99722894410391        256.7590070155443        4135.081719564552        359.1342090435112        35.49997155810973    
    306.5000000000000        31.62712560006844        16.12503041368459        260.8903085827047        4235.582338692320        359.1362357825399        36.49997021394322    
    307.5000000000000        32.67727694052727        16.25751628032194        265.2078995514979        4341.474651406895        359.1383155624719        37.49996883459841    
    308.5000000000000        33.79063440791057        16.39478668894602        269.7188468730805        4453.040233405846        359.1404518116344        38.49996741780165    
    309.5000000000000        34.97126557063633        16.53694263767249        274.4304900168688        4570.576664999844        359.1426482178773        39.49996596110699    
    310.5000000000000        36.22343606192911        16.68409298591072        279.3506997529283        4694.405044243887        359.1449087552118        40.49996446187875    
    311.5000000000000        37.55176549873293        16.83634615538527        284.4876076164724        4824.863878745274        359.1472377137236        41.49996291727171    
    312.5000000000000        38.96116652787154        16.99381263799599        289.8496884294714        4962.311483306954        359.1496397332446        42.49996132420858    
    313.5000000000000        40.45693426582498        17.15661236009989        295.4460756852314        5107.136400555951        359.1521198413504        43.49995967935488    
    314.5000000000000        42.04483489792175        17.32485919243780        301.2859820142634        5259.741610043375        359.1546834963495        44.49995797909061    
    315.5000000000000        43.73098147229883        17.49867723361649        307.3793408826170        5420.564056684957        359.1573366360505        45.49995621947765    
    316.5000000000000        45.52203720773551        17.67819272995370        313.7365001868755        5590.066510695241        359.1600857332376        46.49995439622300    
    317.5000000000000        47.42524365200069        17.86352158330821        320.3678067010196        5768.727959343219        359.1629378589619        47.49995250463705    
    318.5000000000000        49.44808245972462        18.05480334536227        327.2848681900862        5957.079768280467        359.1659007549648        48.49995053958526    
    319.5000000000000        51.59914823398257        18.25216154756884        334.4990982260737        6155.666115245624        359.1689829168157        49.49994849543305    
    320.5000000000000        53.88687530048877        18.45572424233821        342.0224854495044        6365.066635625464        359.1721936896610        50.49994636598257    
    321.5000000000000        56.32145777156273        18.66564169764131        349.8683787684578        6585.923383053348        359.1755433788799        51.49994414439902    
    322.5000000000000        58.91227048025785        18.88201862745470        358.0486933860746        6818.854678471030        359.1790433784295        52.49994182312550    
    323.5000000000000        61.67142800395406        19.10503112259427        366.5788144405238        7064.611652997133        359.1827063202721        53.49993939378430    
    324.5000000000000        64.60954720909390        19.33476807963967        375.4709381137977        7323.867798764905        359.1865462490433        54.49993684706057    
    325.5000000000000        67.74043226920563        19.57141633285599        384.7419622067966        7597.474658845275        359.1905788270819        55.49993417256656    
    326.5000000000000        71.07693142765828        19.81506690246580        394.4051779148440        7886.193468128742        359.1948215761669        56.49993135868147    
    327.5000000000000        74.63405278264662        20.06590664710244        404.4786438314915        8190.973361089639        359.1992941638689        57.49992839236113    
    328.5000000000000        78.42734358675315        20.32402809672264        414.9768074814672        8512.673806714412        359.2040187444285        58.49992525891222    
    329.5000000000000        82.47363994358687        20.58961574138438        425.9188025804002        8852.345349511035        359.2090203666797        59.49992194172172    
    330.5000000000000        86.79114850553584        20.86276954329584        437.3206863406187        9210.973385722311        359.2143274649251        60.49991842193116    
    331.5000000000000        91.39923781407445        21.14364477933485        449.2015059979743        9589.678892276816        359.2199724531378        61.49991467804262    
    332.5000000000000        96.31900733247456        21.43236723895856        461.5797974008459        9989.611643096932        359.2259924487923        62.49991068543881    
    333.5000000000000        101.5727758943401        21.72908366355053        474.4755077198801        10412.00591485489        359.2324301605655        63.49990641579404    
    334.5000000000000        107.1844411193393        22.03389400163064        487.9074752825338        10858.11575832528        359.2393349848902        64.49990183634708    
    335.5000000000000        113.1802780027628        22.34692206034731        501.8958580743464        11329.27282830639        359.2467643710349        65.49989690899598    
    336.5000000000000        119.5870848861755        22.66831354206850        516.4629734817066        11826.95090383034        359.2547855346923        66.49989158916121    
    337.5000000000000        126.4343546533484        22.99814503687575        531.6283444783335        12352.56899490821        359.2634776285007        67.49988582434625    
    338.5000000000000        133.7534066375307        23.33654636402797        547.4148017214777        12907.72322010732        359.2729345182636        68.49987955229648    
    339.5000000000000        141.5787838966272        23.68359890451010        563.8436115674248        13494.01290371795        359.2832683716848        69.49987269861867    
    340.5000000000000        149.9447292727055        24.03939906502677        580.9373502277210        14113.14223483765        359.2946143512808        70.49986517366862    
    341.5000000000000        158.8906697884996        24.40403217782139        598.7189568414624        14766.89904739282        359.3071368292543        71.49985686842933    
    342.5000000000000        168.4578183526494        24.77757341433561        617.2113418791047        15457.12877806895        359.3210377330859        72.49984764897555    
    343.5000000000000        178.6901448305383        25.16008020270242        636.4373515041144        16185.74756665839        359.3365679257451        73.49983734892614    
    344.5000000000000        189.6306968072842        25.55161654431079        656.4207094911611        16954.77082813574        359.3540429909214        74.49982575897464    
    345.5000000000000        201.3316288727026        25.95222882737609        677.1849124137525        17766.27892529735        359.3738655497114        75.49981261208750    
    346.5000000000000        213.8439264789778        26.36196278508647        698.7541003729247        18622.45467341288        359.3965574952144        76.49979756212456    
    347.5000000000000        227.2274634587240        26.78082693270785        721.1510772615973        19525.50581278890        359.4228076986337        77.49978015219786    
    348.5000000000000        241.5363021709758        27.20887564416334        744.4015458535107        20477.82985883743        359.4535446034683        78.49975976652242    
    349.5000000000000        256.8377396536912        27.64606216326771        768.5262966648640        21481.70464639506        359.4900502980847        79.49973555475599    
    350.5000000000000        273.1999805351491        28.09242002939536        793.5510176499471        22539.69241472654        359.5341466257814        80.49970630855725    
    351.5000000000000        290.6921658149408        28.54789193099460        819.4967465217883        23654.23934274369        359.5885126481034        81.49967025101728    
    352.5000000000000        309.3913435006993        29.01243706347185        846.3856684220875        24827.91557837406        359.6572560339717        82.49962465765914    
    353.5000000000000        329.3810576674206        29.48602840076071        874.2413684621213        26063.44582561852        359.7470117650716        83.49956512765046    
    354.5000000000000        350.7441912998189        29.96856222773463        903.0828066063757        27363.41415826361        359.8692390643718        84.49948406015540    
    355.5000000000000        373.5737804388231        30.45998476717169        932.9324425945250        28730.65674945789       0.4558959833180850E-01    85.49936709981024    
    356.5000000000000        397.9669910772378        30.96016504218552        963.8079713017721        30167.86314547169       0.3224050138600525        86.49918349172619    
    357.5000000000000        424.0255688660519        31.46896238982718        995.7262487825209        31677.74512358227       0.8201649215843664        87.49885330837451    
    358.5000000000000        451.8549622727872        31.98625637686306        1028.705868712437        33263.19934146617        1.979870286953088        88.49808384059764    
    359.5000000000000        481.5679707173049        32.51185761160426        1062.760070414287        34926.89248751401        7.722761842168349        89.49426452686674    
