 # author: MA Kubiak / Space Research Center PAS Warsaw Poland, contact: mkubiak@cbk.waw.pl                          
 # code version Program.keplerV_ellipt_V2      , Dates: calkV:20/04/2026  ; part_pr:20/04/2026                       
 # czas no T v_mas, kier.naplywu(dl, szer) macierz obrotu (ecl to helio), r, theta, phi(ecl,spher), V_detector(ecl,cart), IBEX_energy_channel
 #     2026.153268000000        0.8088930000000000E-03     9480.000000000000        -11.28000000301609         251.5700000000000         11.95000000000000        0.2459841265748581        0.9692738567985851         0.000000000000000       -0.9615244635393438        0.2440174711049008        0.1261989691358298        0.1223213615382913       -0.3104294319752456E-01    0.9920049496797150        0.9802199999999999         156.8819150000000        0.3422200000000000E-01    -12.02700000000000        -27.25800000000000        0.2999999999999999E-01 00
 # routs_end= 150.00;    Maxwellian,    elliptOrb=Off                                                                                        
 # Numerical parameters: GridKl=10  GridKf=09  GridKV=05  epsV= 0.0000100  epssJon=.0010000                                                  
 # Numerical parameters: GridKl=10  GridKf=09  GridKV=05  epsV= 0.0000100  epssJon=.0010000; tessel128                                                                                                                                                                                                                                                                                                                                                                                                                                                                 
# Axis to the Sun: alpha_ecl= 332.8860000000000000 delta_Ecl= 0.0880000000000000 delta_Ax= 90.0000000000000000  repoint= 00168
 #  flag_atom: He                                                   
 #  flag_general:                                                   
 #                                                                  
 #                                                                  
  # Ly_a_Profil: zero                                               
  # flag_Itot: zero                                                 
 #  v_SW_Eqtr: speed3D.hybrid2026c_patched.dat                      
 #  n_SW_Eqtr: density3D.hybrid2026c_patched.dat                    
 #  phot_Eqtr: 0.8500000  phion_Helium_T12F107_2026c.dat            
 #  sigma_SW: p+He->H +He+, He + alpha (2 chnls);src:simuLosses.nb  
 #  flag_el:slow  swEqtrElectrons5.2026c.patched.dat                
 #  SW_lati: interpolation                                          
 #  phot_lati: analit pole-flattened after Pryor & Auchere          
 #
 #
 #
 #Spin  flux speed	speed^2 speed^3    long_ecl lat_ecl
   0.5000000000000000        8.649587698823973        31.80358363090379        1016.398367983350        32639.20190891664        232.9044256213790        89.49231274743907    
    1.500000000000000        9.210147227543679        32.34494260613807        1051.280496655423        34333.00705148820        239.5292652288679        88.49741896817248    
    2.500000000000000        9.809543734267764        32.89467708587442        1087.298618298230        36111.38913154932        240.8713026974379        87.49845015731293    
    3.500000000000000        10.45049135134079        33.45252481794790        1124.462347425395        37977.12413100002        241.4475180660558        86.49889276043974    
    4.500000000000000        11.13613189558293        34.01828825451281        1162.785011664013        39933.23177842636        241.7679987755089        85.49913890278171    
    5.500000000000000        11.86973324959897        34.59174863925124        1202.278124783390        41982.70838108748        241.9721653229022        84.49929570381848    
    6.500000000000000        12.65500686710874        35.17273873414304        1242.956216584548        44128.76851614549        242.1136833796859        83.49940438778852    
    7.500000000000000        13.49598718568032        35.76103799018132        1284.829679694307        46374.47549113494        242.2176065820667        82.49948419823919    
    8.500000000000000        14.39713984687377        36.35641076976601        1327.906629859944        48722.79290940860        242.2972015455196        81.49954532462176    
    9.500000000000000        15.36335182669072        36.95859564129020        1372.192574253860        51176.58835014667        242.3601500191774        80.49959366671794    
    10.50000000000000        16.39987765417876        37.56729792820816        1417.689474253882        53738.55600065852        242.4112078315299        79.49963287704303    
    11.50000000000000        17.51239196355013        38.18223768629480        1464.399048266127        56411.38442181232        242.4534768323297        78.49966533780488    
    12.50000000000000        18.70756792882511        38.80308623793785        1512.318175265381        59197.50112180944        242.4890663997748        77.49969266897804    
    13.50000000000000        19.99251625151154        39.42950966944530        1561.442098313213        62099.24563462815        242.5194609834469        76.49971601059005    
    14.50000000000000        21.37484520359825        40.06120631000630        1611.767390937790        65119.04362553191        242.5457355775417        75.49973618820935    
    15.50000000000000        22.86376707970264        40.69785665982003        1663.287737522659        68259.13487726709        242.5686877931094        74.49975381437760    
    16.50000000000000        24.46864446026484        41.33914587489980        1715.996040846678        71521.71221546787        242.5889219080267        73.49976935316046    
    17.50000000000000        26.20052307240070        41.98470324678496        1769.878749994518        74908.52051663434        242.6069041019427        72.49978316256728    
    18.50000000000000        28.07149489586831        42.63419795191456        1824.923969679432        78421.36699546275        242.6229997783500        71.49979552321416    
    19.50000000000000        30.09481366673511        43.28723196073879        1881.112084417560        82061.49440934959        242.6374994036115        70.49980665816776    
    20.50000000000000        32.28569587718628        43.94346135194699        1938.426561930351        85830.29834133857        242.6506367837435        69.49981674698138    
    21.50000000000000        34.66104050708339        44.60253015793640        1996.848262521595        89728.95357463503        242.6626022409497        68.49982593581440    
    22.50000000000000        37.24011292100253        45.26409303572103        2056.357093990731        93758.49104261831        242.6735522765722        67.49983434485297    
    23.50000000000000        40.04440302454557        45.92778530413431        2116.929329083741        97919.60596064954        242.6836167670116        66.49984207383638    
    24.50000000000000        43.09788674944769        46.59320353410504        2178.535654545361        102212.5037185640        242.6929043974559        65.49984920622984    
    25.50000000000000        46.42774821083658        47.25994030087364        2241.144156672395        106637.0812779525        242.7015068171372        64.49985581241572    
    26.50000000000000        50.06461312770153        47.92760630074269        2304.722954852220        111193.1458517089        242.7095018538158        63.49986195216207    
    27.50000000000000        54.04335959188221        48.59583517406263        2369.240357280751        115880.3945173697        242.7169560269545        62.49986767655263    
    28.50000000000000        58.40336185027657        49.26424251310834        2434.660835024708        120698.1044229205        242.7239265318287        61.49987302951065    
    29.50000000000000        63.18936028444350        49.93240440381292        2500.942650115244        125644.9271531194        242.7304628201106        60.49987804901258    
    30.50000000000000        68.45180354727336        50.59990792564611        2568.042955267418        130719.2667994070        242.7366078695386        59.49988276806320    
    31.50000000000000        74.24830266755299        51.26633936249968        2635.916957401084        135919.2345870670        242.7423992117621        58.49988721548495    
    32.50000000000000        80.64409492699498        51.93129996600288        2704.519174381986        141242.7074920704        242.7478697704469        57.49989141656156    
    33.50000000000000        87.71335769480541        52.59436227834001        2773.798944434632        146686.9670656177        242.7530485492877        56.49989539356640    
    34.50000000000000        95.53997492792190        53.25506889863445        2843.699750715426        152248.5939700764        242.7579612003810        55.49989916619901    
    35.50000000000000        104.2208176862088        53.91299955894248        2914.167260381884        157924.1717098971        242.7626304965502        54.49990275194772    
    36.50000000000000        113.8644363915332        54.56771114082784        2985.142477298461        163709.6933160152        242.7670767260424        53.49990616639288    
    37.50000000000000        124.5948252994434        55.21873637767294        3056.561192745776        169600.4681584557        242.7713180240882        52.49990942346142    
    38.50000000000000        136.5525144719531        55.86557332478418        3128.352919742783        175591.0302494861        242.7753706528043        51.49991253564179    
    39.50000000000000        149.8965262186347        56.50774964758262        3200.448145322803        181675.7442427872        242.7792492385943        50.49991551416631    
    40.50000000000000        164.8085397900822        57.14478634146953        3272.774496499821        187848.4921357570        242.7829669743931        49.49991836916647    
    41.50000000000000        181.4937314699099        57.77619357626725        3345.255904746122        194102.5586673068        242.7865357926866        48.49992110980580    
    42.50000000000000        200.1830355835509        58.40144051324554        3417.809044474820        200430.3038866500        242.7899665141203        47.49992374439398    
    43.50000000000000        221.1364475286038        59.01998910046534        3490.347316905260        206823.5067921653        242.7932689756253        46.49992628048525    
    44.50000000000000        244.6470754018319        59.63132620603852        3562.784939725927        213273.7462001855        242.7964521412855        45.49992872496357    
    45.50000000000000        271.0433609867173        60.23493064687263        3635.032928815143        219772.0230157779        242.7995241986006        44.49993108411648    
    46.50000000000000        300.6909213797477        60.83025323557965        3706.996621953413        226308.5194897468        242.8024926423445        43.49993336369960    
    47.50000000000000        333.9949256118903        61.41673823106531        3778.578208229432        232872.8140093403        242.8053643478493        42.49993556899279    
    48.50000000000000        371.4036213569324        61.99382771652898        3849.677553303323        239453.9771123802        242.8081456352394        41.49993770484956    
    49.50000000000000        413.4077186680954        62.56098466795463        3920.195299641194        246040.8773984213        242.8108423258987        40.49993977574043    
    50.50000000000000        460.5426871160228        63.11769493422747        3990.033140807449        252622.2030004500        242.8134597922472        39.49994178579114    
    51.50000000000000        513.3843742031223        63.66344334326702        4059.090960349326        259186.1989144993        242.8160030017374        38.49994373881643    
    52.50000000000000        572.5472159310984        64.19772810797731        4127.268728940094        265720.8497080480        242.8184765558426        37.49994563834994    
    53.50000000000000        638.6821957475322        64.72007105838068        4194.468106446405        272214.0590330929        242.8208847246930        36.49994748767094    
    54.50000000000000        712.4651792859274        65.23002249918140        4260.593411842689        278653.7761611983        242.8232314779204        35.49994928982787    
    55.50000000000000        794.5874443594214        65.72717579626359        4325.553804436607        285028.2364033206        242.8255205121894        34.49995104765957    
    56.50000000000000        885.7463505436295        66.21117023529821        4389.263930728562        291326.0516441053        242.8277552758284        33.49995276381416    
    57.50000000000000        986.6220811474766        66.68167083177569        4451.641447756653        297535.9839211621        242.8299389909139        32.49995444076602    
    58.50000000000000        1097.863635841134        67.13837599542538        4512.608191149970        303647.0793020169        242.8320746731139        31.49995608083102    
    59.50000000000000        1220.056163754890        67.58101665606806        4572.090418858728        309648.7317235353        242.8341651495565        30.49995768618022    
    60.50000000000000        1353.700848819406        68.00935665088683        4630.019015917012        315530.7231722824        242.8362130749516        29.49995925885231    
    61.50000000000000        1499.171924192918        68.42319946358941        4686.330775234131        321283.3962308975        242.8382209461692        28.49996080076474    
    62.50000000000000        1656.695034600541        68.82239253838948        4740.969199145882        326897.7636346213        242.8401911154447        27.49996231372388    
    63.50000000000000        1826.310807787535        69.20682356649104        4793.884173182932        332365.4994041924        242.8421258023687        26.49996379943424    
    64.50000000000000        2007.834835434285        69.57641352021321        4845.031112347667        337678.8670360217        242.8440271047905        25.49996525950689    
    65.50000000000000        2200.823722780647        69.93110095866975        4894.368899961934        342830.5233653276        242.8458970087568        24.49996669546696    
    66.50000000000000        2404.542572547732        70.27085195595080        4941.861465708258        347813.7102574253        242.8477373975880        23.49996810876074    
    67.50000000000000        2617.936176296285        70.59564645128357        4987.475893193378        352622.0641194629        242.8495500601816        22.49996950076201    
    68.50000000000000        2839.614879251358        70.90548799039578        5031.183864761510        357249.7824323379        242.8513366986280        21.49997087277786    
    69.50000000000000        3067.834258146193        71.20038903638087        5072.959675226086        361691.4289884297        242.8530989352056        20.49997222605411    
    70.50000000000000        3300.505412302560        71.48038322679182        5112.782037194619        365942.1393188937        242.8548383188234        19.49997356178024    
    71.50000000000000        3535.209926334126        71.74551778777089        5150.632976499773        369997.5058373156        242.8565563309646        18.49997488109391    
    72.50000000000000        3769.201139049405        71.99584160578955        5186.496225945899        373853.4216913623        242.8582543911843        17.49997618508528    
    73.50000000000000        3999.483249268165        72.23141497694711        5220.358496128864        377506.2088756042        242.8599338622053        16.49997747480083    
    74.50000000000000        4222.830598435338        72.45229352928236        5252.207271340869        380952.3970705042        242.8615960546537        15.49997875124702    
    75.50000000000000        4435.893497389645        72.65853809031667        5282.032099419367        384188.8531608242        242.8632422314704        14.49998001539373    
    76.50000000000000        4635.272419354245        72.85021264279575        5309.824419971132        387212.7808471638        242.8648736120321        13.49998126817738    
    77.50000000000000        4817.603297563703        73.02738301856641        5335.577304235027        390021.6884680328        242.8664913760112        12.49998251050384    
    78.50000000000000        4979.681686801468        73.19011619904106        5359.285303662512        392613.3704911591        242.8680966670027        11.49998374325134    
    79.50000000000000        5118.535901289591        73.33846758282706        5380.942644235361        394985.7191691787        242.8696905959417        10.49998496727301    
    80.50000000000000        5231.560463388369        73.47249422398932        5400.545045646173        397136.9141484091        242.8712742443352        9.499986183399363    
    81.50000000000000        5316.584525499741        73.59224149564687        5418.087793801965        399065.2162948842        242.8728486673284        8.499987392440687    
    82.50000000000000        5371.938414354414        73.69773367946603        5433.564330405602        400768.8115950169        242.8744148966246        7.499988595189267    
    83.50000000000000        5396.549969572802        73.78899859762785        5446.969825683276        402246.2019696300        242.8759739432774        6.499989792421502    
    84.50000000000000        5389.947048810216        73.86604160868126        5458.297358128426        403495.7861477777        242.8775268003699        5.499990984900023    
    85.50000000000000        5352.282113724593        73.92885846003669        5467.539779307415        404516.0641613129        242.8790744455980        4.499992173375643    
    86.50000000000000        5284.351666094577        73.97744227185521        5474.690746056003        405305.7532526488        242.8806178437726        3.499993358589242    
    87.50000000000000        5187.529263456855        74.01176081921275        5479.741370438324        405863.4183215831        242.8821579492519        2.499994541273712    
    88.50000000000000        5063.742078860733        74.03177645598186        5482.683143686116        406187.7946420035        242.8836957083206        1.499995722155740    
    89.50000000000000        4915.397466746434        74.03745014705146        5483.508560728015        406277.8610669203        242.8852320615256       0.4999969019575733    
    90.50000000000000        4745.276616550540        74.02872573878045        5482.208833024608        406132.5909717567        242.8867679459831      -0.5000019186011416    
    91.50000000000000        4556.465066384400        74.00554455282926        5478.776001989680        405751.1816081696        242.8883042976666       -1.500000738801636    
    92.50000000000000        4351.914758936546        73.96791197907746        5473.212813504298        405134.1527856127        242.8898420536898       -2.499999557924305    
    93.50000000000000        4135.943484362701        73.91555111311791        5465.481612867455        404277.6887033657        242.8913821545949       -3.499998375246872    
    94.50000000000000        3910.944177162007        73.84857133009972        5455.602989448459        403184.5572915328        242.8929255466599       -4.499997190042658    
    95.50000000000000        3680.010445740405        73.76674072633861        5443.548455017471        401852.2316551869        242.8944731842336       -5.499996001578825    
    96.50000000000000        3447.702624854887        73.67021132168155        5429.347726439049        400284.7967599143        242.8960260321149       -6.499994809114472    
    97.50000000000000        3215.408904438024        73.55864561002996        5412.959337392540        398478.5663669050        242.8975850679858       -7.499993611898824    
    98.50000000000000        2986.195098541863        73.43204226520807        5394.393059347674        396435.7000240280        242.8991512849126       -8.499992409169270    
    99.50000000000000        2762.320158707249        73.29032960025964        5373.649708938811        394157.5137692565        242.9007256939295       -9.499991200149447    
    100.5000000000000        2545.700079666039        73.13344486636448        5350.732844708265        391645.7718354090        242.9023093267181       -10.49998998404710    
    101.5000000000000        2337.896506292797        72.96132318598316        5325.647105632544        388902.4964686416        242.9039032383990       -11.49998876005197    
    102.5000000000000        2140.134386445622        72.77390629269426        5298.399556513021        385930.1199255699        242.9055085104516       -12.49998752733361    
    103.5000000000000        1953.306740528741        72.57114414347622        5268.999902797968        382731.5021516954        242.9071262537807       -13.49998628503891    
    104.5000000000000        1778.009556497402        72.35301185364271        5237.463034462210        379310.2137478144        242.9087576119477       -14.49998503228972    
    105.5000000000000        1614.563620560190        72.11951236207690        5203.809346426754        375670.5591041237        242.9104037645889       -15.49998376818020    
    106.5000000000000        1463.051555444571        71.87066564099301        5168.063100583919        371817.3854767055        242.9120659310406       -16.49998249177400    
    107.5000000000000        1323.350262191192        71.60650417137735        5130.251664311785        367755.9838952366        242.9137453742006       -17.49998120210130    
    108.5000000000000        1195.162679094327        71.32708446593442        5090.407165544918        363492.2628754997        242.9154434046477       -18.49997989815574    
    109.5000000000000        1078.060922739834        71.03249434179340        5048.567481983913        359032.8440487088        242.9171613850536       -19.49997857889088    
    110.5000000000000        971.5136942947470        70.72285038567554        5004.775703669477        354384.9800102248        242.9189007349185       -20.49997724321668    
    111.5000000000000        874.9153145634400        70.39828923198777        4959.078749792638        349556.3861646198        242.9206629356660       -21.49997588999555    
    112.5000000000000        787.6145763913656        70.05898088003705        4911.529262744731        344555.4388840546        242.9224495361409       -22.49997451803812    
    113.5000000000000        708.9348167512027        69.70512770763014        4862.185262472464        339391.1111682549        242.9242621585528       -23.49997312609866    
    114.5000000000000        638.1946423374927        69.33696366617394        4811.109884425330        334072.9243842993        242.9261025049175       -24.49997171287022    
    115.5000000000000        574.7224373581097        68.95476007804207        4758.372002981876        328610.9890245953        242.9279723640529       -25.49997027697911    
    116.5000000000000        517.8640825330781        68.55879170469689        4704.041187637881        323015.4394741368        242.9298736191931       -26.49996881697922    
    117.5000000000000        466.9946943451178        68.14935095627266        4648.189652887047        317296.6318509801        242.9318082562926       -27.49996733134549    
    118.5000000000000        421.5282545102224        67.72676745714429        4590.894940463982        311465.4174453336        242.9337783731015       -28.49996581846707    
    119.5000000000000        380.9180548398435        67.29139197866230        4532.237434753809        305532.8537784371        242.9357861891032       -29.49996427663962    
    120.5000000000000        344.6589631387671        66.84358473861813        4472.298548873531        299509.9936937743        242.9378340564186       -30.49996270405687    
    121.5000000000000        312.2861209932598        66.38368895847425        4411.156902139436        293407.4698968696        242.9399244717937       -31.49996109880162    
    122.5000000000000        283.3772280211911        65.91206918564252        4348.893572175631        287236.0349933516        242.9420600898057       -32.49995945883541    
    123.5000000000000        257.5514438839208        65.42910276126609        4285.590951131515        281006.4462321431        242.9442437374392       -33.49995778198733    
    124.5000000000000        234.4661869651317        64.93517673253901        4221.332013009688        274729.3575912891        242.9464784302079       -34.49995606594177    
    125.5000000000000        213.8128707748134        64.43064959159160        4156.195109388857        268414.7891083637        242.9487673900217       -35.49995430822467    
    126.5000000000000        195.3168655583604        63.91588264695662        4090.258098829365        262072.5364131719        242.9511140650293       -36.49995250618808    
    127.5000000000000        178.7336366236538        63.39125144793058        4023.599993579309        255712.3491931866        242.9535221517012       -37.49995065699353    
    128.5000000000000        163.8466465729366        62.85713828649227        3956.299666750047        249343.7742071292        242.9559956194590       -38.49994875759290    
    129.5000000000000        150.4635915976694        62.31389754295400        3888.431323618006        242975.7127490386        242.9585387382056       -39.49994680470726    
    130.5000000000000        138.4138098304804        61.76186523024951        3820.065720767287        236616.5402443948        242.9611561091679       -40.49994479480335    
    131.5000000000000        127.5471486193227        61.20139678918897        3751.275141031829        230274.6015307835        242.9638526995312       -41.49994272406684    
    132.5000000000000        117.7313594738558        60.63285754712486        3682.131935321749        223958.0504632912        242.9666338814245       -42.49994058837242    
    133.5000000000000        108.8497461896912        60.05661984662511        3612.707970236058        217674.7829988412        242.9695054759158       -43.49993838325009    
    134.5000000000000        100.7988166349843        59.47301852160715        3543.069168366896        211431.9390344100        242.9724738027846       -44.49993610384688    
    135.5000000000000        93.48781286294863        58.88240585620478        3473.282404017110        205236.5573595701        242.9755457369867       -45.49993374488345    
    136.5000000000000        86.83652465460062        58.28514038597258        3403.414017517607        199095.4328027144        242.9787287728846       -46.49993130060487    
    137.5000000000000        80.77446400659629        57.68158685736408        3333.529545508918        193015.0716012513        242.9820310975273       -47.49992876472429    
    138.5000000000000        75.23937843928341        57.07209362446712        3263.690999288021        187001.4517768335        242.9854616745035       -48.49992613035848    
    139.5000000000000        70.17586042290117        56.45701649998104        3193.959812257355        181060.3033101376        242.9890303402004       -49.49992338995406    
    140.5000000000000        65.53528898174612        55.83673204793610        3124.398403272975        175197.2525515513        242.9927479146634       -50.49992053520229    
    141.5000000000000        61.27456241236891        55.21161971929451        3055.067788859948        169417.5921894170        242.9966263297159       -51.49991755694063    
    142.5000000000000        57.35540298830701        54.58205100381657        2986.026208291519        163726.1587014478        243.0006787775587       -52.49991444503875    
    143.5000000000000        53.74377922136834        53.94837635631006        2917.327854385810        158127.2498223921        243.0049198837808       -53.49991118826560    
    144.5000000000000        50.40971988769783        53.31097947095410        2849.028760701503        152625.1148511764        243.0093659095919       -54.49990777413408    
    145.5000000000000        47.32680417416763        52.67026037737566        2781.185295826306        147223.8643838022        243.0140349892100       -55.49990418871884    
    146.5000000000000        44.47123301004365        52.02662417438779        2713.852096793478        141927.2424152459        243.0189474097487       -56.49990041644134    
    147.5000000000000        41.82177991190070        51.38044797229428        2647.079150663058        136738.4488983925        243.0241259427578       -57.49989643981512    
    148.5000000000000        39.35959260511251        50.73210588223110        2580.913819679730        131660.2605208062        243.0295962388986       -58.49989223914292    
    149.5000000000000        37.06755894039618        50.08196730485724        2515.401198074830        126695.1119623054        243.0353873002419       -59.49988779215386    
    150.5000000000000        34.93096543003955        49.43043043959479        2450.587661225385        121845.3889820045        243.0415320486098       -60.49988307356706    
    151.5000000000000        32.93621888142416        48.77790220037951        2386.518350724128        117113.2051190450        243.0480680135490       -61.49987805456333    
    152.5000000000000        31.07132926541574        48.12476304164404        2323.233782011240        112500.1673328569        243.0550381703903       -62.49987270214162    
    153.5000000000000        29.32561954777258        47.47141250182882        2260.774282679071        108007.7094175132        243.0624919680349       -63.49986697832971    
    154.5000000000000        27.68939102298003        46.81824430951081        2199.177524426949        103636.9186871164        243.0704865985536       -64.49986083920936    
    155.5000000000000        26.15396638927007        46.16562888464969        2138.476847001089        99388.42451201355        243.0790885776824       -65.49985423370262    
    156.5000000000000        24.71152798717372        45.51391425579102        2078.701332819357        95262.41197986425        243.0883757288229       -66.49984710204811    
    157.5000000000000        23.35499327996701        44.86350130021790        2019.883483128354        91259.22160926106        243.0984396960754       -67.49983937387144    
    158.5000000000000        22.07811498940173        44.21479566487798        1962.054335728664        87378.98366536836        243.1093891585444       -68.49983096571680    
    159.5000000000000        20.87512981945683        43.56818448293126        1905.241170678762        83621.45797386853        243.1213539853655       -69.49982177785617    
    160.5000000000000        19.74089852327056        42.92405968820010        1849.469704758943        79986.19818776281        243.1344906691305       -70.49981169011693    
    161.5000000000000        18.67067834636246        42.28278845404963        1794.761691961654        76472.41583742945        243.1489895214104       -71.49980055635623    
    162.5000000000000        17.66016737225137        41.64475747434356        1741.138590091798        73079.21566901500        243.1650843351699       -72.49978819704094    
    163.5000000000000        16.70557697957114        41.01032203840192        1688.617531586723        69805.36728385442        243.1830655605728       -73.49977438912956    
    164.5000000000000        15.80335324037901        40.37984199909799        1637.214251781144        66649.49034566867        243.2032985807567       -74.49975885203763    
    165.5000000000000        14.95025644090832        39.75366288153374        1586.941575227878        63609.97144561871        243.2262495494347       -75.49974122779599    
    166.5000000000000        14.14330548396771        39.13211719717099        1537.809545915800        60684.98154793554        243.2525227109145       -76.49972105239131    
    167.5000000000000        13.37973732268551        38.51551161686040        1489.824862802647        57872.47639602864        243.2829156320146       -77.49969771335060    
    168.5000000000000        12.65713422484536        37.90415512585469        1442.992877788384        55170.30820838136        243.3185032474365       -78.49967038519819    
    169.5000000000000        11.97318845157366        37.29838129043060        1397.319507224613        52576.35438870559        243.3607699248051       -79.49963792803442    
    170.5000000000000        11.32568130295513        36.69847177260463        1352.805433205020        50088.19049572734        243.4118249261935       -80.49959872206600    
    171.5000000000000        10.71261712367197        36.10471846144479        1309.451106124189        47703.39734150456        243.4747699311907       -81.49955038535151    
    172.5000000000000        10.13227816428576        35.51741680410742        1267.255907682010        45419.49844843300        243.5543605085232       -82.49948926578291    
    173.5000000000000        9.582955191844960        34.93684171275306        1226.216647613049        43233.89645592945        243.6582779900757       -83.49940946423494    
    174.5000000000000        9.062974518892362        34.36330572457920        1186.331855521707        41144.11410817615        243.7997882760080       -84.49930079238574    
    175.5000000000000        8.570886608483086        33.79703811577994        1147.593378572666        39147.35745259395        244.0039436653994       -85.49914400881083    
    176.5000000000000        8.105216839060002        33.23828180917585        1109.993068475123        37240.86576438572        244.3244070087634       -86.49889789378625    
    177.5000000000000        7.664626129255743        32.68728080780039        1073.522101349513        35421.88752535955        244.9005916585147       -87.49845533942440    
    178.5000000000000        7.247870707608103        32.14423923639620        1038.168517292309        33687.57279325105        246.2425602744680       -88.49742426190966    
    179.5000000000000        6.853546031689267        31.60932511462064        1003.917453667894        32034.98435430886        252.8671206250990       -89.49231854879869    
    180.5000000000000        6.480767865913142        31.08274885150327        970.7564108479737        30461.36572177438        52.90508535950008       -89.49230868251659    
    181.5000000000000        6.128327442651346        30.56466638108438        938.6689314416080        28963.81825516904        59.52947211947312       -88.49741426119452    
    182.5000000000000        5.795192193775863        30.05523582908170        907.6385107663918        27539.52793681448        60.87142643576805       -87.49844532771580    
    183.5000000000000        5.480424038543811        29.55453926248735        877.6438664197632        26185.52628322901        61.44760713475819       -86.49888787904237    
    184.5000000000000        5.183084874866426        29.06273438774677        848.6684540394843        24899.14736770193        61.76806885090434       -85.49913399281712    
    185.5000000000000        4.902289136519238        28.57990498437783        820.6909593667436        23677.57159165317        61.97222341629277       -84.49929077575915    
    186.5000000000000        4.637199315518807        28.10615443117281        793.6917196363003        22518.14877957870        62.11373322820923       -83.49939944724437    
    187.5000000000000        4.387002166418151        27.64154931181397        767.6486816607633        21418.18688577932        62.21765041232743       -82.49947924856390    
    188.5000000000000        4.150911772812038        27.18612082460410        742.5385583985936        20375.04368474643        62.29724079086727       -81.49954036797979    
    189.5000000000000        3.928171278121171        26.73996889908984        718.3416307227300        19386.28535133951        62.36018565647060       -80.49958870458727    
    190.5000000000000        3.718166679125736        26.30305152794451        695.0313340716059        18449.29979576879        62.41124055635866       -79.49962791047778    
    191.5000000000000        3.520094372477426        25.87546837474265        672.5886908786047        17561.84436341152        62.45350715753501       -78.49966036758303    
    192.5000000000000        3.333457282192683        25.45714764907898        650.9863558197781        16721.43369337777        62.48909471430933       -77.49968769569041    
    193.5000000000000        3.157487086161155        25.04810723745591        630.2021096340187        15925.85888786324        62.51948758930667       -76.49971103469569    
    194.5000000000000        2.991738086150773        24.64830701272984        610.2112271613641        15172.89018416622        62.54576071389109       -75.49973121007203    
    195.5000000000000        2.835521284232673        24.25768570035156        590.9888190641084        14460.37918694009        62.56871165258359       -74.49974883429064    
    196.5000000000000        2.688448032369326        23.87627100184282        572.5146549956254        13786.41222303328        62.58894464806902       -73.49976437136363    
    197.5000000000000        2.549838221825405        23.50389170629927        554.7597737270977        13148.83978039435        62.60692585288751       -72.49977817925918    
    198.5000000000000        2.419406458622991        23.14058882261512        537.7058223274606        12545.95712733640        62.62302064931176       -71.49979053856119    
    199.5000000000000        2.296502252601724        22.78619256578253        521.3253927017536        11975.81415168319        62.63751948685672       -70.49980167231057    
    200.5000000000000        2.180831537821872        22.44068335404177        505.5986415233029        11436.78714012439        62.65065615799253       -69.49981176004009    
    201.5000000000000        2.071899438619102        22.10393110758204        490.5014347612253        10927.17046568451        62.66262097390761       -68.49982094789236    
    202.5000000000000        1.969358303552703        21.77583865375925        476.0117628422518        10445.38930105338        62.67357042689480       -67.49982935603973    
    203.5000000000000        1.872812323471719        21.45629705422912        462.1079413492022        9989.943076228374        62.68363438585234       -66.49983708420999    
    204.5000000000000        1.781901551282201        21.14518010232266        448.7681537562153        9559.379873852553        62.69292152969529       -65.49984421585891    
    205.5000000000000        1.696323782921520        20.84237587576099        435.9719657971189        9152.348359859128        62.70152350237079       -64.49985082136072    
    206.5000000000000        1.615725113255736        20.54773400730710        423.6980183356204        8767.518892368731        62.70951812715533       -63.49985696047664    
    207.5000000000000        1.539844653579065        20.26114796534079        411.9274922258663        8403.690874701517        62.71697191968250       -62.49986268428463    
    208.5000000000000        1.468376844532325        19.98245741420126        400.6400391646487        8059.662772492100        62.72394207193813       -61.49986803670280    
    209.5000000000000        1.401072684110440        19.71154001893598        389.8175395753549        7734.345479190453        62.73047803275290       -60.49987305570338    
    210.5000000000000        1.337671859060785        19.44823742699403        379.4410923242080        7426.668059531636        62.73662277739790       -59.49987777428732    
    211.5000000000000        1.277952132958263        19.19242292949159        369.4937134239524        7135.656674047714        62.74241383536999       -58.49988222127378    
    212.5000000000000        1.221682284649531        18.94394317668658        359.9580067285173        6860.362522123111        62.74788412844867       -57.49988642194364    
    213.5000000000000        1.168664393908629        18.70266562447695        350.8179689847026        6599.911654617213        62.75306265866856       -56.49989039856773    
    214.5000000000000        1.118695799606112        18.46843256605179        342.0572582079183        6353.454286194344        62.75797507665986       -55.49989417084328    
    215.5000000000000        1.071598662777664        18.24111191089347        333.6610500161839        6120.213982769546        62.76264415394576       -54.49989775625672    
    216.5000000000000        1.027198019299409        18.02055114362253        325.6143210452717        5899.438107706691        62.76709017761647       -53.49990117038659    
    217.5000000000000       0.9853328645741207        17.80661363138071        317.9031578324959        5690.431843316016        62.77133128187000       -52.49990442715823    
    218.5000000000000       0.9458514061829568        17.59914868035912        310.5136503596217        5492.526126283374        62.77538372789873       -51.49990753905873    
    219.5000000000000       0.9086116979869850        17.39802186052496        303.4329669233031        5305.105016869817        62.77926214127604       -50.49991051731910    
    220.5000000000000       0.8734797606046707        17.20309072526500        296.6484600148003        5127.579833265590        62.78297971418954       -49.49991337206966    
    221.5000000000000       0.8403319949186146        17.01422056277199        290.1482010732782        4959.401706478106        62.78654837845062       -48.49991611247298    
    222.5000000000000       0.8090482686775713        16.83127502752782        283.9206456367502        4800.051595113564        62.78997895409432       -47.49991874683777    
    223.5000000000000       0.7795242245907732        16.65412348958121        277.9548425199545        4649.043627443101        62.79328127749838       -46.49992128271739    
    224.5000000000000       0.7516488777123881        16.48263439584627        272.2402170589785        4505.918955657425        62.79646431224355       -45.49992372699511    
    225.5000000000000       0.7253347573736915        16.31668377091772        266.7668091766764        4370.249738463124        62.79953624537126       -44.49992608595770    
    226.5000000000000       0.7004832269986104        16.15614254046116        261.5248512358486        4241.627878430072        62.80250457123758       -43.49992836536014    
    227.5000000000000       0.6770136643084175        16.00089622497042        256.5053994926589        4119.679538773103        62.80537616479228       -42.49993057048175    
    228.5000000000000       0.6548463948820883        15.85081886988828        251.6994422565014        4004.041613545410        62.80815734580986       -41.49993270617550    
    229.5000000000000       0.6339055940764455        15.70579951986378        247.0987799812635        3894.383183703239        62.81085393535327       -40.49993477691140    
    230.5000000000000       0.6141225796379384        15.56572452650319        242.6953959516397        3790.388260395873        62.81347130554755       -39.49993678681471    
    231.5000000000000       0.5954319327667900        15.43048404979441        238.4816813074905        3691.761178058801        62.81601442357395       -38.49993873969976    
    232.5000000000000       0.5777722883612450        15.29997262603853        234.4504269093686        3598.225300547286        62.81848789065585       -37.49994063909994    
    233.5000000000000       0.5610866227825970        15.17408618036725        230.5947067362318        3509.519334878301        62.82089597669309       -36.49994248829397    
    234.5000000000000       0.5453217074749008        15.05272580685422        226.9079961527677        3425.399757947101        62.82324265110442       -35.49994429033005    
    235.5000000000000       0.5304271375768820        14.93579415799461        223.3840350445675        3345.636682273535        62.82553161035771       -34.49994604804678    
    236.5000000000000       0.5163562860335430        14.82319784191595        220.0168978758521        3270.015099302972        62.82776630259928       -33.49994776409191    
    237.5000000000000       0.5030660841123717        14.71484643549997        216.8009462906305        3198.333106739098        62.82994994973687       -32.49994944093960    
    238.5000000000000       0.4905157265947066        14.61065323085102        213.7308395461234        3130.401607916080        62.83208556728219       -31.49995108090550    
    239.5000000000000       0.4786662310939808        14.51053473717746        210.8015117961613        3066.043390587140        62.83417598221804       -30.49995268616039    
    240.5000000000000       0.4674821124095220        14.41441061125502        208.0081580416582        3005.092321364561        62.83622384911992       -29.49995425874279    
    241.5000000000000       0.4569308143320374        14.32220175176282        205.3461690360998        2947.391509647661        62.83823166473241       -28.49995580056999    
    242.5000000000000       0.4469811940637412        14.23383440228516        202.8112427515061        2892.795384022038        62.84020178117495       -27.49995731344811    
    243.5000000000000       0.4376040775734747        14.14923715910685        200.3992869530381        2841.167168912534        62.84213641792972       -26.49995879908155    
    244.5000000000000       0.4287722569408064        14.06834217423893        198.1064463807148        2792.379157709438        62.84403767274564       -25.49996025908123    
    245.5000000000000       0.4204612715839403        13.99108389358641        195.9290585650199        2746.311448708462        62.84590753157610       -24.49996169497208    
    246.5000000000000       0.4126468951398326        13.91740000164755        193.8636741868565        2702.852112240122        62.84774787765423       -23.49996310820030    
    247.5000000000000       0.4053074534737438        13.84723115607124        191.9070428215663        2661.896627596073        62.84956049979706       -22.49996450013957    
    248.5000000000000       0.3984222516191720        13.78052015085402        190.0560825709843        2623.346990576265        62.85134710001955       -21.49996587209680    
    249.5000000000000       0.3919724763936959        13.71721243402901        188.3078885932033        2587.111670881268        62.85310930053051       -20.49996722531773    
    250.5000000000000       0.3859415817482013        13.65725698307925        186.6597519500836        2553.105801533997        62.85484865017398       -19.49996856099179    
    251.5000000000000       0.3803125824625242        13.60060635915796        185.1091555877139        2521.250900320135        62.85656663037309       -18.49996988025647    
    252.5000000000000       0.3750701705384721        13.54721451459201        183.6537093239380        2491.473357147720        62.85826466062720       -17.49997118420187    
    253.5000000000000       0.3702001985336890        13.49703893952372        182.2912041416218        2463.705390554927        62.85994410360758       -16.49997247387445    
    254.5000000000000       0.3656897371864083        13.45003965509994        181.0195797986801        2437.884222465126        62.86160626989268       -15.49997375028052    
    255.5000000000000       0.3615273238250522        13.40617833889791        179.8368975514421        2413.951396233765        62.86325242237954       -14.49997501438991    
    256.5000000000000       0.3577021545718598        13.36541922212602        178.7413609355409        2391.853078172604        62.86488378040445       -13.49997626713902    
    257.5000000000000       0.3542042113354414        13.32772973159195        177.7313300477299        2371.540240619520        62.86650152360296       -12.49997750943360    
    258.5000000000000       0.3510246225288697        13.29308000136333        176.8053049561523        2352.968217121636        62.86810679553620       -11.49997874215186    
    259.5000000000000       0.3481552946116520        13.26144210845209        175.9619021852741        2336.096132528680        62.86970070710868       -10.49997996614693    
    260.5000000000000       0.3455886023026155        13.23279071184409        175.1998696177719        2320.887126533110        62.87128433979965       -9.499981182249190    
    261.5000000000000       0.3433181569145318        13.20710263378460        174.5180729914925        2307.308007929902        62.87285874872939       -8.499982391268935    
    262.5000000000000       0.3413385995191942        13.18435728365701        173.9155046882675        2295.329354756174        62.87442496557924       -7.499983593998454    
    263.5000000000000       0.3396449723756243        13.16453682800726        173.3912867062951        2284.925521174579        62.87598400138312       -6.499984791214040    
    264.5000000000000       0.3382329658704515        13.14762512841476        172.9446406968152        2276.073986203873        62.87753684920735       -5.499985983678335    
    265.5000000000000       0.3370990885955551        13.13360858289903        172.5749090576495        2268.755733221519        62.87908448673372       -4.499987172142170    
    266.5000000000000       0.3362403615452959        13.12247630721284        172.2815588107528        2262.955295477917        62.88062787876095       -3.499988357346329    
    267.5000000000000       0.3356544582718036        13.11421944083173        172.0641616840390        2258.660317840688        62.88216797963798       -2.499989540023727    
    268.5000000000000       0.3350329808751602        13.10890221211161        171.9242605042613        2255.898330208747        62.88370573564232       -1.499990720901083    
    269.5000000000000       0.3352959283150363        13.10630802647508        171.8560710207414        2254.553430839751        62.88524208731642      -0.4999919007005561    
    270.5000000000000       0.3355223072175844        13.10664727730416        171.8650768149201        2254.732852661190        62.88677797177395       0.5000069198581715    
    271.5000000000000       0.3360195911967379        13.10984939037112        171.9494297787986        2256.400283519300        62.88831432498839        1.500005740056293    
    272.5000000000000       0.3367889576183519        13.11591691874573        172.1092529303877        2259.559265242642        62.88985208407583        2.500004559174275    
    273.5000000000000       0.3378322947342618        13.12485471117945        172.3447798250499        2264.216521987218        62.89139218958337        3.500003376489797    
    274.5000000000000       0.3391523295171824        13.13666986847838        172.6563536543166        2270.381951890686        62.89293558779569        4.500002191276131    
    275.5000000000000       0.3407523594212138        13.15137195390997        173.0444335930291        2278.068775724296        62.89448323307125        5.500001002800501    
    276.5000000000000       0.3426363299652981        13.16897276770166        173.5095896133024        2287.293458528096        62.89603609022075        6.499999810321948    
    277.5000000000000       0.3448092111261032        13.18948627845585        174.0525016538780        2298.075724346099        62.89759513694048        7.499998613089623    
    278.5000000000000       0.3472767752623720        13.21292883429817        174.6739665851942        2310.438736329690        62.89916136631373        8.499997410341010    
    279.5000000000000       0.3500453413631524        13.23931919600004        175.3749004072523        2324.409183486723        62.90073578939413        9.499996201299636    
    280.5000000000000       0.3531221684967791        13.26867856936720        176.1563408583047        2340.017387252817        62.90231943788531        10.49999498517317    
    281.5000000000000       0.3565152845571228        13.30103046033590        177.0194455291071        2357.297325897391        62.90391336693267        11.49999376115144    
    282.5000000000000       0.3602335905973724        13.33640090744648        177.9655000258965        2376.286862920471        62.90551865804350        12.49999252840386    
    283.5000000000000       0.3642868923371191        13.37481837416469        178.9959175982768        2397.027819040767        62.90713642215324        13.49999128607726    
    284.5000000000000       0.3686858983814246        13.41631373768267        180.1122415829769        2419.566109422489        62.90876780285715        14.49999003329353    
    285.5000000000000       0.3734425896672720        13.46092038843383        181.3161507076580        2443.951940382040        62.91041397982811        15.49998876914671    
    286.5000000000000       0.3785698077117201        13.50867435779809        182.6094658225998        2470.240053081294        62.91207617244318        16.49998749270035    
    287.5000000000000       0.3840813117069232        13.55961393327013        183.9941428865783        2498.489695573861        62.91375564364377        17.49998620298469    
    288.5000000000000       0.3899922681767194        13.61378001059071        185.4722862844374        2528.765021227498        62.91545370405645        18.49998489899319    
    289.5000000000000       0.3963187866469283        13.67121615085366        187.0461542610323        2561.135334985977        62.91717171640454        19.49998357967932    
    290.5000000000000       0.4030781210178508        13.73196865732312        188.7181653810854        2595.675377202998        62.91891110024375        20.49998224395304    
    291.5000000000000       0.4102892209414032        13.79608682815565        190.4909104166236        2632.465738812484        62.92067333705797        21.49998089067662    
    292.5000000000000       0.4179723653687172        13.86362252788723        192.3671452242063        2671.592886085450        62.92245997575679        22.49997951866055    
    293.5000000000000       0.4261494070125985        13.93463064103997        194.3498090213212        2713.149742306756        62.92427263861956        23.49997812665909    
    294.5000000000000       0.4348439967707682        14.00916911194238        196.4420310564140        2757.236034113841        62.92611302773725        24.49997671336510    
    295.5000000000000       0.4440816716778989        14.08729884330238        198.6471341638673        2803.958600642608        62.92798293200859        25.49997527740476    
    296.5000000000000       0.4538899417824663        14.16908321582295        200.9686275371843        2853.431483639179        62.92988423475463        26.49997381733189    
    297.5000000000000       0.4642981567133614        14.25458881922533        203.4102340882431        2905.776770066834        62.93181892202333        27.49997233162128    
    298.5000000000000       0.4753380394722824        14.34388484559393        205.9758813379978        2961.124704772179        62.93378909166530        28.49997081866182    
    299.5000000000000       0.4870432111712778        14.43704341631696        208.6697179815752        3019.614345226746        62.93579696327208        29.49996927674911    
    300.5000000000000       0.4994499227048246        14.53414010282353        211.4961373204900        3081.394409813068        62.93784488908076        30.49996770407672    
    301.5000000000000       0.5125972788755303        14.63525331483025        214.4597685896501        3146.623459611237        62.93993536596256        31.49996609872715    
    302.5000000000000       0.5265268013958918        14.74046419384201        217.5654824948462        3215.470398943448        62.94207104862934        32.49996445866181    
    303.5000000000000       0.5412830297323961        14.84985780428206        220.8184375015601        3288.115954779930        62.94425476421078        33.49996278170958    
    304.5000000000000       0.5569144438706635        14.96352212930836        224.2240595640062        3364.752663056526        62.94648952837697        34.49996106555455    
    305.5000000000000       0.5734723584017565        15.08154918007603        227.7880873174088        3445.586401027273        62.94877856320651        35.49995930772245    
    306.5000000000000       0.5910121247980715        15.20403379624802        231.5165469882929        3530.836340531215        62.95112531703021        36.49995750556506    
    307.5000000000000       0.6095926331097400        15.33107279558592        235.4157372963705        3620.735140324124        62.95353348651533        37.49995565624356    
    308.5000000000000       0.6292771316669988        15.46276789717051        239.4923342032383        3715.532033068121        62.95600704129637        38.49995375670951    
    309.5000000000000       0.6501329110081867        15.59922251278049        243.7533032881177        3815.491401973969        62.95855025150681        39.49995180368371    
    310.5000000000000       0.6722335047174994        15.74054510083134        248.2060213427298        3920.896416180439        62.96116771862346        40.49994979363237    
    311.5000000000000       0.6956556953275467        15.88684675528950        252.8582160178872        4032.048391859375        62.96386441010265        41.49994772274088    
    312.5000000000000       0.7204843510360503        16.03824299989504        257.7180358134439        4149.269221522355        62.96664569836859        42.49994558688346    
    313.5000000000000       0.7468097209077046        16.19485408562303        262.7940856370542        4272.903366545547        62.96951740480996        43.49994338158952    
    314.5000000000000       0.7747260650094208        16.35680082109562        268.0952977232295        4403.315390455803        62.97248584955649        44.49994110200567    
    315.5000000000000       0.8043407810832209        16.52421174658675        273.6311988800643        4540.897948451165        62.97555790794596        45.49993874285194    
    316.5000000000000       0.8357613137616477        16.69721390117125        279.4116038744985        4686.064704206753        62.97874107475906        46.49993629837270    
    317.5000000000000       0.8691116576731790        16.87593958106637        285.4468800805890        4839.258752633476        62.98204353750273        47.49993376228048    
    318.5000000000000       0.9045152033118018        17.06052272870480        291.7478102276385        5000.949278175295        62.98547426026899        48.49993112769130    
    319.5000000000000       0.9421153613072399        17.25110300383087        298.3258268113061        5171.641193194202        62.98904307999840        49.49992838705084    
    320.5000000000000       0.9820577765501820        17.44781523972192        305.1925476612676        5351.860851350080        62.99276081734683        50.49992553204950    
    321.5000000000000        1.024498299350482        17.65079472269655        312.3601132841528        5542.170393063599        62.99663940481205        51.49992255352370    
    322.5000000000000        1.069617608410578        17.86020084013636        319.8419555531356        5743.187038822723        63.00069203534245        52.49991944134190    
    323.5000000000000        1.117580357895874        18.07614560386257        327.6502550106287        5955.516236811934        63.00493333535683        53.49991618427189    
    324.5000000000000        1.168601256975487        18.29880244087385        335.7999850509942        6179.865982142166        63.00937956698951        54.49991276982509    
    325.5000000000000        1.222880509573599        18.52830681213524        344.3052175868992        6416.944710749283        63.01404886549116        55.49990918407456    
    326.5000000000000        1.280638690871577        18.76478655140415        353.1802467041172        6667.493755018665        63.01896151913198        56.49990541144002    
    327.5000000000000        1.342138520885322        19.00843031567811        362.4423283738022        6932.371553240246        63.02414030076209        57.49990143443305    
    328.5000000000000        1.407607073501168        19.25932845979720        372.1054159465510        7212.369127300272        63.02961086250919        58.49989723335405    
    329.5000000000000        1.477352900573734        19.51767463936946        382.1881663560769        7508.451365475526        63.03540220810414        59.49989278592973    
    330.5000000000000        1.551646758457751        19.78359069338061        392.7070068251796        7821.552002960401        63.04154726125522        60.49988806687627    
    331.5000000000000        1.630815040656546        20.05719993001678        403.6790195232792        8152.660817929600        63.04808355366192        61.49988304737113    
    332.5000000000000        1.715184698056965        20.33868341486115        415.1243450763931        8502.902941062262        63.05505406312196        62.49987769440961    
    333.5000000000000        1.805134829657775        20.62812593461470        427.0597959235367        8873.341236178472        63.06250824137840        63.49987197001514    
    334.5000000000000        1.901017525117345        20.92569545966206        439.5063186708587        9265.212615726768        63.07050328379145        64.49986583026435    
    335.5000000000000        2.003283604051891        21.23152988077395        452.4844059987010        9679.790063008537        63.07910570992643        65.49985922407353    
    336.5000000000000        2.112308701366062        21.54570158819952        466.0123206934434        10118.32044232824        63.08839334766871        66.49985209167448    
    337.5000000000000        2.228650225099594        21.86841734827318        480.1149073799360        10582.31821043955        63.09845784640356        67.49984436268466    
    338.5000000000000        2.352729594357950        22.19970082622553        494.8098581146322        11073.12210089284        63.10940789150847        68.49983595363884    
    339.5000000000000        2.485100992220676        22.53974448443378        510.1228191867245        11592.38496511016        63.12137335962127        69.49982676479745    
    340.5000000000000        2.626356262900785        22.88861086693430        526.0746819590997        12141.67076584324        63.13451075238324        70.49981667597409    
    341.5000000000000        2.777117555680480        23.24641859379649        542.6892669016861        12722.69492755474        63.14901039238048        71.49980554100921    
    342.5000000000000        2.937939963784937        23.61325635610913        559.9901292032009        13337.24235757363        63.16510608612403        72.49979318034903    
    343.5000000000000        3.109628710400226        23.98919662345471        578.0004849938910        13987.14401415994        63.18308830062557        73.49977937092636    
    344.5000000000000        3.292900932268508        24.37433114416141        596.7452890614867        14674.36727643326        63.20332244024283        74.49976383212454    
    345.5000000000000        3.488554989781195        24.76870145555324        616.2478216058352        15400.89396758927        63.22627468579773        75.49974620593326    
    346.5000000000000        3.697345068318016        25.17237302584056        636.5331656355785        16168.84618417130        63.25254931679010        76.49972602828561    
    347.5000000000000        3.920316207327788        25.58539072097116        657.6259420053026        16980.40257170056        63.28294394656758        77.49970268663822    
    348.5000000000000        4.158330564644709        26.00777421355288        679.5503713024884        17837.81584901820        63.31853357266369        78.49967535542001    
    349.5000000000000        4.412465516380736        26.43956337898317        702.3322360052656        18743.47938433455        63.36080264966028        79.49964289459963    
    350.5000000000000        4.683777714281745        26.88077230764034        725.9965291103458        19699.83746926791        63.41186056351894        80.49960368419660    
    351.5000000000000        4.973515438550407        27.33141009641830        750.5684896445231        20709.42913911235        63.47480917657884        81.49955534199339    
    352.5000000000000        5.282859995691900        27.79144741640706        776.0717858855759        21774.81619390403        63.55440433883608        82.49949421545809    
    353.5000000000000        5.613151651553164        28.26087486463113        802.5316620921959        22898.71487954932        63.65832783866866        83.49941440477902    
    354.5000000000000        5.965945988295468        28.73960962091434        829.9694332031085        24083.75549312365        63.79984636949646        84.49930572044484    
    355.5000000000000        6.342692645485042        29.22764937590786        858.4114689861020        25332.87741787406        64.00401374094199        85.49914891877523    
    356.5000000000000        6.745157811389554        29.72489847154231        887.8788663874350        26648.87245930179        64.32449607771179        86.49890277518331    
    357.5000000000000        7.175048979085470        30.23125620629769        918.3927506123780        28034.62680196330        64.90071539733533        87.49846016902089    
    358.5000000000000        7.634321752292927        30.74655493221434        949.9698532641651        29492.89033107967        66.24276716648666        88.49742896888544    
    359.5000000000000        8.125080441057580        31.27073246166103        982.6334866729693        31026.80179024775        72.86778037751276        89.49232261370111    
