 # author: MA Kubiak / Space Research Center PAS Warsaw Poland, contact: mkubiak@cbk.waw.pl                          
 # code version Program.keplerV_ellipt_V2      , Dates: calkV:21/04/2026  ; part_pr:21/04/2026                       
 # czas no T v_mas, kier.naplywu(dl, szer) macierz obrotu (ecl to helio), r, theta, phi(ecl,spher), V_detector(ecl,cart), IBEX_energy_channel
 #     2026.210803000000        0.8088930000000000E-03     9480.000000000000        -11.28000000301609         251.5700000000000         11.95000000000000        0.2459841265748581        0.9692738567985851         0.000000000000000       -0.9615244635393438        0.2440174711049008        0.1261989691358298        0.1223213615382913       -0.3104294319752456E-01    0.9920049496797150        0.9851670000000000         177.9167610000000        0.4488300000000000E-01    -1.528000000000000        -29.64800000000000         0.000000000000000     00
 # routs_end= 150.00;    Maxwellian,    elliptOrb=Off                                                                                        
 # Numerical parameters: GridKl=10  GridKf=09  GridKV=05  epsV= 0.0000100  epssJon=.0010000                                                  
 # Numerical parameters: GridKl=10  GridKf=09  GridKV=05  epsV= 0.0000100  epssJon=.0010000; tessel128                                                                                                                                                                                                                                                                                                                                                                                                                                                                 
# Axis to the Sun: alpha_ecl= 353.9620000000000000 delta_Ecl= 0.0710000000000000 delta_Ax= 90.0000000000000000  repoint= 00189
 #  flag_atom: He                                                   
 #  flag_general:                                                   
 #                                                                  
 #                                                                  
  # Ly_a_Profil: zero                                               
  # flag_Itot: zero                                                 
 #  v_SW_Eqtr: speed3D.hybrid2026c_patched.dat                      
 #  n_SW_Eqtr: density3D.hybrid2026c_patched.dat                    
 #  phot_Eqtr: 0.8500000  phion_Helium_T12F107_pat_2026c.dat        
 #  sigma_SW: p+He->H +He+, He + alpha (2 chnls);src:simuLosses.nb  
 #  flag_el:slow  swEqtrElectrons5.2026c.patched.dat                
 #  SW_lati: interpolation                                          
 #  phot_lati: analit pole-flattened after Pryor & Auchere          
 #
 #
 #
 #Spin  flux speed	speed^2 speed^3    long_ecl lat_ecl
   0.5000000000000000        2.818805522373483        31.55611776345762        1000.543385906897        31873.75075743350        255.8802390747144        89.49498178086778    
    1.500000000000000        2.994019634725903        32.09212172450210        1034.809457228990        33524.42567097981        261.2526438883449        88.49831848575096    
    2.500000000000000        3.180634969973601        32.63627325285145        1070.180592265275        35256.92403954311        262.3362719918704        87.49899013831271    
    3.500000000000000        3.379375493206847        33.18841372598744        1106.672251182335        37074.21203963620        262.8013218159193        86.49927832243300    
    4.500000000000000        3.591128974810474        33.74832571579010        1144.295576666664        38979.10339356311        263.0599366662246        85.49943857115598    
    5.500000000000000        3.816482607947847        34.31567264449156        1183.053555695040        40974.07478924411        263.2246801046109        84.49954065009642    
    6.500000000000000        4.056534827747572        34.89026821876294        1222.958010445651        43062.06869149864        263.3388681065659        83.49961140255215    
    7.500000000000000        4.312279927268657        35.47185922022871        1264.015620448205        45245.81414057984        263.4227198772123        82.49966335776207    
    8.500000000000000        4.584723659278243        36.06023260468604        1306.235121243551        47528.19044804083        263.4869412470945        81.49970314957474    
    9.500000000000000        4.875147354488673        36.65511881557371        1349.620762235482        49911.89603758760        263.5377309019859        80.49973461890913    
    10.50000000000000        5.184777754034908        37.25634652898757        1394.182841112167        52399.98174396273        263.5789263720824        79.49976014359545    
    11.50000000000000        5.515203748183024        37.86362382427220        1439.921662905213        54994.95959286662        263.6130305176812        78.49978127445264    
    12.50000000000000        5.867812523993968        38.47666711368040        1486.837014817904        57699.32382018474        263.6417453529027        77.49979906607238    
    13.50000000000000        6.244454449090029        39.09518958312292        1534.927025952856        60515.46681811629        263.6662686348890        76.49981426059736    
    14.50000000000000        6.647068470660131        39.71878497302811        1584.179141105907        63445.14590585860        263.6874677353855        75.49982739545764    
    15.50000000000000        7.077617732094349        40.34713818432508        1634.586377125659        66490.41992819287        263.7059862114015        74.49983886940461    
    16.50000000000000        7.538308885729994        40.97987527863594        1686.135404437025        69652.93211192364        263.7223116250103        73.49984898453351    
    17.50000000000000        8.031840211758940        41.61660315086308        1738.810017644577        72934.13176013500        263.7368201117557        72.49985797389870    
    18.50000000000000        8.560914901996020        42.25698683035525        1792.597233121181        76335.62957302667        263.7498064950564        71.49986602017309    
    19.50000000000000        9.128516803128297        42.90065487967212        1847.478928039591        79858.63284122992        263.7615051349932        70.49987326856616    
    20.50000000000000        9.738057204645747        43.54722066398215        1903.433851062873        83504.07901793145        263.7721046752277        69.49987983596141    
    21.50000000000000        10.39312505202250        44.19627924216380        1960.437315086212        87272.60517571631        263.7817586746338        68.49988581750361    
    22.50000000000000        11.09791143028770        44.84746291907646        2018.465953433374        91164.84485127791        263.7905934039166        67.49989129142986    
    23.50000000000000        11.85696069153145        45.50041325598288        2077.495562547822        95181.30158455098        263.7987136516632        66.49989632266690    
    24.50000000000000        12.67550345203812        46.15478448351922        2137.501145762808        99322.32182471946        263.8062071085467        65.49990096554752    
    25.50000000000000        13.55920615162108        46.81018244285888        2198.451399998723        103587.7114220738        263.8131477199844        64.49990526588813    
    26.50000000000000        14.51446705406234        47.46621437577387        2260.312873217214        107976.9833060532        263.8195982797275        63.49990926259542    
    27.50000000000000        15.54848537684513        48.12247978988187        2323.049486964027        112489.3417440706        263.8256124575972        62.49991298892299    
    28.50000000000000        16.66925887646135        48.77861247677647        2386.626591078858        117123.9700451776        263.8312364003462        61.49991647346317    
    29.50000000000000        17.88576373271903        49.43423818153619        2451.006893691846        121879.7244493475        263.8365100069360        60.49991974093714    
    30.50000000000000        19.20810508920994        50.08895719459526        2516.148466761389        126754.9564793846        263.8414679529537        59.49992281282979    
    31.50000000000000        20.64753370454532        50.74236284234537        2582.006512918341        131747.6284024132        263.8461405199150        58.49992570790329    
    32.50000000000000        22.21685859555972        51.39407519589101        2648.537133714822        136855.6200588519        263.8505542714767        57.49992844261640    
    33.50000000000000        23.93057251239644        52.04371069097412        2715.694165085800        142076.4719823365        263.8547326085487        56.49993103146817    
    34.50000000000000        25.80466862922349        52.69088164372168        2783.428790646051        147407.3176051053        263.8586962278764        55.49993348728219    
    35.50000000000000        27.85729192024495        53.33516866210079        2851.686770386973        152844.6642089711        263.8624635031275        54.49993582144267    
    36.50000000000000        30.10892600595958        53.97619459809682        2920.416613275443        158385.0626415389        263.8660508033454        53.49993804409176    
    37.50000000000000        32.58252546914655        54.61357393952714        2989.564150885458        164024.6637026304        263.8694727604626        52.49994016429533    
    38.50000000000000        35.30413191883246        55.24688515436886        3059.069036768243        169758.8785386821        263.8727424951338        51.49994219018284    
    39.50000000000000        38.30278555370894        55.87572358355753        3128.870836632064        175582.8958288409        263.8758718082779        50.49994412906607    
    40.50000000000000        41.61128186486196        56.49968643480666        3198.907532499696        181491.5655539116        263.8788713442551        49.49994598754019    
    41.50000000000000        45.26659728671260        57.11837183796372        3269.115435431097        187479.3846763886        263.8817507304636        48.49994777157026    
    42.50000000000000        49.30991434380839        57.73135576915797        3339.426189468280        193540.1984648003        263.8845186972410        47.49994948656555    
    43.50000000000000        53.78764637327691        58.33819327615902        3409.767010152686        199667.2213407044        263.8871831812403        46.49995113744357    
    44.50000000000000        58.75126174969331        58.93844981503646        3480.064582701764        205853.3941304339        263.8897514148804        45.49995272868544    
    45.50000000000000        64.25837694246096        59.53169347342747        3550.244183000319        212091.3019939393        263.8922300040130        44.49995426438411    
    46.50000000000000        70.37278689572213        60.11747204427254        3620.226627037588        218372.8637631691        263.8946249955828        43.49995574828625    
    47.50000000000000        77.16501135943521        60.69531457968984        3689.928602350991        224689.3673286932        263.8969419367540        42.49995718382879    
    48.50000000000000        84.71251608350813        61.26472865554309        3759.262324095696        231031.4318771713        263.8991859267366        41.49995857417120    
    49.50000000000000        93.10048637011337        61.82527117600183        3828.144663330012        237389.8865857675        263.9013616623451        40.49995992222356    
    50.50000000000000        102.4211793680883        62.37647236859583        3896.487420383486        243754.8276325555        263.9034734781597        39.49996123067157    
    51.50000000000000        112.7736504261828        62.91783103287261        3964.196665826053        250115.5451268299        263.9055253820237        38.49996250199846    
    52.50000000000000        124.2636707561175        63.44885413024146        4031.177887812036        256461.0208366194        263.9075210865002        37.49996373850448    
    53.50000000000000        137.0033590086649        63.96906614431707        4097.337437465239        262780.0870308322        263.9094640368173        36.49996494232428    
    54.50000000000000        151.1093019672876        64.47801979813107        4162.584298674512        269061.6345811445        263.9113574357541        35.49996611544225    
    55.50000000000000        166.7013044505580        64.97527831541495        4226.827657114032        275294.3596108650        263.9132042658541        34.49996725970637    
    56.50000000000000        183.8995088546161        65.46040045358352        4289.975063832521        281466.5924078935        263.9150073092974        33.49996837684046    
    57.50000000000000        202.8232913113582        65.93296843284797        4351.936231648800        287566.6842848802        263.9167691657192        32.49996946845521    
    58.50000000000000        223.5845169795449        66.39259414521932        4412.624307513662        293583.1789639930        263.9184922682199        31.49997053605816    
    59.50000000000000        246.2873113276275        66.83892654389174        4471.956909891610        299504.9232197443        263.9201788977817        30.49997158106259    
    60.50000000000000        271.0192603097038        67.27162639232031        4529.853062339470        305320.7919782323        263.9218311962764        29.49997260479556    
    61.50000000000000        297.8491150539776        67.69042278800471        4586.241202753854        311020.5430592615        263.9234511782266        28.49997360850527    
    62.50000000000000        326.8206073967222        68.09508211878202        4641.055068085693        316594.4098199595        263.9250407414612        27.49997459336758    
    63.50000000000000        357.9441397286564        68.48539881193489        4694.232584036280        322033.0064942468        263.9266016767879        26.49997556049205    
    64.50000000000000        391.1917851633007        68.86119094910472        4745.715457694070        327327.3112628348        263.9281356767912        25.49997651092742    
    65.50000000000000        426.4902234628315        69.22231046284961        4795.450791777923        332468.8597902632        263.9296443438510        24.49997744566647    
    66.50000000000000        463.7163242717464        69.56863885980084        4843.390661873957        337449.7245781700        263.9311291974649        23.49997836565068    
    67.50000000000000        502.6899210565406        69.90007566336469        4889.490523780700        342262.3553213517        263.9325916809489        22.49997927177431    
    68.50000000000000        543.1696238294990        70.21654037677540        4933.709728866499        346899.6641477823        263.9340331675803        21.49998016488822    
    69.50000000000000        584.8526621024985        70.51798239032564        4976.013004733672        351355.1971629828        263.9354549662428        20.49998104580338    
    70.50000000000000        627.3721522278486        70.80437231885411        5016.369331000650        355623.0314215188        263.9368583266244        19.49998191529409    
    71.50000000000000        670.3005524565109        71.07570045227638        5054.751791272004        359697.7725811811        263.9382444440117        18.49998277410092    
    72.50000000000000        713.1524961871378        71.33197727201652        5091.137670786120        363574.5732628686        263.9396144637270        17.49998362293349    
    73.50000000000000        755.3938627137810        71.57322342904740        5125.507076291793        367248.9958579800        263.9409694852388        16.49998446247304    
    74.50000000000000        796.4500616381478        71.79946021236871        5157.841604616944        370716.8781694708        263.9423105659830        15.49998529337470    
    75.50000000000000        835.7174571758366        72.01073805896098        5188.128420287601        373974.7757835270        263.9436387249219        14.49998611626983    
    76.50000000000000        872.5841635743378        72.20708689676123        5216.353130725491        377019.1995205890        263.9449549458691        13.49998693176800    
    77.50000000000000        906.4362645384291        72.38856875551883        5242.507358915702        379847.4373566367        263.9462601806040        12.49998774045888    
    78.50000000000000        936.6896037352423        72.55521943804546        5266.580333791063        382456.6487304866        263.9475553517981        11.49998854291415    
    79.50000000000000        962.7962825490238        72.70709134020775        5288.565022243224        384844.5267159030        263.9488413557719        10.49998933968918    
    80.50000000000000        984.2682136756018        72.84423070450903        5308.454852076878        387008.9471533389        263.9501190651025        9.499990131324564    
    81.50000000000000        1000.699178211927        72.96666584369200        5326.241971811005        388947.7786181712        263.9513893310977        8.499990918347773    
    82.50000000000000        1011.765086170111        73.07443750246124        5341.921631007155        390659.3591249698        263.9526529861521        7.499991701274555    
    83.50000000000000        1017.250789665927        73.16755780978663        5355.486201324112        392141.8450859003        263.9539108459990        6.499992480610291    
    84.50000000000000        1017.053077271845        73.24603858230357        5366.929273027951        393393.6581331840        263.9551637118730        5.499993256851420    
    85.50000000000000        1011.177904295528        73.30988383030974        5376.244580741482        394413.3713681489        263.9564123725939        4.499994030486689    
    86.50000000000000        999.7539367463673        73.35907483972755        5383.423780315033        395199.4624455934        263.9576576065850        3.499994801998366    
    87.50000000000000        983.0133738206260        73.39359723764295        5388.460431947186        395750.7545000853        263.9589001838365        2.499995571863528    
    88.50000000000000        961.2914150351410        73.41342334572212        5391.347423151392        396066.1347246935        263.9601408678242        1.499996340555218    
    89.50000000000000        935.0156167683003        73.41850812424200        5392.076346811860        396144.4836551796        263.9613804173946       0.4999971085435700    
    90.50000000000000        904.6807077471071        73.40881363096737        5390.641142148807        395985.0821280552        263.9626195886257      -0.5000021237029584    
    91.50000000000000        870.8402134826488        73.38429212736119        5387.035604130646        395587.3359020415        263.9638591366736       -1.500001355716482    
    92.50000000000000        834.0883607892592        73.34489276733613        5381.254420411589        394950.8958938447        263.9650998176139       -2.500000587028586    
    93.50000000000000        795.0324071880942        73.29057711315963        5373.295418599230        394075.9016756332        263.9663423902886       -3.499999817169102    
    94.50000000000000        754.2831685054376        73.22129948342713        5363.156705467170        392962.6683626837        263.9675876181665       -4.499999045664997    
    95.50000000000000        712.4357891040662        73.13700606428461        5350.836551090043        391611.6742776033        263.9688362712284       -5.499998272039243    
    96.50000000000000        670.0514880611929        73.03765986461320        5336.337055837941        390023.9639207445        263.9700891278857       -6.499997495809549    
    97.50000000000000        627.6537573156671        72.92321963215819        5319.661078676350        388200.8105676415        263.9713469769442       -7.499996716487200    
    98.50000000000000        585.7130666466986        72.79365408088172        5300.814368534097        386143.9537392124        263.9726106196216       -8.499995933575775    
    99.50000000000000        544.6396592496951        72.64894608240780        5279.806103978578        383855.6479246253        263.9738808716322       -9.499995146569919    
    100.5000000000000        504.7865337745785        72.48908135921789        5256.647295891254        381338.4909580891        263.9751585653484       -10.49999435495390    
    101.5000000000000        466.4422766392499        72.31405601853656        5231.351836917059        378595.5303144927        263.9764445520534       -11.49999355820030    
    102.5000000000000        429.8331051654872        72.12387594288623        5203.936358063674        375630.2381742045        263.9777397042970       -12.49999275576854    
    103.5000000000000        395.1265605140137        71.91855435698986        5174.419856431593        372446.4653005289        263.9790449183694       -13.49999194710330    
    104.5000000000000        362.4359683823197        71.69812487710020        5142.825622821464        369048.6511530040        263.9803611169082       -14.49999113163293    
    105.5000000000000        331.8274211938060        71.46265164941038        5109.182683512092        365441.9740594452        263.9816892516565       -15.49999030876782    
    106.5000000000000        303.3244940467265        71.21223604269005        5073.526711402364        361632.4397788701        263.9830303063879       -16.49998947789842    
    107.5000000000000        276.9114151007151        70.94700354491548        5035.897991978388        357626.6410437056        263.9843853000214       -17.49998863839347    
    108.5000000000000        252.5437112642761        70.66709427870630        4996.339904747764        353431.5725967591        263.9857552899453       -18.49998778959786    
    109.5000000000000        230.1513369357412        70.37265837813916        4954.898160914491        349054.5338728090        263.9871413755773       -19.49998693083043    
    110.5000000000000        209.6461103583270        70.06385756172568        4911.620910929130        344503.1238227271        263.9885447021844       -20.49998606138163    
    111.5000000000000        190.9260810727369        69.74088142017973        4866.561049496758        339785.4816559650        263.9899664649939       -21.49998518051096    
    112.5000000000000        173.8817808055827        69.40395093195865        4819.776648148173        334910.3221371093        263.9914079136294       -22.49998428744420    
    113.5000000000000        158.3986427582352        69.05332118699343        4771.331169271459        329886.9362323328        263.9928703569055       -23.49998338137045    
    114.5000000000000        144.3598790738170        68.68924416458657        4721.288003089973        324724.5857281553        263.9943551680253       -24.49998246143897    
    115.5000000000000        131.6496706873326        68.31197691806234        4669.711491901702        319432.5944993084        263.9958637902245       -25.49998152675557    
    116.5000000000000        120.1557266971983        67.92178974741412        4616.668018093733        314020.4541942322        263.9973977429148       -26.49998057637894    
    117.5000000000000        109.7703345198717        67.51896505433693        4562.225787603171        308497.7931794441        263.9989586283835       -27.49997960931632    
    118.5000000000000        100.3915492431752        67.10380343462272        4506.455611472516        302874.4487797664        264.0005481391159       -28.49997862451915    
    119.5000000000000        91.92408707818366        66.67660202030491        4449.427704009603        297160.1105519503        264.0021680658125       -29.49997762087802    
    120.5000000000000        84.27913706758723        66.23764813888286        4391.210707384219        291364.2070231616        264.0038203061873       -30.49997659721716    
    121.5000000000000        77.37499572910950        65.78723424385241        4331.873707133038        285496.1089977416        264.0055068746391       -31.49997555228857    
    122.5000000000000        71.13720538639993        65.32567017913991        4271.487880683104        279565.2950129600        264.0072299129066       -32.49997448476536    
    123.5000000000000        65.49763299818422        64.85326456192259        4210.123878719147        273581.0739360080        264.0089917018283       -33.49997339323436    
    124.5000000000000        60.39456908354875        64.37031551265959        4147.850447942214        267552.4318279937        264.0107946743501       -34.49997227618827    
    125.5000000000000        55.77232735682731        63.87711528143271        4084.735054926892        261488.0950246457        264.0126414299405       -35.49997113201663    
    126.5000000000000        51.58079009956944        63.37396112939160        4020.845322739260        255396.6729246120        264.0145347505997       -36.49996995899579    
    127.5000000000000        47.77525772268540        62.86116570505449        3956.250240630478        249286.7629103430        264.0164776186766       -37.49996875527805    
    128.5000000000000        44.31554564318556        62.33902856588939        3891.016380046020        243166.5729646412        264.0184732367401       -38.49996751887929    
    129.5000000000000        41.16573247466119        61.80784620669391        3825.209177690992        237044.0463235514        264.0205250497906       -39.49996624766513    
    130.5000000000000        38.29384371444172        61.26793111545628        3758.895281313424        230927.0799970317        264.0226367701445       -40.49996493933559    
    131.5000000000000        35.67119242150990        60.71959065931644        3692.139860754581        224823.2691223823        264.0248124053773       -41.49996359140782    
    132.5000000000000        33.27232400781396        60.16312985993249        3625.006837384531        218739.9194233761        264.0270562897781       -42.49996220119645    
    133.5000000000000        31.07453418387898        59.59884953432535        3557.558636807613        212684.0251111410        264.0293731198448       -43.49996076579180    
    134.5000000000000        29.05780002408092        59.02707479871727        3489.859687624874        206662.5947986299        264.0317679944422       -44.49995928203489    
    135.5000000000000        27.20420623085684        58.44813155726938        3421.973404155599        200682.3645384747        264.0342464603575       -45.49995774648915    
    136.5000000000000        25.49782291405012        57.86233694237798        3353.960877165149        194749.6682780823        264.0368145641233       -46.49995615540850    
    137.5000000000000        23.92433998595106        57.27002207453128        3285.883623149436        188870.6921822094        264.0394789111400       -47.49995450470056    
    138.5000000000000        22.47105083588869        56.67151916384111        3217.802018900332        183051.3370100314        264.0422467333306       -48.49995278988474    
    139.5000000000000        21.12665197995398        56.06717950879732        3149.777313445181        177297.3915026535        264.0451259668029       -49.49995100604430    
    140.5000000000000        19.88096468595993        55.45734224287533        3081.867772706814        171614.1817659856        264.0481253412938       -50.49994914777068    
    141.5000000000000        18.72506119905927        54.84237019120943        3014.132771973705        166006.9285403176        264.0512544835375       -51.49994720909964    
    142.5000000000000        17.65077857239988        54.22265608618780        2946.633358024228        160480.7910137074        264.0545240371591       -52.49994518343691    
    143.5000000000000        16.65091705008421        53.59860486768573        2879.430339041161        155040.7181070983        264.0579458022611       -53.49994306347180    
    144.5000000000000        15.71890192295311        52.97061995233171        2812.582408766733        149691.2708580162        264.0615328985897       -54.49994084107587    
    145.5000000000000        14.84877877425755        52.33909027052279        2746.144923149028        144436.5448526514        264.0652999570630       -55.49993850718459    
    146.5000000000000        14.03523174290571        51.70437086269794        2680.167809008755        139280.0090358567        264.0692633455883       -56.49993605165722    
    147.5000000000000        13.27339662652172        51.06686234998286        2614.703898296040        134225.1713259123        264.0734414365573       -57.49993346311109    
    148.5000000000000        12.55915521621020        50.42692437783815        2549.800182167392        129274.9240599243        264.0778549252769       -58.49993072872444    
    149.5000000000000        11.88852002604546        49.78497816312777        2485.507890503937        124432.2937544118        264.0825272110299       -59.49992783400025    
    150.5000000000000        11.25815588363521        49.14137796970932        2421.869551274161        119699.4716615353        264.0874848556250       -60.49992476248205    
    151.5000000000000        10.66489260442725        48.49649078550317        2358.926861470027        115078.4063363639        264.0927581384704       -61.49992149541024    
    152.5000000000000        10.10590843882117        47.85067377003994        2296.718535539165        110570.6597050542        264.0983817327398       -62.49991801130305    
    153.5000000000000        9.578730910347744        47.20429712580192        2235.282657841281        106177.5989308745        264.1043955346166       -63.49991428544266    
    154.5000000000000        9.081126085071734        46.55776637319065        2174.658826740886        101900.5607728294        264.1108456876407       -64.49991028924080    
    155.5000000000000        8.611021508301437        45.91150670686697        2114.886629282218        97740.74965042567        264.1177858578968       -65.49990598944852    
    156.5000000000000        8.166492124601392        45.26594478082977        2056.003723913327        93699.09555380288        264.1252788347646       -66.49990134716452    
    157.5000000000000        7.745972244318117        44.62153524341979        1998.048202501873        89776.42098953754        264.1333985585146       -67.49989631657888    
    158.5000000000000        7.347793558024752        43.97869288817677        1941.052380247447        85973.02379368835        264.1422327137182       -68.49989084336639    
    159.5000000000000        6.970541094789003        43.33786342276068        1885.049456403593        82289.15715509109        264.1518860816737       -69.49988486260936    
    160.5000000000000        6.612900148491363        42.69945124077987        1830.066500092720        78724.52987367139        264.1624849243069       -70.49987829608172    
    161.5000000000000        6.273572621672082        42.06380169254430        1776.123871370527        75278.34356259683        264.1741827898210       -71.49987104865198    
    162.5000000000000        5.951582935062694        41.43135150736538        1723.247620815118        71950.06516238945        264.1871683087771       -72.49986300345297    
    163.5000000000000        5.645734429844604        40.80232559665722        1671.444021574676        68737.82980906164        264.2016758249934       -73.49985401529557    
    164.5000000000000        5.355229666695725        40.17712629545239        1620.732290774773        65640.51481235937        264.2180001414475       -74.49984390153243    
    165.5000000000000        5.079065247970711        39.55598444671574        1571.116393924954        62656.04029199492        264.2365173676316       -75.49983242914172    
    166.5000000000000        4.816676683027440        38.93932754964318        1522.614822609400        59783.18412796437        264.2577150318887       -76.49981929607041    
    167.5000000000000        4.567157202627708        38.32742323001239        1475.231896983623        57019.84871961059        264.2822366467683       -77.49980410362285    
    168.5000000000000        4.330033157634534        37.72067468741514        1428.980997437703        54364.44012593477        264.3109495241895       -78.49978631444388    
    169.5000000000000        4.104555869098379        37.11932666789797        1383.861835022850        51814.55465457351        264.3450513388385       -79.49976518649427    
    170.5000000000000        3.890247366646614        36.52377223568311        1339.884074316639        49368.35103706898        264.3862439879339       -80.49973966532926    
    171.5000000000000        3.686566033583691        35.93424437857610        1297.044190013030        47023.24922749323        264.4370301603454       -81.49970820034544    
    172.5000000000000        3.493052677504390        35.35104014144697        1255.342259005575        44776.88034656061        264.5012471243359       -82.49966841404259    
    173.5000000000000        3.309182532414439        34.77445721459472        1214.777269365653        42626.83025118178        264.5850931444509       -83.49961646603387    
    174.5000000000000        3.134507291582883        34.20473946564231        1175.343424673919        40570.45454000925        264.6992733279588       -84.49954572338684    
    175.5000000000000        2.968684691344910        33.64215627579341        1137.035801355770        38605.18478760115        264.8640055249746       -85.49944365858650    
    176.5000000000000        2.811238016626680        33.08691806009875        1099.844763808881        36728.25383563293        265.1226028426729       -86.49928343200682    
    177.5000000000000        2.661874323922812        32.53928111042133        1063.762760573593        34937.02886262508        265.5876215357942       -87.49899528748635    
    178.5000000000000        2.520105223587843        31.99943918562998        1028.777893167433        33228.72932751593        266.6711792358137       -88.49832372594908    
    179.5000000000000        2.385682150576182        31.46761050572976        994.8789562284501        31600.64449768010        272.0432831793502       -89.49498744427133    
    180.5000000000000        2.258310884782490        30.94393470865550        962.0494497570379        30049.87715961487        75.88088662139681       -89.49497752584631    
    181.5000000000000        2.137580432662407        30.42862560975645        930.2772718925154        28573.79837156052        81.25284885687003       -88.49831371924132    
    182.5000000000000        2.023240092032875        29.92182837371429        899.5455650896138        27169.61981739544        82.33639500100470       -87.49898527361344    
    183.5000000000000        1.914977185731124        29.42365063163143        869.8351789806358        25834.52121504593        82.80141050454334       -86.49927341615731    
    184.5000000000000        1.812544027839628        28.93423983070196        841.1292324475356        24565.85607769974        83.06000650892601       -85.49943364192323    
    185.5000000000000        1.715628359426513        28.45371633672100        813.4092253778483        23360.97973848673        83.22473804098222       -84.49953570631156    
    186.5000000000000        1.623976821631928        27.98212403495770        786.6521999118967        22217.12508945442        83.33891784199220       -83.49960644872152    
    187.5000000000000        1.537369782241560        27.51961168460904        760.8414933430311        21131.87997866256        83.42276362210826       -82.49965839658159    
    188.5000000000000        1.455531800419556        27.06622133631961        735.9544855845388        20102.65146359638        83.48698042569769       -81.49969818278502    
    189.5000000000000        1.378226743484192        26.62198977219866        711.9684857634360        19126.91960214888        83.53776648563759       -80.49972964769916    
    190.5000000000000        1.305228791693280        26.18693731785278        688.8604792943082        18202.24063025817        83.57895905283740       -79.49975516881346    
    191.5000000000000        1.236308288662534        25.76110744766231        666.6089377348552        17326.30248757513        83.61306080601119       -78.49977629672497    
    192.5000000000000        1.171283095849641        25.34453904202097        645.1925449280744        16496.88067731048        83.64177363611331       -77.49979408587464    
    193.5000000000000        1.109937859363973        24.93713326777656        624.5832734124399        15711.56286870327        83.66629521379573       -76.49980927829914    
    194.5000000000000        1.052059816147944        24.53895050514578        604.7619040276284        14968.35754846376        83.68749284828455       -75.49982241135199    
    195.5000000000000       0.9974846073977039        24.14988027462822        585.7011904457866        14265.04361350112        83.70601005027545       -74.49983388372772    
    196.5000000000000       0.9460346920854862        23.76991850879785        567.3795896760907        13599.67910805633        83.72233434680224       -73.49984399747852    
    197.5000000000000       0.8975343185363815        23.39895755931480        549.7715701546438        12970.26336188281        83.73684184641057       -72.49985298562562    
    198.5000000000000       0.8518232770056688        23.03702038107007        532.8581315908735        12375.08567776590        83.74982735138029       -71.49986103081595    
    199.5000000000000       0.8087741612347122        22.68392364320687        516.6113018871065        11812.18819386734        83.76152520500602       -70.49986827823832    
    200.5000000000000       0.7681733895021701        22.33965941906316        501.0121272812399        11279.99897057744        83.77212403744963       -69.49987484475967    
    201.5000000000000       0.7299669803510707        22.00409803554900        486.0365151854917        10776.82311112433        83.78177739660607       -68.49988082551124    
    202.5000000000000       0.6939464539878580        21.67712782977911        471.6621844236619        10301.09731815244        83.79061154415950       -67.49988629871901    
    203.5000000000000       0.6600415706058492        21.35869105748382        457.8697419432556        9851.405402083114        83.79873126121703       -66.49989132930048    
    204.5000000000000       0.6280923459801899        21.04861809407659        444.6356903417293        9426.254276993730        83.80622423219710       -65.49989597158084    
    205.5000000000000       0.5980093659328686        20.74683238692199        431.9412629061338        9024.357767047839        83.81316439724647       -64.49990027136988    
    206.5000000000000       0.5696656543755668        20.45318298858962        419.7652118094194        8644.400207511711        83.81961454564426       -63.49990426756889    
    207.5000000000000       0.5429734547442041        20.16755020828398        408.0882902734745        8285.177170379515        83.82562834339232       -62.49990799342673    
    208.5000000000000       0.5178255604560595        19.88979700564067        396.8912509630863        7945.530997585362        83.83125193396192       -61.49991147753163    
    209.5000000000000       0.4941334673246226        19.61977829485100        386.1551530598400        7624.355653998795        83.83652521347965       -60.49991474460138    
    210.5000000000000       0.4718127097283674        19.35736541697708        375.8624098746197        7320.628356271539        83.84148285507109       -59.49991781611769    
    211.5000000000000       0.4507770324693424        19.10240146693515        365.9949459639185        7033.350255243608        83.84615513810408       -58.49992071084022    
    212.5000000000000       0.4309530322898666        18.85475483739932        356.5363106952303        6761.607333401100        83.85056862435316       -57.49992344522534    
    213.5000000000000       0.4122689038700504        18.61427295033359        347.4698397628881        6504.513592664483        83.85474671307180       -56.49992603377007    
    214.5000000000000       0.3946561822061754        18.38081873539970        338.7800479480712        6261.249448851985        83.85871009954191       -55.49992848929616    
    215.5000000000000       0.3780494842482231        18.15424035431577        330.4514861328069        6031.027580916154        83.86247715613338       -54.49993082318628    
    216.5000000000000       0.3623908590021768        17.93439944789759        322.4697164777073        5813.116590949753        83.86606425073519       -53.49993304558113    
    217.5000000000000       0.3476221410489108        17.72114738272672        314.8205101108824        5606.819412475345        83.86948601424901       -52.49993516554527    
    218.5000000000000       0.3336912426395737        17.51435257178938        307.4907047500305        5411.491682248751        83.87275556640685       -51.49993719120710    
    219.5000000000000       0.3205489396837271        17.31386426034041        300.4669842636366        5226.509744334348        83.87588470729915       -50.49993912987730    
    220.5000000000000       0.3081473006222228        17.11955702447096        293.7373693691165        5051.306914025449        83.87888408053986       -49.49994098815012    
    221.5000000000000       0.2964430368802117        16.93128144155131        287.2895030443819        4885.327631129257        83.88176331285378       -48.49994277198986    
    222.5000000000000       0.2853951715638029        16.74891310935967        281.1123060135290        4728.068437078317        83.88453113396922       -47.49994448680501    
    223.5000000000000       0.2749638770680706        16.57230990269327        275.1945216385728        4579.039889041638        83.88719547998660       -46.49994613751232    
    224.5000000000000       0.2651162028540898        16.40135268323480        269.5260387718035        4437.797887535300        83.88976358282230       -45.49994772859241    
    225.5000000000000       0.2558135275133174        16.23590394591765        264.0965234572439        4303.908948575201        83.89224204787081       -44.49994926413761    
    226.5000000000000       0.2470304682011886        16.07585125191818        258.8968071622510        4176.982712506313        83.89463692165933       -43.49995074789402    
    227.5000000000000       0.2387303735261793        15.92106058817457        253.9173650053438        4056.634017884889        83.89695375097045       -42.49995218329819    
    228.5000000000000       0.2308920378166665        15.77142584369136        249.1498873594235        3942.519733513777        83.89919763466466       -41.49995357350913    
    229.5000000000000       0.2234843031724056        15.62682399873684        244.5858297732840        3834.302972003496        83.90137326923600       -40.49995492143650    
    230.5000000000000       0.2164860338799497        15.48714798580914        240.2174411399498        3731.676698680054        83.90348498897021       -39.49995622976564    
    231.5000000000000       0.2098731553927316        15.35228646475747        236.0371089894727        3634.347354538962        83.90553680143968       -38.49995750097943    
    232.5000000000000       0.2036239019855445        15.22213535608707        232.0377096614017        3542.042393648081        83.90753241895787       -37.49995873737790    
    233.5000000000000       0.1977191331911963        15.09659106926324        228.2123730084719        3454.503790481600        83.90947528652278       -36.49995994109529    
    234.5000000000000       0.1921392761817693        14.97555449505487        224.5546083513045        3371.490681204763        83.91136860670090       -35.49996111411581    
    235.5000000000000       0.1868666533776493        14.85892972352699        221.0582354968051        3292.776717742707        83.91321536183906       -34.49996225828722    
    236.5000000000000       0.1818852982758639        14.74662284270116        217.7173470960636        3218.148906573269        83.91501833393561       -33.49996337533300    
    237.5000000000000       0.1771793256420605        14.63854480915159        214.5263783788031        3147.408497829736        83.91678012245721       -32.49996446686373    
    238.5000000000000       0.1727344185476895        14.53460901451768        211.4800235988796        3080.368614420702        83.91850316034814       -31.49996553438678    
    239.5000000000000       0.1685372845637033        14.43473113960466        208.5732218464500        3016.853481499414        83.92018972844554       -30.49996657931512    
    240.5000000000000       0.1645752037628949        14.33883162916620        205.8012190902009        2956.699330498597        83.92184196848667       -29.49996760297575    
    241.5000000000000       0.1608362174373422        14.24683312114974        203.1594827735534        2899.752106074292        83.92346189486928       -28.49996860661673    
    242.5000000000000       0.1573095446829556        14.15866075068772        200.6437037269986        2845.867171746948        83.92505140530606       -27.49996959141369    
    243.5000000000000       0.1539847532024827        14.07424359635358        198.2498262663139        2794.909542479666        83.92661229049671       -26.49997055847611    
    244.5000000000000       0.1508523215557765        13.99351260546426        195.9739835051178        2746.752228181977        83.92814624292538       -25.49997150885264    
    245.5000000000000       0.1479030342814828        13.91640296232990        193.8125555309868        2701.277139826389        83.92965486487859       -24.49997244353586    
    246.5000000000000       0.1451289399704692        13.84285174308742        191.7620962299303        2658.373262842907        83.93113967576716       -23.49997336346718    
    247.5000000000000       0.1425221195405209        13.77279995689416        189.8193832406098        2617.937437908280        83.93260211882615       -22.49997426954082    
    248.5000000000000       0.1400753643718103        13.70619090429670        187.9813661711977        2579.873045860013        83.93404356725796       -21.49997516260744    
    249.5000000000000       0.1377820225230313        13.64297058832451        186.2451723517032        2544.089911416358        83.93546532987668       -20.49997604347798    
    250.5000000000000       0.1356358123789495        13.58308771679287        184.6081007387819        2510.503961543463        83.93686865630509       -19.49997691292670    
    251.5000000000000       0.1336311601117777        13.52649394290320        183.0676236522286        2479.037080326108        83.93825474177022       -18.49997777169401    
    252.5000000000000       0.1317626192811139        13.47314384163747        181.6213809340270        2449.616809264496        83.93962473153850       -17.49997862048951    
    253.5000000000000       0.1300252889788128        13.42299467676128        180.2671692313893        2422.175973086698        83.94097972502701       -16.49997945999440    
    254.5000000000000       0.1284145146583424        13.37600614956851        179.0029308020643        2396.652302520212        83.94232077962394       -15.49998029086370    
    255.5000000000000       0.1269263260821956        13.33214039411653        177.8267494522686        2372.988217959442        83.94364891424779       -14.49998111372872    
    256.5000000000000       0.1255567488111601        13.29136234420427        176.7368571974463        2351.130849947792        83.94496511267194       -13.49998192919904    
    257.5000000000000       0.1243023580961585        13.25363940546899        175.7316217027333        2331.031666357408        83.94627032663891       -12.49998273786421    
    258.5000000000000       0.1231597837026904        13.21894114131216        174.8095350520107        2312.646150440335        83.94756547878626       -11.49998354029590    
    259.5000000000000       0.1221262078609908        13.18723960945111        173.9692196736575        2295.933822801293        83.94885146540388       -10.49998433704947    
    260.5000000000000       0.1211991077098774        13.15850962695598        173.2094331041457        2280.858259064068        83.95012915904128       -9.499985128665422    
    261.5000000000000       0.1203760280410023        13.13272824430126        172.5290515038980        2267.386683150894        83.95139941098149       -8.499985915671227    
    262.5000000000000       0.1196549429505126        13.10987463457747        171.9270648760157        2255.489810588947        83.95266305359684       -7.499986698582635    
    263.5000000000000       0.1190339732224952        13.08993076286732        171.4025928561425        2245.142102102209        83.95392090260133       -6.499987477904939    
    264.5000000000000       0.1185115612342391        13.07288069077967        170.9548646007166        2236.321311617256        83.95517375921263       -5.499988254134591    
    265.5000000000000       0.1180865059461136        13.05871064733689        170.5832194106266        2229.008457894293        83.95642241223626       -4.499989027760359    
    266.5000000000000       0.1177577564613224        13.04740917340533        170.2871091804430        2223.187832552989        83.95766764008371       -3.499989799264420    
    267.5000000000000       0.1175245655175011        13.03896729547138        170.0661020730200        2218.847043773339        83.95891021273565       -2.499990569123877    
    268.5000000000000       0.1173863351886527        13.03337827602581        169.9198752039292        2215.976848429736        83.96015089366085       -1.499991337811802    
    269.5000000000000       0.1173426867782245        13.03063791082792        169.8482217022095        2214.571270002390        83.96139044170116      -0.4999921057982482    
    270.5000000000000       0.1173933821095821        13.03074402732054        169.8510374108932        2214.627329803564        83.96262961293228       0.5000071264482929    
    271.5000000000000       0.1175386211689167        13.03369646131439        169.9283199308554        2216.145019248992        83.96386916251022        1.500006358459897    
    272.5000000000000       0.1177787288792459        13.03949754279432        170.0801813391606        2219.127549812983        83.96510984651307        2.500005589768224    
    273.5000000000000       0.1181143850539681        13.04815170514348        170.3068382172186        2223.581164502254        83.96635242378736        3.500004819903060    
    274.5000000000000       0.1185463762773713        13.05966599266669        170.6086252577362        2229.515415843533        83.96759765780897        4.500004048391326    
    275.5000000000000       0.1190757571356668        13.07404948053946        170.9859808782945        2236.942905762898        83.96884631856810        5.500003274756058    
    276.5000000000000       0.1197038861381047        13.09131372303963        171.4394595303248        2245.879547709487        83.97009918448815        6.500002498514913    
    277.5000000000000       0.1204322974559481        13.11147250714646        171.9697263489772        2256.344494677955        83.97135704438909        7.500001719179105    
    278.5000000000000       0.1212626690204079        13.13454229786738        172.5775701141289        2268.360433433118        83.97262069950557        8.500000936252315    
    279.5000000000000       0.1221970068903721        13.16054150237195        173.2638852504413        2281.953272551575        83.97389096557117        9.500000149229074    
    280.5000000000000       0.1232377288680736        13.18949092369276        174.0296853803268        2297.152461193108        83.97516867498055        10.49999935759360    
    281.5000000000000       0.1243876505945287        13.22141353795580        174.8760993876253        2313.990971774617        83.97645467904169        11.49999856081855    
    282.5000000000000       0.1256498195238979        13.25633491773045        175.8043846900662        2332.505629841509        83.97774985033209        12.49999775836322    
    283.5000000000000       0.1270275132671276        13.29428325815200        176.8159302541100        2352.737248894062        83.97905508517248        13.49999694967224    
    284.5000000000000       0.1285242524263883        13.33528898431050        177.9122487398288        2374.730557288574        83.98037130623446        14.49999613417403    
    285.5000000000000       0.1301439856696845        13.37938499059761        179.0949856704994        2398.534473454570        83.98169946529775        15.49999531127884    
    286.5000000000000       0.1318909390859746        13.42660682429428        180.3659275111303        2424.202371764314        83.98304054617643        16.49999448037705    
    287.5000000000000       0.1337698008451198        13.47699250602080        181.7270001148745        2451.792161566038        83.98439556783318        17.49999364083744    
    288.5000000000000       0.1357855691022082        13.53058282887805        183.1802806284518        2481.366655000057        83.98576558770417        18.49999279200478    
    289.5000000000000       0.1379437475922618        13.58742085187274        184.7279876322716        2512.993499416301        83.98715170525841        19.49999193319782    
    290.5000000000000       0.1402503210506598        13.64755231586356        186.3724967122488        2546.745642381409        83.98855506581849        20.49999106370701    
    291.5000000000000       0.1427116621604858        13.71102559133998        188.1163433912499        2582.701547167467        83.98997686467202        21.49999018279175    
    292.5000000000000       0.1453344769337761        13.77789226415793        189.9622443783419        2620.945809927336        83.99141835150708        22.49998928967768    
    293.5000000000000       0.1481260546522480        13.84820669458006        191.9130906600078        2661.569205914401        83.99288083520814        23.49998838355394    
    294.5000000000000       0.1510945163164116        13.92202582335809        193.9719477459107        2704.668899364918        83.99436568905332        24.49998746356960    
    295.5000000000000       0.1542483199855136        13.99940983259592        196.1420804194327        2750.349190944116        83.99587435635917        25.49998652883035    
    296.5000000000000       0.1575966183851061        14.08042117873217        198.4269315811983        2798.721303885276        83.99740835662413        26.49998557839485    
    297.5000000000000       0.1611493431903297        14.16512574803297        200.8301616582000        2849.904479374384        83.99896929222895        27.49998461127022    
    298.5000000000000       0.1649171652854529        14.25359210136839        203.3556349118845        2904.025977039929        84.00055885575912        28.49998362640769    
    299.5000000000000       0.1689112058741945        14.34589230978121        206.0074507895443        2961.222047619853        84.00217883802337        29.49998262269781    
    300.5000000000000       0.1731440267785872        14.44210163922345        208.7899434283343        3021.638260939157        84.00383113685167        30.49998159896465    
    301.5000000000000       0.1776285704772910        14.54229790154188        211.7076712618176        3085.429628844990        84.00551776676792        31.49998055395996    
    302.5000000000000       0.1823790332887762        14.64656190914888        214.7654398470713        3152.761498007692        84.00724086964524        32.49997948635679    
    303.5000000000000       0.1874106110900031        14.75497717564391        217.9683014843410        3223.809927820239        84.00900272646719        33.49997839474182    
    304.5000000000000       0.1927391781566098        14.86763022998939        221.3215755478794        3298.762604877183        84.01080577033582        34.49997727760742    
    305.5000000000000       0.1983822432818783        14.98461094420945        224.8308697445177        3377.819819867872        84.01265260088805        35.49997613334304    
    306.5000000000000       0.2043579795756869        15.10601323843725        228.5021118213435        3461.195678468389        84.01454600030601        36.49997496022478    
    307.5000000000000       0.2106859860984506        15.23193625784804        232.3416009552176        3549.119919763716        84.01648895113517        37.49997375640464    
    308.5000000000000       0.2173876985886489        15.36248296814913        236.3559805579063        3641.837974873916        84.01848465615697        38.49997251989829    
    309.5000000000000       0.2244859663917227        15.49775929957591        240.5522221828497        3739.611167486152        84.02053656060211        39.49997124857107    
    310.5000000000000       0.2320051941400876        15.63787513387338        244.9376706122269        3842.718486306970        84.02264837703645        40.49996994012264    
    311.5000000000000       0.2399717905734013        15.78294258932215        249.5200064397845        3951.456495237085        84.02482411330639        41.49996859206988    
    312.5000000000000       0.2484140001619640        15.93308080397093        254.3074225198682        4066.144597520131        84.02706810399560        42.49996720172706    
    313.5000000000000       0.2573609172674127        16.08840392417496        259.3082242293668        4187.115460995528        84.02938504592248        43.49996576618401    
    314.5000000000000       0.2668455778297140        16.24904020255001        264.5315073344947        4314.733566346911        84.03178003830121        44.49996428228139    
    315.5000000000000       0.2769023163860384        16.41510509842226        269.9862443200694        4449.372389513889        84.03425862830069        45.49996274658221    
    316.5000000000000       0.2875683650077439        16.58673146540523        275.6823512970652        4591.443333593173        84.03682686287087        46.49996115533971    
    317.5000000000000       0.2988828236674053        16.76403943566752        281.6296458297161        4741.369214973104        84.03949134786961        47.49995950446110    
    318.5000000000000       0.3108887959115439        16.94717154783844        287.8391203512863        4899.619635001278        84.04225931572221        48.49995778946517    
    319.5000000000000       0.3236310740587211        17.13625771046301        294.3216990787366        5066.678565424556        84.04513870308919        49.49995600543433    
    320.5000000000000       0.3371573838368861        17.33143171601294        301.0888727077656        5243.063406511978        84.04813824031672        50.49995414695945    
    321.5000000000000       0.3515259675178322        17.53285264668105        308.1534629686241        5429.346408049040        84.05126755481248        51.49995220807541    
    322.5000000000000       0.3667824016806209        17.74062102731414        315.5266312999294        5626.075351657204        84.05453729094741        52.49995018218694    
    323.5000000000000       0.3830022696672581        17.95492212259084        323.2230729832067        5833.916210719390        84.05795924965285        53.49994806198242    
    324.5000000000000       0.4002317664915910        18.17585120843469        331.2547070489481        6053.482934195941        84.06154655159779        54.49994583933228    
    325.5000000000000       0.4185556210318176        18.40357123626317        339.6363944865578        6285.494486863683        84.06531382873069        55.49994350517060    
    326.5000000000000       0.4380358997516342        18.63821052112118        348.3823066097481        6530.679575315449        84.06927745011384        56.49994104935531    
    327.5000000000000       0.4587560621847389        18.87990543616435        357.5073900127966        6789.815340880014        84.07345578943641        57.49993846050218    
    328.5000000000000       0.4807949808683024        19.12878576860933        367.0269433858666        7063.720677240082        84.07786954346879        58.49993572578750    
    329.5000000000000       0.5042418584785505        19.38499045628912        376.9571792111572        7353.272751527516        84.08254211315023        59.49993283071232    
    330.5000000000000       0.5291906177975783        19.64865922353894        387.3149378444376        7659.401559161429        84.08750006217180        60.49992975881786    
    331.5000000000000       0.5557305623731807        19.91991692143625        398.1171073671665        7983.075486156997        84.09277367208952        61.49992649134176    
    332.5000000000000       0.5839850146231738        20.19892496432595        409.3826719998602        8325.364852385186        84.09839761853851        62.49992300679931    
    333.5000000000000       0.6140415300026538        20.48580358819270        421.1296019571461        8687.350084774185        84.10441180053729        63.49991928046918    
    334.5000000000000       0.6460634193242508        20.78072138465781        433.3786056821396        9070.242318633407        84.11086236490705        64.49991528375901    
    335.5000000000000       0.6801218021585342        21.08377706451826        446.1480977010351        9475.224765722829        84.11780298155182        65.49991098341522    
    336.5000000000000       0.7164154948234388        21.39512245446767        459.4594427409580        9903.622840172267        84.12529644432357        66.49990634053091    
    337.5000000000000       0.7550358196601272        21.71486686961096        473.3329946796811        10356.78403712771        84.13341669876306        67.49990130928974    
    338.5000000000000       0.7961845518999158        22.04314523047035        487.7907648307948        10836.15775813772        84.14225143569652        68.49989583535876    
    339.5000000000000       0.8399907764768438        22.38006712663001        502.8546402788620        11343.25451191718        84.15190544390241        69.49988985381110    
    340.5000000000000       0.8866631203494123        22.72574519589281        518.5471291659985        11879.65640643836        84.16250499432711        70.49988328640953    
    341.5000000000000       0.9363726744423005        23.08027695058863        534.8910160252141        12447.02465765043        84.17420364615327        71.49987603800909    
    342.5000000000000       0.9893315331007814        23.44375634904031        551.9094491829001        13047.09010661042        84.18719004344132        72.49986799172605    
    343.5000000000000        1.045743811788498        23.81626069746032        569.6256154811497        13681.65514740415        84.20169854679594        73.49985900235053    
    344.5000000000000        1.105832853423159        24.19787562037549        588.0637876566377        14352.62920332822        84.21802398033343        74.49984888720932    
    345.5000000000000        1.169846903799075        24.58864181136149        607.2467680039135        15061.94020334310        84.23654248054427        75.49983741324736    
    346.5000000000000        1.238034204453151        24.98863164274352        627.1995398895203        15811.66815888943        84.25774161081115        76.49982427836858    
    347.5000000000000        1.310680017598689        25.39790013881931        647.9469293417527        16603.96490108313        84.28226492999732        77.49980908382057    
    348.5000000000000        1.388044301587677        25.81641496154988        669.5098110517889        17440.90346711687        84.31097981254131        78.49979129217155    
    349.5000000000000        1.470470893860367        26.24422270814539        691.9138434632025        18324.82623855928        84.34508401961978        79.49977016127622    
    350.5000000000000        1.558256950381533        26.68133663095989        715.1832080913515        19258.08725525867        84.38627957161775        80.49974463653918    
    351.5000000000000        1.651717690041072        27.12772167154822        739.3404497609645        20243.07289365466        84.43706933898893        81.49971316713511    
    352.5000000000000        1.751289229599067        27.58335751346413        764.4088443458658        21282.26135156115        84.50129086928368        82.49967337522303    
    353.5000000000000        1.857256987102904        28.04819130985890        790.4106665233769        22378.18833385414        84.58514287994653        83.49962141986440    
    354.5000000000000        1.970117892717292        28.52221623789587        817.3710667271904        23533.59318361017        84.69933126442756        84.49955066717166    
    355.5000000000000        2.090325456099501        29.00544558055059        845.3169482387021        24751.38929903734        84.86407536782220        85.49944858781909    
    356.5000000000000        2.218291089987069        29.49778756800881        874.2694655193312        26034.32627559727        85.12269153154074        86.49928833828226    
    357.5000000000000        2.354548617135966        29.99915936918242        904.2498680025107        27385.21500615589        85.58774454541339        87.49900015218495    
    358.5000000000000        2.499680503866920        30.50947100391930        935.2795727165176        28806.97769819114        86.67138420572833        88.49832849245723    
    359.5000000000000        2.654203806855730        31.02851510797983        967.3721720069403        30302.22413744688        92.04393073999800        89.49499169927677    
