 # author: MA Kubiak / Space Research Center PAS Warsaw Poland, contact: mkubiak@cbk.waw.pl                          
 # code version Program.keplerV_ellipt_V2      , Dates: calkV:20/04/2026  ; part_pr:20/04/2026                       
 # czas no T v_mas, kier.naplywu(dl, szer) macierz obrotu (ecl to helio), r, theta, phi(ecl,spher), V_detector(ecl,cart), IBEX_energy_channel
 #     2026.109431000000        0.8088930000000000E-03     9480.000000000000        -11.28000000301609         251.5700000000000         11.95000000000000        0.2459841265748581        0.9692738567985851         0.000000000000000       -0.9615244635393438        0.2440174711049008        0.1261989691358298        0.1223213615382913       -0.3104294319752456E-01    0.9920049496797150        0.9773309999999999         140.7510060000000        0.1322900000000000E-01    -19.08100000000000        -22.94100000000000        0.4600000000000000E-01 00
 # routs_end= 150.00;    Maxwellian,    elliptOrb=Off                                                                                        
 # Numerical parameters: GridKl=10  GridKf=09  GridKV=05  epsV= 0.0000100  epssJon=.0010000                                                  
 # Numerical parameters: GridKl=10  GridKf=09  GridKV=05  epsV= 0.0000100  epssJon=.0010000; tessel128                                                                                                                                                                                                                                                                                                                                                                                                                                                                 
# Axis to the Sun: alpha_ecl= 316.8680000000000000 delta_Ecl= 0.0740000000000000 delta_Ax= 90.0000000000000000  repoint= 00152
 #  flag_atom: He                                                   
 #  flag_general:                                                   
 #                                                                  
 #                                                                  
  # Ly_a_Profil: zero                                               
  # flag_Itot: zero                                                 
 #  v_SW_Eqtr: speed3D.hybrid2026c_patched.dat                      
 #  n_SW_Eqtr: density3D.hybrid2026c_patched.dat                    
 #  phot_Eqtr: 0.8500000  phion_Helium_T12F107_2026c.dat            
 #  sigma_SW: p+He->H +He+, He + alpha (2 chnls);src:simuLosses.nb  
 #  flag_el:slow  swEqtrElectrons5.2026c.patched.dat                
 #  SW_lati: interpolation                                          
 #  phot_lati: analit pole-flattened after Pryor & Auchere          
 #
 #
 #
 #Spin  flux speed	speed^2 speed^3    long_ecl lat_ecl
   0.5000000000000000        23.30568825737768        32.06500868290961        1033.286547015642        33461.41345083451        218.4495528016971        89.49455129560923    
    1.500000000000000        24.87574848970147        32.61048979056977        1068.724323623081        35196.58118793688        224.0443455346219        88.49817368794470    
    2.500000000000000        26.56007720961264        33.16443582972423        1105.318063349976        37018.49195438925        225.1736184247100        87.49890323005842    
    3.500000000000000        28.36793218073909        33.72662146956232        1143.080177538117        38930.12539593329        225.6582932780433        86.49921627018824    
    4.500000000000000        30.30853401882511        34.29686326490254        1182.025386050680        40934.64179772291        225.9278279361530        85.49939034348843    
    5.500000000000000        32.39273324237760        34.87495010903447        1222.166258044071        43035.16771830172        226.0995293195051        84.49950122959211    
    6.500000000000000        34.63250527080094        35.46063034883913        1263.511553582517        45234.66866801558        226.2185407140590        83.49957808674482    
    7.500000000000000        37.04036506299308        36.05369782630554        1306.072788665013        47536.32251750747        226.3059347389262        82.49963452491876    
    8.500000000000000        39.63014211007052        36.65388242434583        1349.855868892668        49943.03880032877        226.3728692341027        81.49967775024378    
    9.500000000000000        42.41753279642371        37.26088848203164        1394.863902039273        52457.60888451617        226.4258046488622        80.49971193500699    
    10.50000000000000        45.41935590633982        37.87444963184159        1441.101016995410        55082.90453959467        226.4687405885389        79.49973966219154    
    11.50000000000000        48.65426910811150        38.49426588489970        1488.567900503079        57821.63694092126        226.5042856292553        78.49976261642148    
    12.50000000000000        52.14280683539432        39.12005733554782        1537.265637837054        60676.55919353074        226.5342136795095        77.49978194328114    
    13.50000000000000        55.90857988658527        39.75151483409434        1587.191941854717        63650.24550672859        226.5597730931140        76.49979844894828    
    14.50000000000000        59.97655195881442        40.38830682576404        1638.340957819815        66745.02807687956        226.5818678834603        75.49981271722541    
    15.50000000000000        64.37488308355660        41.03011172880235        1690.706370115471        69963.21115945643        226.6011687950904        74.49982518127059    
    16.50000000000000        69.13525239458417        41.67656491531352        1744.276679271479        73306.74999723624        226.6181839879881        73.49983616924604    
    17.50000000000000        74.29170192835706        42.32731215089310        1799.039603872803        76777.51672937584        226.6333054885132        72.49984593431587    
    18.50000000000000        79.88406706841488        42.98198106012854        1854.979547830870        80377.12475526413        226.6468405758624        71.49985467491548    
    19.50000000000000        85.95486795651951        43.64020603702723        1912.079909078982        84107.08259390076        226.6590335115587        70.49986254878436    
    20.50000000000000        92.55395426609331        44.30164246412729        1970.324052396874        87968.83211721570        226.6700809093314        69.49986968289168    
    21.50000000000000        99.73472568560851        44.96590164820996        2029.689559652135        91963.35509961714        226.6801428158773        68.49987618059231    
    22.50000000000000        107.5596084674569        45.63261593473376        2090.154032936010        96091.55597351943        226.6893508368512        67.49988212687437    
    23.50000000000000        116.0958081852765        46.30136009807606        2151.687585144515        100353.7127211945        226.6978141882007        66.49988759226707    
    24.50000000000000        125.4211648538001        46.97172530531143        2214.259679419637        104749.9415426169        226.7056242655893        65.49989263579171    
    25.50000000000000        135.6213877146032        47.64328750302184        2277.836457160828        109280.0215506339        226.7128581386953        64.49989730721808    
    26.50000000000000        146.7939712565864        48.31564844845676        2342.384147882955        113943.5920209339        226.7195812543764        63.49990164881022    
    27.50000000000000        159.0494907127902        48.98838854422064        2407.864983388059        118739.8787413530        226.7258495500739        62.49990569669122    
    28.50000000000000        172.5103115807019        49.66109016961533        2474.238856979387        123667.7593803931        226.7317111223084        61.49990948192064    
    29.50000000000000        187.3168353022562        50.33328590319538        2541.458506311356        128725.4151856890        226.7372075558372        60.49991303135290    
    30.50000000000000        203.6250427197132        51.00451841227455        2609.475119825584        133910.7139827846        226.7423749913517        59.49991636832677    
    31.50000000000000        221.6116888197210        51.67433392128516        2678.238061088446        139221.2063060872        226.7472449898181        58.49991951322352    
    32.50000000000000        241.4760459386661        52.34227546340996        2747.693849338231        144654.0100628179        226.7518452372603        57.49992248392208    
    33.50000000000000        263.4430611033345        53.00786979358453        2817.784879685374        150205.7046061146        226.7562001233252        56.49992529617270    
    34.50000000000000        287.7651013887422        53.67064691404316        2888.451310706816        155872.4530029492        226.7603312192406        55.49992796390550    
    35.50000000000000        314.7282373215502        54.33010216660555        2959.627212726024        161649.6988101745        226.7642576750029        54.49993049948706    
    36.50000000000000        344.6504723114475        54.98574618007460        3031.245594617872        167532.5314484862        226.7679965512856        53.49993291393472    
    37.50000000000000        377.8915393069155        55.63706351364301        3103.234296236458        173515.3710688440        226.7715630982555        52.49993521709665    
    38.50000000000000        414.8543173331285        56.28354679282759        3175.519442725952        179592.2176092318        226.7749709909472        51.49993741780381    
    39.50000000000000        455.9887734242191        56.92468647427862        3248.024430795658        185756.5637871332        226.7782325288983        50.49993952399894    
    40.50000000000000        501.7991800694438        57.55995069525967        3320.667587650664        192001.1805665864        226.7813588062204        49.49994154284629    
    41.50000000000000        552.8447949241564        58.18881426744469        3393.365612243521        198318.4130591805        226.7843598570947        48.49994348082569    
    42.50000000000000        609.7459849237925        58.81075003863835        3466.032598886105        204700.0873856888        226.7872447807389        47.49994534381317    
    43.50000000000000        673.1887930142357        59.42522936983311        3538.580167989544        211137.5182805401        226.7900218491514        46.49994713715056    
    44.50000000000000        743.9285932492028        60.03173408512605        3610.918861208635        217621.6228652362        226.7926986003404        45.49994886570569    
    45.50000000000000        822.7942092342532        60.62975001008093        3682.957677172072        224142.8977645810        226.7952819192737        44.49995053392472    
    46.50000000000000        910.6902574388014        61.21877786427874        3754.605389012876        230691.5320783795        226.7977781083966        43.49995214587756    
    47.50000000000000        1008.589639774398        61.79830204870590        3825.766801079770        237257.0625537559        226.8001929492569        42.49995370529778    
    48.50000000000000        1117.538472716723        62.36783716936745        3896.348710204022        243828.9403401019        226.8025317565212        41.49995521561748    
    49.50000000000000        1238.655568236790        62.92693002170086        3966.260401365230        250396.5958802580        226.8047994254582        40.49995667999783    
    50.50000000000000        1373.122617497976        63.47513684104096        4035.410910862737        256949.1878580011        226.8070004737972        39.49995810135630    
    51.50000000000000        1522.175699198644        64.01203277989437        4103.710512651523        263475.7688403180        226.8091390787249        38.49995948239039    
    52.50000000000000        1687.081999354280        64.53721535092080        4171.071283909076        269965.3500290136        226.8112191096716        37.49996082559886    
    53.50000000000000        1869.128886409930        65.05030186935646        4237.406993297538        276406.9095591418        226.8132441574369        36.49996213330056    
    54.50000000000000        2069.595092952459        65.55094126603957        4302.634857270492        282789.5858597311        226.8152175601273        35.49996340765112    
    55.50000000000000        2289.725055861156        66.03880678837767        4366.674820926054        289102.6307522006        226.8171424263080        34.49996465065799    
    56.50000000000000        2530.685768932813        66.51360652347830        4429.451162383206        295335.5912029724        226.8190216557153        33.49996586419373    
    57.50000000000000        2793.529616151516        66.97507578741316        4490.891734888824        301478.2619630282        226.8208579578271        32.49996705000801    
    58.50000000000000        3079.147175325174        67.42298435054211        4550.929081695133        307520.8153698308        226.8226538685504        31.49996820973850    
    59.50000000000000        3388.213783915875        67.85712732325676        4609.499442834438        313453.7283961091        226.8244117652462        30.49996934492039    
    60.50000000000000        3721.133017901760        68.27733319956631        4666.544033701596        319267.9360846620        226.8261338802874        29.49997045699527    
    61.50000000000000        4077.977081234113        68.68346744764114        4722.009717777624        324954.9244436889        226.8278223133170        28.49997154731907    
    62.50000000000000        4458.440404725459        69.07541695850746        4775.846995034996        330506.5405672150        226.8294790423536        27.49997261716909    
    63.50000000000000        4861.772933675476        69.45309005549173        4828.010186179553        335915.0366189401        226.8311059338724        26.49997366775067    
    64.50000000000000        5286.732120588807        69.81642899120402        4878.459317396208        341173.2875013907        226.8327047519756        25.49997470020301    
    65.50000000000000        5731.526466080722        70.16537573928920        4927.155321492015        346274.2912324729        226.8342771667491        24.49997571560458    
    66.50000000000000        6193.785360273400        70.49989829562595        4974.063876826471        351211.5948644257        226.8358247618948        23.49997671497809    
    67.50000000000000        6670.542510741130        70.81997214566128        5019.152862475408        355979.0382354553        226.8373490417135        22.49997769929501    
    68.50000000000000        7158.212002188656        71.12558372228152        5062.392911838089        360570.8252687663        226.8388514375087        21.49997866947956    
    69.50000000000000        7652.606996085454        71.41673195581821        5103.757652398016        364981.5574917839        226.8403333134692        20.49997962641275    
    70.50000000000000        8148.962825124219        71.69342510091535        5143.223309791699        369206.2031550018        226.8417959720864        19.49998057093565    
    71.50000000000000        8641.992085265980        71.95568389274221        5180.769174204185        373240.1541943469        226.8432406591528        18.49998150385276    
    72.50000000000000        9125.983182771728        72.20352917893911        5216.375804231303        377079.0354822548        226.8446685683845        17.49998242593493    
    73.50000000000000        9594.859194064109        72.43699371392444        5250.026796755812        380718.9087711250        226.8460808457070        16.49998333792219    
    74.50000000000000        10042.34433381740        72.65611647464635        5281.707917801332        384156.1778195803        226.8474785932365        15.49998424052621    
    75.50000000000000        10462.09036383111        72.86093324147319        5311.405754641764        387387.4478528250        226.8488628729906        14.49998513443282    
    76.50000000000000        10847.81218886701        73.05148445854196        5339.108862471214        390409.6551036519        226.8502347103530        13.49998602030419    
    77.50000000000000        11193.00735463994        73.22779187447932        5364.804337659013        393219.6935063826        226.8515950973196        12.49998689878088    
    78.50000000000000        11493.62170508126        73.38995194108611        5388.491335916048        395815.8856865371        226.8529449955483        11.49998777048391    
    79.50000000000000        11743.13623792342        73.53794024714470        5410.152789680194        398194.9181471301        226.8542853392328        10.49998863601655    
    80.50000000000000        11937.83218125311        73.67180435464115        5429.783207983734        400354.8498795548        226.8556170378204        9.499989495966080    
    81.50000000000000        12074.35157585821        73.79156284369445        5447.374106512907        402293.5379020117        226.8569409785902        8.499990350905465    
    82.50000000000000        12150.32688167507        73.89722654750895        5462.917068952992        404008.9706170249        226.8582580291089        7.499991201394959    
    83.50000000000000        12164.46371831053        73.98879956938870        5476.403845194957        405499.2749706113        226.8595690395782        6.499992047983561    
    84.50000000000000        12116.57548545948        74.06627972647378        5487.826471011648        406762.7377707789        226.8608748450884        5.499992891210551    
    85.50000000000000        12007.55931152603        74.12965160042245        5497.176182787197        407797.6802092959        226.8621762677903        4.499993731606851    
    86.50000000000000        11839.43118171991        74.17888891859889        5504.443753214747        408602.4946375772        226.8634741189992        3.499994569696343    
    87.50000000000000        11615.20196984627        74.21396154323662        5509.620572834207        409175.7711894118        226.8647692012410        2.499995405997278    
    88.50000000000000        11338.77424569174        74.23483029995070        5512.697872829270        409516.2108505279        226.8660623102517        1.499996241023515    
    89.50000000000000        11014.86450537688        74.24144747482539        5513.666798212736        409622.6341922812        226.8673542369428       0.4999970752857631    
    90.50000000000000        10648.80262726349        74.23375801383210        5512.518584761739        409494.0013110946        226.8686457693402      -0.5000020907070976    
    91.50000000000000        10246.38747802000        74.21170332215732        5509.245174624029        409129.4863012655        226.8699376945089       -1.500001256446806    
    92.50000000000000        9813.745810597196        74.17521873103304        5503.838828818050        408528.4326037955        226.8712308004726       -2.500000421424522    
    93.50000000000000        9357.145880899823        74.12423642120811        5496.292585866488        407690.4064675871        226.8725258781380       -3.499999585129505    
    94.50000000000000        8882.838411776847        74.05868594661673        5486.600377161352        406615.2133520492        226.8738237232343       -4.499998747047904    
    95.50000000000000        8396.924704137704        73.97849392789091        5474.756987465386        405302.8931743050        226.8751251382780       -5.499997906661522    
    96.50000000000000        7905.232671286927        73.88359046832041        5460.759054996704        403753.8358495285        226.8764309345724       -6.499997063446449    
    97.50000000000000        7413.195508039339        73.77390261924522        5444.604081693327        401968.6671723375        226.8777419342545       -7.499996216871795    
    98.50000000000000        6925.753846874420        73.64935731548151        5426.290917847645        399948.3064417332        226.8790589723976       -8.499995366398304    
    99.50000000000000        6447.305981358404        73.50989353307588        5405.821584247898        397694.1692403491        226.8803828991842       -9.499994511477004    
    100.5000000000000        5981.667568745344        73.35544663051377        5383.198928882182        395207.9017001765        226.8817145821590       -10.49999365154767    
    101.5000000000000        5532.045750002279        73.18596384466991        5358.428972234737        392491.6440086677        226.8830549085768       -11.49999278603735    
    102.5000000000000        5101.047043383902        73.00139651191269        5331.519724625553        389547.8923767859        226.8844047878570       -12.49999191435882    
    103.5000000000000        4690.689570960753        72.80170472084296        5302.481895093900        386379.5767048327        226.8857651541632       -13.49999103590885    
    104.5000000000000        4302.439456366281        72.58686975140314        5271.330744599080        382990.2640326018        226.8871369691197       -14.49999015006646    
    105.5000000000000        3937.239194120072        72.35687407311399        5238.083023226507        379383.8028704364        226.8885212246859       -15.49998925619113    
    106.5000000000000        3595.582787661480        72.11172746747751        5202.760893560302        375564.7613285870        226.8899189462055       -16.49998835362075    
    107.5000000000000        3277.547111672091        71.85144787565352        5165.388995486746        371538.0853901702        226.8913311956525       -17.49998744166954    
    108.5000000000000        2982.863421530154        71.57607749957748        5125.996783122199        367309.3489203986        226.8927590750962       -18.49998651962589    
    109.5000000000000        2710.973173799005        71.28568144130958        5084.618253232634        362884.7111769771        226.8942037304108       -19.49998558674985    
    110.5000000000000        2461.087750706010        70.98034352492920        5041.291213404512        358270.8184354837        226.8956663552574       -20.49998464227061    
    111.5000000000000        2232.238096747741        70.66016926498141        4996.057669069110        353474.8365401068        226.8971481953689       -21.49998368538380    
    112.5000000000000        2023.314688929333        70.32529638872415        4948.965214890720        348504.5829180500        226.8986505531725       -22.49998271524838    
    113.5000000000000        1833.126556929592        69.97587949546237        4900.064722167756        343368.2607822506        226.9001747927880       -23.49998173098346    
    114.5000000000000        1660.426656896533        69.61210916923507        4849.412956466007        338074.7228115678        226.9017223454443       -24.49998073166490    
    115.5000000000000        1503.951427860424        69.23419223028014        4797.069598299548        332633.1303861671        226.9032947153625       -25.49997971632132    
    116.5000000000000        1362.445772965513        68.84236584488764        4743.099114263922        327053.1345577067        226.9048934861582       -26.49997868393019    
    117.5000000000000        1234.676571403139        68.43688145939169        4687.568271127590        321344.5856947291        226.9065203278251       -27.49997763341308    
    118.5000000000000        1119.457273133384        68.01800633219503        4630.546279111064        315517.5377531564        226.9081770043657       -28.49997656363095    
    119.5000000000000        1015.662906885760        67.58603478070951        4572.106260449388        309582.3881857209        226.9098653821483       -29.49997547337864    
    120.5000000000000        922.2338269050919        67.14128021636802        4512.323965966128        303549.7228158285        226.9115874390767       -30.49997436137890    
    121.5000000000000        838.1807646774213        66.68407663601022        4451.277754122569        297430.2877335300        226.9133452746700       -31.49997322627604    
    122.5000000000000        762.5818337085708        66.21475234501537        4389.044848091329        291234.5879273098        226.9151411211680       -32.49997206662866    
    123.5000000000000        694.5902241760266        65.73365486417512        4325.704606240499        284973.2082005740        226.9169773557883       -33.49997088090166    
    124.5000000000000        633.4313150645169        65.24114499109955        4261.337805836405        278656.7488990815        226.9188565142831       -34.49996966745763    
    125.5000000000000        578.4016790670646        64.73760607924517        4196.027510946838        272295.8745462052        226.9207813059639       -35.49996842454716    
    126.5000000000000        528.8623098178904        64.22342180480962        4129.856046833946        265901.0046890114        226.9227546303869       -36.49996715029783    
    127.5000000000000        484.2363574731764        63.69895461482093        4062.902015875568        259482.0051680532        226.9247795959228       -37.49996584270249    
    128.5000000000000        444.0032818845868        63.16457523217024        3995.244199120779        253048.5775859419        226.9268595404681       -38.49996449960581    
    129.5000000000000        407.6979820770941        62.62067425670329        3926.963061828360        246610.4081803871        226.9289980545946       -39.49996311868918    
    130.5000000000000        374.9027206085120        62.06764104057857        3858.137756099279        240176.8522470418        226.9311990074861       -40.49996169745418    
    131.5000000000000        345.2443246110365        61.50585432876835        3788.844839054269        233756.8058275189        226.9334665760614       -41.49996023320367    
    132.5000000000000        318.3880662022860        60.93567896320439        3719.157788380626        227358.6560607934        226.9358052777589       -42.49995872302056    
    133.5000000000000        294.0378644714823        60.35748791807146        3649.149890378365        220990.5708431590        226.9382200075308       -43.49995716374405    
    134.5000000000000        271.9297011297895        59.77166720980788        3578.894859855967        214660.5610011822        226.9407160796984       -44.49995555194254    
    135.5000000000000        251.8292555860151        59.17861571946830        3508.466486044514        208376.4204371410        226.9432992754328       -45.49995388388292    
    136.5000000000000        233.5285923024638        58.57871971019744        3437.935423378087        202145.4276827092        226.9459758967674       -46.49995215549579    
    137.5000000000000        216.8403169412533        57.97234273021547        3367.367897756838        195974.2282191686        226.9487528282183       -47.49995036233564    
    138.5000000000000        201.5990906284734        57.35986633680108        3296.830878521774        189869.3330616882        226.9516376072985       -48.49994849953522    
    139.5000000000000        187.6568567061085        56.74168416404903        3226.391171936875        183837.0272436236        226.9546385054612       -49.49994656175343    
    140.5000000000000        174.8838901804987        56.11820372410870        3156.115462856982        177883.3633036576        226.9577646213236       -50.49994454311504    
    141.5000000000000        163.1629943088017        55.48980622306936        3086.065637096858        172013.7591966974        226.9610259884031       -51.49994243714104    
    142.5000000000000        152.3905328005866        54.85689972150588        3016.304644192540        166233.4911393088        226.9644337000762       -52.49994023666815    
    143.5000000000000        142.4741429090277        54.21981842328850        2946.885289287894        160546.7662772704        226.9680000550647       -53.49993793375473    
    144.5000000000000        133.3313013982551        53.57899814916837        2877.870124237203        154958.4253087718        226.9717387274950       -54.49993551957090    
    145.5000000000000        124.8891649023332        52.93482827537025        2809.314518105884        149472.4968448393        226.9756649665194       -55.49993298426990    
    146.5000000000000        117.0819516800208        52.28772387886455        2741.274802055987        144092.8957711207        226.9797958316761       -56.49993031683584    
    147.5000000000000        109.8508719981715        51.63808189856208        2673.803147596915        138822.9850852229        226.9841504716859       -57.49992750490375    
    148.5000000000000        103.1433356968483        50.98627886855314        2606.947553664272        133665.6032907290        226.9887504563385       -58.49992453454539    
    149.5000000000000        96.91205700283516        50.33269107015605        2540.754040158934        128623.2534944729        226.9936201736544       -59.49992139001269    
    150.5000000000000        91.11517337903611        49.67771320398956        2475.268633715269        123698.2724212911        226.9987873078101       -60.49991805342903    
    151.5000000000000        85.71533106533690        49.02175672664562        2410.537048698761        118892.8035925431        227.0042834176655       -61.49991450441592    
    152.5000000000000        80.67878734573630        48.36522544830964        2346.602273979866        114208.6259139548        227.0101446414992       -62.49991071963773    
    153.5000000000000        75.97552403464340        47.70852973070581        2283.505727253547        109647.2311904629        227.0164125612917       -63.49990667224360    
    154.5000000000000        71.57827923937083        47.05206887400604        2221.285654630672        105209.7254867294        227.0231352703525       -64.49990233117813    
    155.5000000000000        67.46222255895850        46.39623685868649        2159.977763796555        100896.8909859014        227.0303687023878       -65.49989766032321    
    156.5000000000000        63.60578710656927        45.74141369191602        2099.614317580324        96709.12491343170        227.0381782998862       -66.49989261742034    
    157.5000000000000        59.98832753876152        45.08795591457972        2040.223407112443        92646.40964435866        227.0466411273818       -67.49988715270645    
    158.5000000000000        56.59212466691739        44.43626843463365        1981.835878999206        88708.82513976427        227.0558485744397       -68.49988120716822    
    159.5000000000000        53.40076372402638        43.78668661088517        1924.474053981705        84895.74502150303        227.0659098497229       -69.49987471028581    
    160.5000000000000        50.39979277655819        43.13961239285953        1868.164750486098        81206.78306650702        227.0769565501118       -70.49986757708261    
    161.5000000000000        47.57591359372904        42.49541359270948        1812.929543461181        77641.09354822573        227.0891487116394       -71.49985970421761    
    162.5000000000000        44.91666159036568        41.85447040353835        1758.789470138184        74197.73434435604        227.1026829349432       -72.49985096473863    
    163.5000000000000        42.41146497300566        41.21713111871724        1705.761015012751        70875.40005984802        227.1178034652945       -73.49984120092741    
    164.5000000000000        40.05009762127300        40.58377345828688        1653.861269026836        67672.75757104745        227.1348175614643       -74.49983021437518    
    165.5000000000000        37.82328813339742        39.95474161290728        1603.102866860815        64588.14793336106        227.1541172237808       -75.49981775195165    
    166.5000000000000        35.72279429186647        39.33037539927912        1553.496669868798        61619.77625606338        227.1762105785266       -76.49980348553871    
    167.5000000000000        33.74062728553604        38.71100384296619        1505.050950795835        58765.65073822115        227.2017683258233       -77.49978698203621    
    168.5000000000000        31.86986154198802        38.09697912880327        1457.774179035905        56023.76271542612        227.2316944192951       -78.49976765771980    
    169.5000000000000        30.10363453042681        37.48858405892715        1411.668354258322        53391.73224801414        227.2672371303860       -79.49974470651946    
    170.5000000000000        28.43613122166597        36.88613610519845        1366.736571922435        50867.22634095092        227.3101702508294       -80.49971698300382    
    171.5000000000000        26.86137814386792        36.28994300561077        1322.980192870939        48447.83256984239        227.3631021855423       -81.49968280277344    
    172.5000000000000        25.37443085279016        35.70029023999800        1280.397496971101        46130.96487082716        227.4300322783076       -82.49963958318884    
    173.5000000000000        23.97012509278008        35.11745325332889        1238.985229491702        43913.98904261407        227.5174205578704       -83.49958315251702    
    174.5000000000000        22.64391613487903        34.54169103046243        1198.737778465742        41794.16084389520        227.6364241423495       -84.49950630558216    
    175.5000000000000        21.39144179620637        33.97327860655918        1159.649901699974        39768.79778464640        227.8081142989872       -85.49939543420653    
    176.5000000000000        20.20863022115810        33.41243680025752        1121.711743863971        37835.01514404539        228.0776314537391       -86.49922138396640    
    177.5000000000000        19.09177154138201        32.85935749293034        1084.910774970853        35989.83836949541        228.5622752484276       -87.49890838506299    
    178.5000000000000        18.03736918604174        32.31434137691308        1049.241306151428        34230.69913750638        229.6914780064270       -88.49817893764438    
    179.5000000000000        17.04200853348658        31.77751108882833        1014.685006766981        32554.44015329501        235.2859736445431       -89.49455698392073    
    180.5000000000000        16.10241451847728        31.24904042643026        981.2271534127004        30958.18286349301        38.45020262453784       -89.49454707394239    
    181.5000000000000        15.21572113349836        30.72914480210069        948.8544467203097        29439.12403313952        44.04455084640161       -88.49816893190160    
    182.5000000000000        14.37892816762310        30.21794878559348        917.5483107985812        27994.33381900413        45.17374156336460       -87.49889837153853    
    183.5000000000000        13.58945845616635        29.71554953343422        887.2881391237836        26620.84169575382        45.65838203403899       -86.49921136829482    
    184.5000000000000        12.84477260943461        29.22210621745688        858.0571966019501        25315.94012551048        45.92789782005693       -85.49938541765094    
    185.5000000000000        12.14238531420784        28.73770102223848        829.8339776984780        24076.77659323373        46.09958728366116       -84.49949628857902    
    186.5000000000000        11.48028280280324        28.26243735759858        802.5983562031802        22900.64143230788        46.21859046948905       -83.49957313525653    
    187.5000000000000        10.85592437252148        27.79632807598362        776.3252670343171        21784.69626273546        46.30597849891594       -82.49962956576677    
    188.5000000000000        10.26743591582529        27.33951357069567        750.9971715788382        20726.50924996741        46.37290842450447       -81.49967278524338    
    189.5000000000000        9.712827069124264        26.89194094157904        726.5857779118811        19723.26608151547        46.42584024199442       -80.49970696539812    
    190.5000000000000        9.190276820524144        26.45369388172221        703.0711219468071        18772.59990506023        46.46877327708225       -79.49973468885862    
    191.5000000000000        8.698058517626242        26.02475800638308        680.4280888225807        17872.00363158067        46.50431592410074       -78.49975764001756    
    192.5000000000000        8.234406530915578        25.60514427396094        658.6333933309568        17019.12508258531        46.53424196825418       -77.49977696430211    
    193.5000000000000        7.797797249730067        25.19482587944056        637.6624281375173        16211.64606012774        46.55979967678210       -76.49979346777960    
    194.5000000000000        7.386674201850396        24.79378181238774        617.4914066096732        15447.35672938661        46.58189300050173       -75.49980773417249    
    195.5000000000000        6.999586626509940        24.40197426200361        598.0961776759519        14724.10694278342        46.60119263760298       -74.49982019657975    
    196.5000000000000        6.635209430942004        24.01934136515279        579.4522631472863        14039.81884650397        46.61820671300349       -73.49983118311859    
    197.5000000000000        6.292253750736160        23.64584387362781        561.5367076350386        13392.53551143360        46.63332722604508       -72.49984094691861    
    198.5000000000000        5.969434076885435        23.28138112344087        544.3244605362846        12780.30239418393        46.64686143477145       -71.49984968638819    
    199.5000000000000        5.665640182929401        22.92590884418262        527.7937362457888        12201.34711898912        46.65905358390832       -70.49985755924519    
    200.5000000000000        5.379688527115659        22.57930142020975        511.9197001689533        11653.85869502218        46.67010027367719       -69.49986469244153    
    201.5000000000000        5.110617342942416        22.24149426745611        496.6810464699841        11136.21290331892        46.68016153978945       -68.49987118931801    
    202.5000000000000        4.857345658646500        21.91235176911996        482.0539743298430        10646.76275161433        46.68936897887397       -67.49987713485109    
    203.5000000000000        4.619008792473450        21.59178639416540        468.0175678512804        10184.01795817377        46.69783179939437       -66.49988259956049    
    204.5000000000000        4.394665123548677        21.27965881539438        454.5493276162536        9746.492016230439        46.70564139075615       -65.49988764245940    
    205.5000000000000        4.183529545486143        20.97586146664386        441.6289244677292        9332.826087002712        46.71287481736482       -64.49989231331084    
    206.5000000000000        3.984744902615909        20.68024659534121        429.2349595751683        8941.676598273687        46.71959752160372       -63.49989665437315    
    207.5000000000000        3.797640251791930        20.39269198402772        417.3478552251129        8571.808533618798        46.72586543709301       -62.49990070176450    
    208.5000000000000        3.621463196401714        20.11305681808268        405.9479614646424        8222.031692182922        46.73172665707063       -61.49990448654021    
    209.5000000000000        3.455584737874138        19.84120672396645        395.0165626690193        7891.228894449096        46.73722276345764       -60.49990803555108    
    210.5000000000000        3.299366018006084        19.57699882328995        384.5352857583650        7578.336122334675        46.74238989448283       -59.49991137213272    
    211.5000000000000        3.152251887261347        19.32029253251789        374.4864720083717        7282.349721486628        46.74725960896386       -58.49991451666359    
    212.5000000000000        3.013661133363294        19.07094964378480        364.8532267890156        7002.327433762656        46.75185959104156       -57.49991748702028    
    213.5000000000000        2.883104626700995        18.82881827814786        355.6186940704894        6737.362220906987        46.75621422870588       -56.49992029895085    
    214.5000000000000        2.760079440088120        18.59375655067096        346.7670234827800        6486.610171993450        46.76034509172050       -55.49992296638354    
    215.5000000000000        2.644140747364319        18.36562248146608        338.2829417452626        6249.275350052423        46.76427132878364       -54.49992550168328    
    216.5000000000000        2.534857012460578        18.14427130007429        330.1516058063451        6024.602749769184        46.76800999941406       -53.49992791586593    
    217.5000000000000        2.431828410407331        17.92955871720699        322.3587382089676        5811.881084106843        46.77157635274726       -52.49993021877830    
    218.5000000000000        2.334678848815634        17.72134090700628        314.8905858701166        5610.439152275772        46.77498406289492       -51.49993241925020    
    219.5000000000000        2.243056180469961        17.51947519728009        307.7339322341383        5419.644574580178        46.77824542856571       -50.49993452522329    
    220.5000000000000        2.156634495113793        17.32382318734040        300.8761915184515        5238.904703278060        46.78137154312509       -49.49993654386084    
    221.5000000000000        2.075101949533893        17.13424946052832        294.3053343183846        5067.662788075220        46.78437244008046       -48.49993848164185    
    222.5000000000000        1.998173560396022        16.95062001076273        288.0098139064996        4905.394525858846        46.78725721804012       -47.49994034444154    
    223.5000000000000        1.925571158889791        16.77280345259796        281.9785865117128        4751.607102706405        46.79003414844956       -46.49994213760102    
    224.5000000000000        1.857043753695380        16.60066929544776        276.2010264333673        4605.835461508696        46.79271076881469       -45.49994386598753    
    225.5000000000000        1.792349944784574        16.43409001824811        270.6669946312966        4467.643250606033        46.79529396364567       -44.49994553404656    
    226.5000000000000        1.731265651095249        16.27294001025655        265.3667604287519        4336.618976913914        46.79779003497026       -43.49994714584752    
    227.5000000000000        1.673582658094459        16.11709930341873        260.2911381862871        4212.379133688560        46.80020476395461       -42.49994870512353    
    228.5000000000000        1.619103469345089        15.96644767845097        255.4312436427122        4094.560214815927        46.80254346491564       -41.49995021530618    
    229.5000000000000        1.567644903747675        15.82087039656977        250.7786865629088        3982.823084389905        46.80481103280162       -40.49995167955625    
    230.5000000000000        1.519033931315688        15.68025425642270        246.3254150239485        3876.847925927942        46.80701198504718       -39.49995310079081    
    231.5000000000000        1.473110228800546        15.54448948212443        242.0637620323318        3776.334554903034        46.80915049856814       -38.49995448170703    
    232.5000000000000        1.429724333282592        15.41347073933321        237.9864691780961        3681.002341900182        46.81123044254506       -37.49995582480340    
    233.5000000000000        1.388734589641634        15.28709483270480        234.0865890748566        3590.586873137464        46.81325540754737       -36.49995713239835    
    234.5000000000000        1.350009983924542        15.16526162550360        230.3575062747305        3504.839900721980        46.81522873146893       -35.49995840664734    
    235.5000000000000        1.313427874560111        15.04787507622103        226.7929566748410        3423.529146246943        46.81715352267836       -34.49995964955756    
    236.5000000000000        1.278873082265888        14.93484243712328        223.3869865609459        3346.436652175821        46.81903268072991       -33.49996086300127    
    237.5000000000000        1.246238291363247        14.82607340371309        220.1339167534101        3273.357451582265        46.82086891493317       -32.49996204872799    
    238.5000000000000        1.215423915678076        14.72148111491198        217.0283614810061        3204.099468722821        46.82266476103871       -31.49996320837516    
    239.5000000000000        1.186336084707150        14.62098174703049        214.0652054180199        3138.482510757765        46.82442259626262       -30.49996434347776    
    240.5000000000000        1.158887562814578        14.52449481902303        211.2396019342553        3076.337764299086        46.82614465284330       -29.49996545547723    
    241.5000000000000        1.132996738336752        14.43194273070926        208.5469492291820        3017.506833490419        46.82783303029871       -28.49996654572939    
    242.5000000000000        1.108588239686069        14.34325214534966        205.9829229116143        2961.842094431001        46.82948970653120       -27.49996761551130    
    243.5000000000000        1.085591520712117        14.25835237983922        203.5434187239871        2909.205042088929        46.83111654790817       -26.49996866602820    
    244.5000000000000        1.063939823411684        14.17717503705811        201.2245337366743        2859.465547299323        46.83271531843123       -25.49996969841920    
    245.5000000000000        1.043571396696393        14.09965410840423        199.0225622383120        2812.501473553356        46.83428768809299       -24.49997071376259    
    246.5000000000000        1.024428438257318        14.02572658221328        196.9340057581487        2768.198602218607        46.83583524050836       -23.49997171308098    
    247.5000000000000        1.006457015368103        13.95533232412757        194.9555632643135        2726.450167914983        46.83735947989757       -22.49997269734578    
    248.5000000000000       0.9896074845974328        13.88841560180758        193.0841697856839        2687.157476681842        46.83886183748888       -21.49997366748105    
    249.5000000000000       0.9738337151734893        13.82492213991926        191.3169035331895        2650.227628962756        46.84034367740145       -20.49997462436772    
    250.5000000000000       0.9590926535129460        13.76480141490699        189.6510478067147        2615.574685537665        46.84180630206190       -19.49997556884686    
    251.5000000000000       0.9453441090525690        13.70800441405761        188.0840202764070        2583.117928243994        46.84325095720259       -18.49997650172278    
    252.5000000000000       0.9325507536304077        13.65448409942443        186.6133828414528        2552.781932336761        46.84467883648402       -17.49997742376632    
    253.5000000000000       0.9206797726185453        13.60419770159209        185.2369016690123        2524.497675084254        46.84609108578001       -16.49997833571745    
    254.5000000000000       0.9097001720605595        13.55710478104446        183.9524875013470        2498.201108785779        46.84748880715946       -15.49997923828773    
    255.5000000000000       0.8995830913953965        13.51316759310106        182.7582026271009        2473.833187819960        46.84887306259597       -14.49998013216296    
    256.5000000000000       0.8903024818581363        13.47235060319301        181.6522430995196        2451.339358717649        46.85024487743289       -13.49998101800530    
    257.5000000000000       0.8818357161965446        13.43462287521685        180.6330032241424        2430.670826891083        46.85160524362925       -12.49998189645519    
    258.5000000000000       0.8741606845163375        13.39995369936377        179.6989478456839        2411.781721211675        46.85295512280916       -11.49998276813363    
    259.5000000000000       0.8672574111431906        13.36831416404392        178.8486546982502        2394.629918157021        46.85429544913573       -10.49998363364392    
    260.5000000000000       0.8611091782039201        13.33967975306152        178.0808853661352        2379.178468598596        46.85562713202850       -9.499984493573189    
    261.5000000000000       0.8557004491591970        13.31402829596414        177.3945253966019        2365.394262179617        46.85695105874180       -8.499985348494432    
    262.5000000000000       0.8510165615418764        13.29133855043882        176.7885416292094        2353.247044289200        46.85826809682018       -7.499986198967904    
    263.5000000000000       0.8470456650996979        13.27159412932281        176.2620914544775        2342.711681508340        46.85957909644593       -6.499987045542510    
    264.5000000000000       0.8437765109379312        13.25477791880990        175.8143640537005        2333.764753555920        46.86088489269239       -5.499987888757539    
    265.5000000000000       0.8412007515523115        13.24087694176792        175.4447161452670        2326.387386089740        46.86218630769625       -4.499988729143933    
    266.5000000000000       0.8393111114711020        13.22987991725271        175.1526012403750        2320.563700833545        46.86348415276085       -3.499989567225490    
    267.5000000000000       0.8381036038974655        13.22177897794947        174.9376182106367        2316.281837386618        46.86477923040253       -2.499990403520477    
    268.5000000000000       0.8375743945575662        13.21656646846207        174.7994195702533        2313.531974238602        46.86607233635045       -1.499991238542790    
    269.5000000000000       0.8377206930351624        13.21423754720512        174.7377840331700        2312.307843389248        46.86736426151128      -0.4999920728030513    
    270.5000000000000       0.8385439117228811        13.21479179494822        174.7526624810357        2312.607712665253        46.86865579390867       0.5000070931898220    
    271.5000000000000       0.8400461870131764        13.21822977642890        174.8440799963635        2314.432288864259        46.86994772060763        1.500006258927531    
    272.5000000000000       0.8422303080550357        13.22455286536614        175.0121312331404        2317.784626689029        46.87124082963416        2.500005423901309    
    273.5000000000000       0.8451021141161453        13.23376719453183        175.2570918299414        2322.672490362217        46.87253591189963        3.500004587600372    
    274.5000000000000       0.8486692666855360        13.24588007830967        175.5793185645058        2329.106265089657        46.87383376314034        4.500003749510819    
    275.5000000000000       0.8529402448609511        13.26090132439314        175.9792861352406        2337.099738074900        46.87513518588209        5.500002909114521    
    276.5000000000000       0.8579258238235466        13.27884284041084        176.4575773222620        2346.669923566130        46.87644099144022        6.500002065887512    
    277.5000000000000       0.8636397816093552        13.29971904414397        177.0148959734158        2357.837377970513        46.87775200196585        7.500001219298834    
    278.5000000000000       0.8700963171968180        13.32354652465320        177.6520575029542        2370.626011921824        46.87906905254930        8.500000368809324    
    279.5000000000000       0.8773125261784795        13.35034447083726        178.3700039192025        2385.063484658589        46.88039299339245        9.499999513869906    
    280.5000000000000       0.8853081807001606        13.38013445679099        179.1697990039150        2401.181144322185        46.88172469206216        10.49999865392029    
    281.5000000000000       0.8941042005875609        13.41293956591769        180.0526052994866        2419.013596297622        46.88306503583780        11.49999778838761    
    282.5000000000000       0.9037250441960854        13.44878579839365        181.0197260334548        2438.599659998617        46.88441493416684        12.49999691668453    
    283.5000000000000       0.9141957808790679        13.48770134492530        182.0725865599563        2459.982043274656        46.88577532124330        13.49999603820772    
    284.5000000000000       0.9255456933969366        13.52971767258051        183.2127684536909        2483.208166139586        46.88714715872532        14.49999515233631    
    285.5000000000000       0.9378048114676647        13.57486813526440        184.4419721843171        2508.329443036741        46.88853143860915        15.49999425842963    
    286.5000000000000       0.9510071987802407        13.62318907507073        185.7620523635045        2535.402154883593        46.88992918627886        16.49999335582548    
    287.5000000000000       0.9651889698282107        13.67471857581467        187.1749853819886        2564.486864200600        46.89134146375226        17.49999244383816    
    288.5000000000000       0.9803893887987169        13.72949855153131        188.6829334225197        2595.649927521159        46.89276937314627        18.49999152175588    
    289.5000000000000       0.9966495777320446        13.78757248927290        190.2881817624984        2628.962239286528        46.89421406038662        19.49999058883862    
    290.5000000000000        1.014016005143908        13.84898768515846        191.9932094349073        2664.500949944956        46.89567671919006        20.49998964431562    
    291.5000000000000        1.032537654411321        13.91379368536307        193.8006484427903        2702.348735147950        46.89715859534952        21.49998868738232    
    292.5000000000000        1.052266801473387        13.98204276609848        195.7133020486074        2742.594357678839        46.89866099135698        22.49998771719759    
    293.5000000000000        1.073261080542115        14.05379058610747        197.7341701487691        2785.333435777627        46.90018527140198        23.49998673288056    
    294.5000000000000        1.095582676712431        14.12909492300486        199.8664180417375        2830.667966547067        46.90173286678861        24.49998573350690    
    295.5000000000000        1.119298570079508        14.20801619206641        202.1133971905924        2878.706997792749        46.90330528181859        25.49998471810513    
    296.5000000000000        1.144479673370699        14.29061889769385        204.4786942467380        2929.567953437849        46.90490410019449        26.49998368565264    
    297.5000000000000        1.171203493641070        14.37696953407179        206.9660780361048        2983.375767357843        46.90653099200324        27.49998263507089    
    298.5000000000000        1.199553746865387        14.46713789572647        209.5795438262480        3040.264117187233        46.90818772134786        28.49998156522063    
    299.5000000000000        1.229618787134145        14.56119711981230        212.3233230089502        3100.375965355114        46.90987615470478        29.49998047489664    
    300.5000000000000        1.261493591770527        14.65922273337554        215.2018641618999        3163.863499413164        46.91159827009373        30.49997936282153    
    301.5000000000000        1.295280422262824        14.76129401882909        218.2198816948947        3230.889570761120        46.91335616715893        31.49997822763939    
    302.5000000000000        1.331089902394483        14.86749186175393        221.3823017864949        3301.626897240432        46.91515207827470        32.49997706790866    
    303.5000000000000        1.369037773065202        14.97790120582750        224.6943444706650        3376.260313317465        46.91698838080364        33.49997588209413    
    304.5000000000000        1.409249762670662        15.09261037528071        228.1615141574511        3454.987031398588        46.91886761065420        34.49997466855808    
    305.5000000000000        1.451860131385030        15.21171118587832        231.7896145056255        3538.017489957075        46.92079247730631        35.49997342555092    
    306.5000000000000        1.497014179038710        15.33529840006538        235.5847446858701        3625.575840691686        46.92276588049817        36.49997215120004    
    307.5000000000000        1.544864892765609        15.46347061970261        239.5533368194060        3717.901338280786        46.92479092879714        37.49997084349796    
    308.5000000000000        1.595578149684142        15.59633035690677        243.7021765660940        3815.249581831968        46.92687096031217        38.49996950028915    
    309.5000000000000        1.649331753437572        15.73398283249356        248.0383747954418        3917.892422374692        46.92900956584558        39.49996811925468    
    310.5000000000000        1.706316081751765        15.87653843907244        252.5694626482169        4026.121015011806        46.93121061483050        40.49996669789576    
    311.5000000000000        1.766735669688859        16.02411023823836        257.3033288058604        4140.245158018264        46.93347828445696        41.49996523351496    
    312.5000000000000        1.830809959263080        16.17681586035535        262.2482928130087        4260.595810300735        46.93581709245771        42.49996372319483    
    313.5000000000000        1.898777587126751        16.33477600874638        267.4130819505385        4387.525670463265        46.93823193410562        43.49996216377406    
    314.5000000000000        1.970895732975342        16.49811420999365        272.8068318313680        4521.409946389967        46.94072812407158        44.49996055182069    
    315.5000000000000        2.047439679612458        16.66695646302217        278.4390967940574        4662.647757634702        46.94331144390840        45.49995888360111    
    316.5000000000000        2.128711832925660        16.84143349485052        284.3199532219204        4811.666126543169        46.94598819606687        46.49995715504530    
    317.5000000000000        2.215031476726541        17.02167525516167        290.4598069063538        4968.915522847325        46.94876526552089        47.49995536170725    
    318.5000000000000        2.306746746836446        17.20781831509566        296.8697033503801        5134.880231300116        46.95165019028574        48.49995349871907    
    319.5000000000000        2.404221632245591        17.39998946083423        303.5607060601570        5310.061314713709        46.95465124236748        49.49995156073885    
    320.5000000000000        2.507867001532930        17.59834125924840        310.5452858263168        5495.018288396310        46.95777752099274        50.49994954189066    
    321.5000000000000        2.618086125322137        17.80299413940073        317.8351176913502        5690.306832747434        46.96103906035254        51.49994743569466    
    322.5000000000000        2.735362338481694        18.01411218239650        325.4440197061640        5896.565567134679        46.96444695456985        52.49994523498648    
    323.5000000000000        2.860162826218416        18.23181867670687        333.3847211082521        6114.423922734692        46.96801350319515        53.49994293182351    
    324.5000000000000        2.993042713136074        18.45627367897058        341.6719010174299        6344.592977409383        46.97175238127792        54.49994051737470    
    325.5000000000000        3.134531768301705        18.68759871180476        350.3191986850723        6587.777152744929        46.97567883900152        55.49993798179185    
    326.5000000000000        3.285301827847115        18.92598960060393        359.3438474046723        6844.818963218457        46.97980993705918        56.49993531405768    
    327.5000000000000        3.445889501734586        19.17150953282945        368.7582082708420        7116.439237837172        46.98416482546974        57.49993250180556    
    328.5000000000000        3.617133262492581        19.42440400600309        378.5827302202713        7403.640705519834        46.98876507548699        58.49992953110529    
    329.5000000000000        3.799645280979381        19.68473034000237        388.8306862861398        7707.235547451237        46.99363507678844        59.49992638620672    
    330.5000000000000        3.994320689626433        19.95270049257557        399.5224519411347        8028.295299149397        46.99880251543370        60.49992304923086    
    331.5000000000000        4.202006078798536        20.22842608439639        410.6748078069117        8367.814717861449        47.00429895243109        61.49991949979633    
    332.5000000000000        4.423613282405944        20.51204994049107        422.3065510958712        8726.893801845332        47.01016052852198        62.49991571456443    
    333.5000000000000        4.660142331429868        20.80373249771311        434.4379514794709        9106.723836960804        47.01642882852298        63.49991166668068    
    334.5000000000000        4.912655989544210        21.10356976692115        447.0871089814316        9508.467919775947        47.02315194902626        64.49990732508537    
    335.5000000000000        5.182325780654547        21.41175159983561        460.2770517793442        9933.502675631851        47.03038582755938        65.49990265365552    
    336.5000000000000        5.470300954994396        21.72834252840920        474.0259136169951        10383.08959976663        47.03819591108489        66.49989761012694    
    337.5000000000000        5.777995227113725        22.05352403646550        488.3578555627806        10858.74823845143        47.04665926941009        67.49989214472970    
    338.5000000000000        6.106715162186511        22.38737760840726        503.2932516803621        11361.92459722756        47.05586729835794        68.49988619844251    
    339.5000000000000        6.457999608115620        22.73001530524440        518.8545819927122        11894.19450981801        47.06592921407542        69.49987970073599    
    340.5000000000000        6.833541111578125        23.08155717202206        535.0655258009294        12457.23950061153        47.07697662246885        70.49987256662175    
    341.5000000000000        7.234904308350180        23.44209336575542        551.9490640580707        13052.77891869075        47.08916957055677        71.49986469274491    
    342.5000000000000        7.664036597989631        23.81172086984580        569.5292656327416        13682.63844821805        47.10270467248434        72.49985595213587    
    343.5000000000000        8.122900921452036        24.19050905854987        587.8296381736736        14348.69382141593        47.11782619032036        73.49984618705486    
    344.5000000000000        8.613648851940351        24.57856179630687        606.8760960977180        15052.98152599282        47.13484140398881        74.49983519906601    
    345.5000000000000        9.138575798635161        24.97592316442196        626.6924130419613        15797.53673556259        47.15414234083593        75.49982273500453    
    346.5000000000000        9.700032207056166        25.38267499976432        647.3048815780689        16584.56455045780        47.17623716221048        76.49980846670736    
    347.5000000000000        10.30075223013985        25.79887079714119        668.7391103368615        17416.32664639865        47.20179661458642        77.49979196101515    
    348.5000000000000        10.94352151043566        26.22451987157182        691.0189702427045        18295.09446716335        47.23172471416243        78.49977263412367    
    349.5000000000000        11.63131097749979        26.65966975796040        714.1711439018775        19223.34222888434        47.26726981895573        79.49974967985234    
    350.5000000000000        12.36744269224455        27.10433242462050        738.2207987046565        20203.56062356281        47.31020584399378        80.49972195261269    
    351.5000000000000        13.15526846579079        27.55846827494931        763.1909362785797        21238.24195727656        47.36314137598445        81.49968776777374    
    352.5000000000000        13.99864181713863        28.02210277496135        789.1085905789275        22330.13243299816        47.43007603834923        82.49964454234075    
    353.5000000000000        14.90166557398573        28.49516763839144        815.9960138896290        23481.86597274034        47.51747031336983        83.49958810400528    
    354.5000000000000        15.86873198667300        28.97765245947951        843.8791800004690        24696.32795983206        47.63648210660298        84.49951124659512    
    355.5000000000000        16.90442132255121        29.46945525657996        872.7788392165359        25976.25366035262        47.80818418303758        85.49940036004378    
    356.5000000000000        18.01390511611339        29.97051847895625        902.7188861113051        27324.61922878448        48.07772020997891        86.49922628585956    
    357.5000000000000        19.20250248838846        30.48073345547617        933.7199720691991        28744.32564033580        48.56239838756805        87.49891324358232    
    358.5000000000000        20.47645289065256        30.99997545228277        965.8020822417368        30238.33965780853        49.69168331960048        88.49818369368566    
    359.5000000000000        21.84156657172068        31.52809387053543        998.9832324632081        31809.60040251693        55.28662348141457        89.49456120557082    
