 # author: MA Kubiak / Space Research Center PAS Warsaw Poland, contact: mkubiak@cbk.waw.pl                          
 # code version Program.keplerV_ellipt_V2      , Dates: calkV:21/04/2026  ; part_pr:21/04/2026                       
 # czas no T v_mas, kier.naplywu(dl, szer) macierz obrotu (ecl to helio), r, theta, phi(ecl,spher), V_detector(ecl,cart), IBEX_energy_channel
 #     2026.208062000000        0.8088930000000000E-03     9480.000000000000        -11.28000000301609         251.5700000000000         11.95000000000000        0.2459841265748581        0.9692738567985851         0.000000000000000       -0.9615244635393438        0.2440174711049008        0.1261989691358298        0.1223213615382913       -0.3104294319752456E-01    0.9920049496797150        0.9849090000000000         176.9187160000000        0.4487900000000000E-01    -2.040999999999999        -29.62400000000000        0.1000000000000000E-02 00
 # routs_end= 150.00;    Maxwellian,    elliptOrb=Off                                                                                        
 # Numerical parameters: GridKl=10  GridKf=09  GridKV=05  epsV= 0.0000100  epssJon=.0010000                                                  
 # Numerical parameters: GridKl=10  GridKf=09  GridKV=05  epsV= 0.0000100  epssJon=.0010000; tessel128                                                                                                                                                                                                                                                                                                                                                                                                                                                                 
# Axis to the Sun: alpha_ecl= 352.9460000000000000 delta_Ecl= 0.0770000000000000 delta_Ax= 90.0000000000000000  repoint= 00188
 #  flag_atom: He                                                   
 #  flag_general:                                                   
 #                                                                  
 #                                                                  
  # Ly_a_Profil: zero                                               
  # flag_Itot: zero                                                 
 #  v_SW_Eqtr: speed3D.hybrid2026c_patched.dat                      
 #  n_SW_Eqtr: density3D.hybrid2026c_patched.dat                    
 #  phot_Eqtr: 0.8500000  phion_Helium_T12F107_pat_2026c.dat        
 #  sigma_SW: p+He->H +He+, He + alpha (2 chnls);src:simuLosses.nb  
 #  flag_el:slow  swEqtrElectrons5.2026c.patched.dat                
 #  SW_lati: interpolation                                          
 #  phot_lati: analit pole-flattened after Pryor & Auchere          
 #
 #
 #
 #Spin  flux speed	speed^2 speed^3    long_ecl lat_ecl
   0.5000000000000000        2.957287593005243        31.56463786558464        1001.088924407484        31900.06649853663        254.1914511382606        89.49410338653534    
    1.500000000000000        3.141481022635538        32.10081716830368        1035.375240111691        33552.15879740313        260.0080696761902        88.49802291334274    
    2.500000000000000        3.337715890374850        32.64521706903032        1070.771788331936        35286.36257272201        261.1829697287117        87.49881272881055    
    3.500000000000000        3.546589082796331        33.19757095620032        1107.287360674937        37105.33730133287        261.6872665152734        86.49915165143365    
    4.500000000000000        3.769138283338778        33.75761115062648        1144.929718124576        39011.72804234522        261.9677200405596        85.49934012074276    
    5.500000000000000        4.006209191499313        34.32518346243838        1183.713786528815        41008.60098824029        262.1463789908357        84.49946017819506    
    6.500000000000000        4.258671031181774        34.90003387639234        1223.647162727479        43098.70338948115        262.2702135975962        83.49954339253425    
    7.500000000000000        4.527680531950057        35.48189251178945        1264.735426694033        45284.71345293745        262.3611497799628        82.49960449911043    
    8.500000000000000        4.814371178071557        36.07056242512572        1306.988682651886        47569.59873313890        262.4307973440021        81.49965129998706    
    9.500000000000000        5.120042399931765        36.66584771619764        1350.416623899805        49956.36521176327        262.4858784835248        80.49968831251866    
    10.50000000000000        5.446154575149476        37.26747214846762        1395.021870091704        52447.64187479978        262.5305548698158        79.49971833332425    
    11.50000000000000        5.794172195603154        37.87518091653997        1440.807685904085        55046.12070418137        262.5675407900031        78.49974318636657    
    12.50000000000000        6.165811415493517        38.48868046088407        1487.772892625733        57754.23281929090        262.5986820442675        77.49976411198610    
    13.50000000000000        6.562896932937993        39.10764412605363        1535.912752482659        60574.21874693583        262.6252775815046        76.49978198304444    
    14.50000000000000        6.987471337798146        39.73171519432306        1585.218597098987        63508.06778807640        262.6482680557762        75.49979743163455    
    15.50000000000000        7.441729180107583        40.36053411791222        1635.679815131105        66557.62031573152        262.6683513985337        74.49981092674464    
    16.50000000000000        7.928061940148851        40.99369529167603        1687.280674837824        69724.38587690562        262.6860563672619        73.49982282368221    
    17.50000000000000        8.449208374039028        41.63086361555973        1740.009806158778        73010.12275808337        262.7017908788585        72.49983339655307    
    18.50000000000000        9.008132292421301        42.27169597231445        1793.853458881259        76416.39114547661        262.7158746681064        71.49984286020724    
    19.50000000000000        9.608001566816545        42.91581872347663        1848.793433459017        79944.40458744214        262.7285618978342        70.49985138543258    
    20.50000000000000        10.25247726586495        43.56283345771714        1904.807445793575        83595.03642871791        262.7400571517409        69.49985910970128    
    21.50000000000000        10.94540057986304        44.21238289885820        1961.875094318939        87369.21709074719        262.7505269642743        68.49986614491792    
    22.50000000000000        11.69126149176950        44.86407961856231        2019.971305130565        91267.47401811206        262.7601082759850        67.49987258310094    
    23.50000000000000        12.49507486190791        45.51760102591563        2079.075317996766        95290.56313536588        262.7689147301406        66.49987850061395    
    24.50000000000000        13.36236841110324        46.17256043900488        2139.158536813291        99438.59810419210        262.7770414273639        65.49988396136052    
    25.50000000000000        14.29933549377113        46.82859312492183        2200.192247872212        103711.5595703266        262.7845685615707        64.49988901922765    
    26.50000000000000        15.31284427446970        47.48527555657598        2262.140339850753        108108.7936395273        262.7915642327060        63.49989371997549    
    27.50000000000000        16.41068319013577        48.14222079708971        2324.968084781297        112629.6110074302        262.7980866458166        62.49989810271534    
    28.50000000000000        17.60150322346287        48.79906223697468        2388.640963071131        117273.2221183954        262.8041858471793        61.49990220107613    
    29.50000000000000        18.89497325561721        49.45541147509499        2453.120379379752        122038.3986518769        262.8099051073376        60.49990604413374    
    30.50000000000000        20.30203310521060        50.11086629028844        2518.364058238726        126923.4632966974        262.8152820320794        59.49990965715759    
    31.50000000000000        21.83495870191283        50.76502550053009        2584.327934223304        131926.4523390936        262.8203494618155        58.49991306221501    
    32.50000000000000        23.50762091079963        51.41750233772993        2650.967463021992        137045.2061273882        262.8251362049317        57.49991627866385    
    33.50000000000000        25.33568535725121        52.06793503206470        2718.238749314124        142277.4481640192        262.8296676398076        56.49991932355734    
    34.50000000000000        27.33652133956637        52.71590685656363        2786.089941859710        147620.0786062251        262.8339662121498        55.49992221197792    
    35.50000000000000        29.52994617237533        53.36102382905886        2854.469559923983        153069.8342477330        262.8380518482807        54.49992495731520    
    36.50000000000000        31.93810817383063        54.00289405829749        2923.324573621650        158623.1520135760        262.8419423005016        53.49992757149789    
    37.50000000000000        34.58629637069151        54.64113319128428        2992.600910060252        164276.1924760349        262.8456534372110        52.49993006518884    
    38.50000000000000        37.50274402981069        55.27534377132105        3062.241019649806        170024.6148794580        262.8491994878220        51.49993244794957    
    39.50000000000000        40.71941922558855        55.90509289384671        3132.181277286242        175863.3422241801        262.8525932504892        50.49993472837982    
    40.50000000000000        44.27215656449415        56.52998829978239        3202.360912482768        181787.3404962422        262.8558462690746        49.49993691423656    
    41.50000000000000        48.20143854136271        57.14961431737431        3272.714646448685        187790.9735589796        262.8589689845411        48.49993901253560    
    42.50000000000000        52.55249746244218        57.76353032242826        3343.172113046854        193867.9083835397        262.8619708649857        47.49994102963909    
    43.50000000000000        57.37633412228094        58.37130481369529        3413.662045265098        200011.4917914907        262.8648605177511        46.49994297133075    
    44.50000000000000        62.72962955560144        58.97249471236172        3484.110103591353        206214.5760695020        262.8676457864344        45.49994484288111    
    45.50000000000000        68.67593952908719        59.56667577387513        3554.442389247351        212469.8163238571        262.8703338351189        44.49994664910408    
    46.50000000000000        75.28542095441779        60.15336311758304        3624.575676602902        218768.7584592876        262.8729312217497        43.49994839440633    
    47.50000000000000        82.63585165112210        60.73207340055594        3694.424896299997        225102.5095610587        262.8754439622579        42.49995008283024    
    48.50000000000000        90.81311969130832        61.30232941142084        3763.904001729077        231461.8397706204        262.8778775867663        41.49995171809181    
    49.50000000000000        99.91129617968640        61.86367584841814        3832.928210929276        237837.4130572915        262.8802371889974        40.49995330361377    
    50.50000000000000        110.0322672277432        62.41562790886231        3901.407148794058        244219.0944312740        262.8825274698293        39.49995484255491    
    51.50000000000000        121.2860225173066        62.95768416707631        3969.246575968899        250596.1185109121        262.8847527757918        38.49995633783585    
    52.50000000000000        133.7898219787225        63.48933943125213        4036.350184675086        256957.2715016307        262.8869171331820        37.49995779216210    
    53.50000000000000        147.6686766692520        64.01012834367455        4102.625433822575        263291.4734037972        262.8890242783710        36.49995920804429    
    54.50000000000000        163.0525075666276        64.51960952133000        4167.981933889544        269587.6628049950        262.8910776847924        35.49996058781643    
    55.50000000000000        180.0749544917561        65.01733265683150        4232.326776343189        275834.2966279892        262.8930805870332        34.49996193365200    
    56.50000000000000        198.8703352794212        65.50284538781725        4295.565704998031        282019.4903519253        262.8950360023851        33.49996324757845    
    57.50000000000000        219.5715983241878        65.97573063613116        4357.608318578241        288131.5608465704        262.8969467501693        32.49996453149026    
    58.50000000000000        242.3057906140712        66.43561039634287        4418.368810143628        294159.1236620994        262.8988154690987        31.49996578716048    
    59.50000000000000        267.1884426372313        66.88212338481237        4477.763247166193        300090.8480827612        262.9006446329132        30.49996701625136    
    60.50000000000000        294.3213371121076        67.31495955180185        4535.714416289951        305915.9698687436        262.9024365644868        29.49996822032375    
    61.50000000000000        323.7815731035558        67.73383598770924        4592.149063026188        311624.0646481445        262.9041934485826        28.49996940084572    
    62.50000000000000        355.6206241928728        68.13852440461436        4647.001394274559        317205.3835638070        262.9059173434089        27.49997055920025    
    63.50000000000000        389.8520969724036        68.52881320007855        4700.208350250611        322650.4188902541        262.9076101911085        26.49997169669238    
    64.50000000000000        426.4486865773932        68.90452920257962        4751.712685546285        327950.2366122155        262.9092738273009        25.49997281455556    
    65.50000000000000        465.3313823106643        69.26552927468622        4801.462081255158        333096.4175951361        262.9109099897782        24.49997391395747    
    66.50000000000000        506.3651113550897        69.61169631055566        4849.408675835468        338081.0229845444        262.9125203264463        23.49997499600544    
    67.50000000000000        549.3514077069850        69.94292591174280        4895.507323726040        342896.4296759470        262.9141064025911        22.49997606175127    
    68.50000000000000        594.0262558709700        70.25915409248722        4939.719632845093        347535.7771791899        262.9156697075419        21.49997711219567    
    69.50000000000000        640.0556206083749        70.56033001903030        4982.010282305196        351992.6009289909        262.9172116607926        20.49997814829251    
    70.50000000000000        687.0337895629617        70.84644449341825        5022.351095977347        356261.2751967720        262.9187336176385        19.49997917095246    
    71.50000000000000        734.4888714394560        71.11748409098631        5060.714651733822        360336.3506024439        262.9202368743771        18.49998018104655    
    72.50000000000000        781.8821985838666        71.37346964125656        5097.079706718875        364213.1336152622        262.9217226731189        17.49998117940942    
    73.50000000000000        828.6217760127589        71.61441450955272        5131.425361323340        367887.0794107976        262.9231922062457        16.49998216684229    
    74.50000000000000        874.0676625979680        71.84035774771689        5163.735785775006        371354.3026877868        262.9246466205549        15.49998314411573    
    75.50000000000000        917.5510018376449        72.05134078613978        5193.996887365115        374611.2248101232        262.9260870211189        14.49998411197230    
    76.50000000000000        958.3878151424269        72.24740849133659        5222.196473153699        377654.5971749008        262.9275144748913        13.49998507112893    
    77.50000000000000        995.8967007487656        72.42862465756225        5248.326466899935        380481.7432226924        262.9289300140846        12.49998602227920    
    78.50000000000000        1029.427312577774        72.59502524566552        5272.376161482060        383089.8317998014        262.9303346393432        11.49998696609548    
    79.50000000000000        1058.367882362259        72.74667658157507        5294.340586488901        385476.7833040920        262.9317293227340        10.49998790323097    
    80.50000000000000        1082.177204445664        72.88361538288960        5314.211832047331        387640.3311958179        262.9331150105742        9.499988834321504    
    81.50000000000000        1100.398787517904        73.00587801120901        5331.983253440675        389578.4782335794        262.9344926261145        8.499989759987470    
    82.50000000000000        1112.672728907701        73.11350441090710        5347.650030531850        391289.5587463456        262.9358630720935        7.499990680835457    
    83.50000000000000        1118.763980258980        73.20650272020723        5361.203982317572        392771.6708142483        262.9372272331813        6.499991597459889    
    84.50000000000000        1118.551100655170        73.28489319847920        5372.639963990840        394023.3772567505        262.9385859783237        5.499992510444654    
    85.50000000000000        1112.044067301304        73.34867192234313        5381.950563309721        395043.1260029831        262.9399401630029        4.499993420364594    
    86.50000000000000        1099.385537116068        73.39782129432854        5389.127605841239        395829.4133674423        262.9412906314261        3.499994327786935    
    87.50000000000000        1080.832810609612        73.43232875090959        5394.164942647580        396381.0967891684        262.9426382186543        2.499995233272795    
    88.50000000000000        1056.761940822374        73.45215855070248        5397.054267413109        396696.9304821636        262.9439837526846        1.499996137378548    
    89.50000000000000        1027.644530017693        73.45726879078867        5397.787621795455        396775.8428179572        262.9453280564928       0.4999970406571508    
    90.50000000000000        991.7672338836161        73.44754787173568        5396.348151070463        396615.9280356215        262.9466719500529      -0.5000020563404176    
    91.50000000000000        956.5423245226500        73.42316056453382        5392.760766093307        396220.0094511828        262.9480162523389       -1.500001153063850    
    92.50000000000000        915.8342052137527        73.38383572981357        5386.987864941494        395584.1879805838        262.9493617833224       -2.500000248962211    
    93.50000000000000        872.5831961111913        73.32960613563311        5379.037680420432        394709.7440160657        262.9507093659748       -3.499999343482508    
    94.50000000000000        827.4707069732394        73.26041525398009        5368.906714753371        393596.8150790232        262.9520598282860       -4.499998436068378    
    95.50000000000000        781.1567020606079        73.17621402635766        5356.593916038320        392245.9526321525        262.9534140053078       -5.499997526158757    
    96.50000000000000        734.2660794821860        73.07695933891020        5342.100471661924        390658.0999167716        262.9547727412355       -6.499996613186393    
    97.50000000000000        687.3792006711130        72.96260033774729        5325.427819509722        388834.3733486633        262.9561368915371       -7.499995696576473    
    98.50000000000000        641.0176872606035        72.83310738137524        5306.581930414678        386776.5359250074        262.9575073251419       -8.499994775745138    
    99.50000000000000        595.6382690608950        72.68845896623885        5285.571358185482        384486.7766380775        262.9588849267004       -9.499993850097988    
    100.5000000000000        551.6318730597407        72.52864231909246        5262.407354784013        381967.7236520330        262.9602705989296       -10.49999291902846    
    101.5000000000000        509.3171778293359        72.35365195895434        5237.103589378905        379222.4025528802        262.9616652650554       -11.49999198191620    
    102.5000000000000        468.9419669132751        72.16349140933460        5209.676392650176        376254.2593366835        262.9630698713676       -12.49999103812542    
    103.5000000000000        430.6914790873785        71.95816479383224        5180.143457974634        373067.0065089585        262.9644853899027       -13.49999008700295    
    104.5000000000000        394.6881380215048        71.73769918033305        5148.527143120487        369664.9858093936        262.9659128212717       -14.49998912787646    
    105.5000000000000        361.0024770083520        71.50215270601927        5114.855651770013        366053.2934429626        262.9673531976504       -15.49998816005245    
    106.5000000000000        329.6582931762990        71.25161592401142        5079.163134682961        362237.7765843915        262.9688075859525       -16.49998718281401    
    107.5000000000000        300.6370119891046        70.98620790708917        5041.489030234296        358224.9470566863        262.9702770912070       -17.49998619541864    
    108.5000000000000        273.8868634648038        70.70606944617434        5001.876937640772        354021.8389775840        262.9717628601641       -18.49998519709586    
    109.5000000000000        249.3282885264182        70.41135512141827        4960.373336250360        349635.8509149792        262.9732660851545       -19.49998418704450    
    110.5000000000000        226.8606922399046        70.10222635456094        4917.026468375395        345074.6083429593        262.9747880082335       -20.49998316442999    
    111.5000000000000        206.3698710208144        69.77886670115568        4871.888505740467        340346.1899334225        262.9763299256393       -21.49998212838139    
    112.5000000000000        187.7323638059394        69.44149870072717        4825.017867107643        335459.3627712730        262.9778931926028       -22.49998107798811    
    113.5000000000000        170.8193770808440        69.09036846999469        4776.476891060247        330423.3156558765        262.9794792285489       -23.49998001229638    
    114.5000000000000        155.5008765540510        68.72574492998750        4726.331520232947        325247.5997136538        262.9810895227326       -24.49997893030559    
    115.5000000000000        141.6477442333070        68.34789186763646        4674.647214990981        319941.6765333153        262.9827256403597       -25.49997783096402    
    116.5000000000000        129.1342890764481        67.95707911909483        4621.490456285392        314515.0663769867        262.9843892292503       -26.49997671316453    
    117.5000000000000        117.8403657118452        67.55359129750620        4566.929905318875        308977.4614183719        262.9860820271039       -27.49997557573949    
    118.5000000000000        107.6528058659324        67.13772903107942        4511.036478430919        303338.7210268479        262.9878058694403       -28.49997441745558    
    119.5000000000000        98.46570128491273        66.70979888849190        4453.881841220865        297608.7011707737        262.9895626982960       -29.49997323700800    
    120.5000000000000        90.18063814189735        66.27010374876689        4395.536878494097        291797.0732858416        262.9913545717638       -30.49997203301380    
    121.5000000000000        82.70700897884103        65.81893664655998        4336.070909198769        285913.2478156943        262.9931836744833       -31.49997080400514    
    122.5000000000000        75.96220015698087        65.35660424324824        4275.554773618213        279966.6779853953        262.9950523291953       -32.49996954842138    
    123.5000000000000        69.87111733615696        64.88342420662295        4214.060432775686        273966.8139782544        262.9969630094964       -33.49996826460040    
    124.5000000000000        64.36580994838741        64.39970482459833        4151.658069935343        267922.7931983306        262.9989183539450       -34.49996695076937    
    125.5000000000000        59.38484337893111        63.90573870713206        4088.415238766440        261843.3539002168        263.0009211816953       -35.49996560503411    
    126.5000000000000        54.87299601648421        63.40182438523286        4024.399747487624        255737.1245117458        263.0029745098595       -36.49996422536729    
    127.5000000000000        50.78091400587282        62.88826789508060        3959.679780260366        249612.6277872014        263.0050815728300       -37.49996280959576    
    128.5000000000000        47.06452756601813        62.36536789782526        3894.321898179057        243478.0794416007        263.0072458438305       -38.49996135538582    
    129.5000000000000        43.68455623196449        61.83342263424041        3828.391775458871        237341.4451924010        263.0094710590042       -39.49995986022709    
    130.5000000000000        40.60591120420408        61.29273496057858        3761.954914007753        231210.5182641510        263.0117612444017       -40.49995832141443    
    131.5000000000000        37.79745988335976        60.74363129053718        3695.078932616645        225093.1284066398        263.0141207462852       -41.49995673602758    
    132.5000000000000        35.23127277292159        60.18642198840867        3627.828436525828        218996.6449946642        263.0165542652417       -42.49995510090810    
    133.5000000000000        32.88254375713401        59.62141773865814        3560.267046534024        212928.1687406259        263.0190668946776       -43.49995341263373    
    134.5000000000000        30.72932510063617        59.04894108256721        3492.458820736137        206894.6666357304        263.0216641643703       -44.49995166748894    
    135.5000000000000        28.75203501209179        58.46930841844473        3424.465979247046        200902.7598689148        263.0243520898742       -45.49994986143181    
    136.5000000000000        26.93336661431745        57.88284467071223        3356.350577462311        194958.8696950132        263.0271372287229       -46.49994799005626    
    137.5000000000000        25.25783122913958        57.28988330608477        3288.174388034412        189069.2006481877        263.0300267445479       -47.49994604854901    
    138.5000000000000        23.71161630113194        56.69076671309439        3219.998927266328        183239.7462430453        263.0330284804514       -48.49994403164014    
    139.5000000000000        22.28240828648677        56.08584046169840        3151.884673607094        177476.2159540910        263.0361510432309       -49.49994193354670    
    140.5000000000000        20.95915568218357        55.47543766052303        3083.889193710832        171783.8722782801        263.0394039003831       -50.49993974790738    
    141.5000000000000        19.73206748599754        54.85991225969808        3016.070901597436        166167.8550634779        263.0427974922075       -51.49993746770721    
    142.5000000000000        18.59247057601039        54.23964180560651        2948.489134498781        160633.1757325132        263.0463433618310       -52.49993508519024    
    143.5000000000000        17.53253379072580        53.61504003981332        2881.205579027902        155184.8458120958        263.0500543065929       -53.49993259175784    
    144.5000000000000        16.54518499266711        52.98650929941905        2814.278886485828        149827.4254175639        263.0539445549979       -54.49992997784967    
    145.5000000000000        15.62401576640981        52.35444534820413        2747.765017557031        144565.0461383768        263.0580299744309       -55.49992723280428    
    146.5000000000000        14.76334733137194        51.71920945168990        2681.714597502902        139401.2321061542        263.0623283160582       -56.49992434469452    
    147.5000000000000        13.95787116598909        51.08120354142609        2616.180501388331        134339.4845350838        263.0668595049268       -57.49992130013244    
    148.5000000000000        13.20313927360459        50.44079459776064        2551.210320212439        129382.7270895342        263.0716459853060       -58.49991808403755    
    149.5000000000000        12.49489345747412        49.79839656081218        2486.854548469253        124533.9277836997        263.0767131339495       -59.49991467935892    
    150.5000000000000        11.82949314771781        49.15439381748103        2423.158716706298        119795.4997986533        263.0820897573965       -60.49991106674106    
    151.5000000000000        11.20356701315284        48.50913933212506        2360.163082149571        115169.2782518043        263.0878086939523       -61.49990722411953    
    152.5000000000000        10.61402747565877        47.86300247065528        2297.907558781479        110656.9109091741        263.0939075469929       -62.49990312622821    
    153.5000000000000        10.05823639563645        47.21632729596266        2236.427510947984        106259.5504892173        263.1004295842865       -63.49989874399489    
    154.5000000000000        9.533753018053078        46.56949177588352        2175.759944140351        101978.3467692524        263.1074248489001       -64.49989404379504    
    155.5000000000000        9.038450016891018        45.92294062295980        2115.946020904947        97814.59386589463        263.1149515421472       -65.49988898652245    
    156.5000000000000        8.570253457407263        45.27705355559489        2057.019178573642        93768.93391362233        263.1230777596058       -66.49988352642275    
    157.5000000000000        8.127378947208921        44.63231206204505        1999.019878488483        89842.34373478037        263.1318836900504       -67.49987760961599    
    158.5000000000000        7.708201689675985        43.98909811033765        1941.977544009119        86034.92762654996        263.1414644280085       -68.49987117220681    
    159.5000000000000        7.311167984843530        43.34787156799743        1885.926589790452        82347.01448511796        263.1519336094669       -69.49986413784147    
    160.5000000000000        6.934908571668562        42.70904382033867        1830.894923062282        78778.38081394941        263.1634281662076       -70.49985641451337    
    161.5000000000000        6.578078363111342        42.07299910646250        1776.906201119989        75328.43547804032        263.1761146220209       -71.49984789033246    
    162.5000000000000        6.239523803901490        41.44010403398846        1723.980589837630        71996.27259387808        263.1901975475225       -72.49983842784415    
    163.5000000000000        5.918190460888212        40.81076303680944        1672.139500223858        68780.98490146280        263.2059310893009       -73.49982785628271    
    164.5000000000000        5.612948577368777        40.18522583844776        1621.389789817031        65680.69703238299        263.2236349617281       -74.49981596082574    
    165.5000000000000        5.323072325430142        39.56385492934942        1571.745559143265        62693.90714310532        263.2437170556910       -75.49980246740270    
    166.5000000000000        5.047504430033465        38.94688724397175        1523.209895808237        59818.45376053356        263.2667060950010       -76.49978702075192    
    167.5000000000000        4.785660048622201        38.33478187343649        1475.802150598410        57053.12394291646        263.2932999667298       -77.49976915194547    
    168.5000000000000        4.536768837520357        37.72775091841039        1429.520793068020        54395.44784153572        263.3244392652304       -78.49974822897163    
    169.5000000000000        4.300278767430329        37.12618295968674        1384.376554285880        51843.65447056698        263.3614228571176       -79.49972337908083    
    170.5000000000000        4.075488503359970        36.53038043122001        1340.372323826364        49395.51972188941        263.4060964259446       -80.49969336209172    
    171.5000000000000        3.861897711308324        35.94062367346645        1297.507960542542        47048.64274951900        263.4611740878563       -81.49965635427502    
    172.5000000000000        3.658949599555027        35.35722216489249        1255.784505273363        44800.70931977656        263.5308172529685       -82.49960955936920    
    173.5000000000000        3.466174904477295        34.78042791126751        1215.197581937370        42649.11648126470        263.6217476952640       -83.49954846059576    
    174.5000000000000        3.283105752193290        34.21052677462099        1175.744214170326        40591.36123646065        263.7455745003336       -84.49946525688310    
    175.5000000000000        3.109295002107774        33.64776101485131        1137.417642790460        38624.77998665086        263.9242222385756       -85.49934521474610    
    176.5000000000000        2.944288441480574        33.09237147847579        1100.210183330284        36746.69813833905        264.2046582898117       -86.49915676941215    
    177.5000000000000        2.787738117200899        32.54458690469131        1064.112590073405        34954.40333119610        264.7089240901988       -87.49881788963812    
    178.5000000000000        2.639232535380119        32.00461923052298        1029.113781715459        33245.13591476990        265.8837542830327       -88.49802817252100    
    179.5000000000000        2.498447772889363        31.47264245534681        995.1998143907824        31616.05676583531        271.7000795192689       -89.49410909951422    
    180.5000000000000        2.364973070490594        30.94887400602207        962.3593010618059        30064.51999201647        74.19210318401262       -89.49409919830993    
    181.5000000000000        2.238478021619195        30.43346615516363        930.5759738925069        28587.68415392855        80.00827532949140       -88.49801816778307    
    182.5000000000000        2.118707978410076        29.92658339673716        899.8341531951478        27182.81426211638        81.18309299652837       -87.49880787647646    
    183.5000000000000        2.005288048053825        29.42832328133421        870.1141293252432        25847.06646315581        81.68735533851299       -86.49914675392593    
    184.5000000000000        1.897957943623071        28.93882214496050        841.3983543588416        24577.76298286061        81.96778996560668       -85.49933519830277    
    185.5000000000000        1.796419949428198        28.45820423154824        813.6685815974495        23372.27059533502        82.14643698274425       -84.49945523995524    
    186.5000000000000        1.700414364593662        27.98655337258658        786.9040875921941        22227.91541932978        82.27026337301056       -83.49953844338917    
    187.5000000000000        1.609665103682505        27.52395356840901        761.0845249365861        21142.12708276366        82.36119355503378       -82.49959954198773    
    188.5000000000000        1.523909715420665        27.07045068365827        736.1874987547171        20112.32140056747        82.43083654619386       -81.49964633677664    
    189.5000000000000        1.442905709110944        26.62609749107723        712.1912889682218        19136.02243306232        82.48591408613136       -80.49968334451138    
    190.5000000000000        1.366433170239056        26.19095146155328        689.0747603268417        18210.85648128880        82.53058756614303       -79.49971336144084    
    191.5000000000000        1.294238839590407        25.76498473152083        666.8127622130600        17334.37307133062        82.56757109136058       -78.49973821128678    
    192.5000000000000        1.226116441600462        25.34829416107475        645.3868167516039        16504.45083179908        82.59871033854354       -77.49975913422615    
    193.5000000000000        1.161873468612338        24.94074915183225        624.7674153609588        15718.62596585874        82.62530416993201       -76.49977700300549    
    194.5000000000000        1.101225363262179        24.54244962963675        604.9372910112531        14974.97836212288        82.64829317695821       -75.49979244963458    
    195.5000000000000        1.044093116234081        24.15324727736543        585.8672737138564        14271.21332928076        82.66837524468355       -74.49980594303997    
    196.5000000000000       0.9901931957885889        23.77317197134488        567.5376697994431        13605.46327825043        82.68607909549944       -73.49981783848243    
    197.5000000000000       0.9394194256768809        23.40213191619938        549.9233324566012        12975.72689296341        82.70181261926639       -72.49982841003177    
    198.5000000000000       0.8915421705918069        23.04005278575585        533.0009268951791        12380.14879964136        82.71589552959963       -71.49983787250991    
    199.5000000000000       0.8464605377196607        22.68688569650930        516.7486153728140        11816.98079380376        82.72858197251986       -70.49984639668216    
    200.5000000000000       0.8039588736297031        22.34250771353099        501.1421840890716        11284.46989994548        82.74007651820995       -69.49985412000284    
    201.5000000000000       0.7639451453447932        22.00686471003580        486.1609660089827        10781.03734752982        82.75054569012570       -68.49986115436177    
    202.5000000000000       0.7262404492819066        21.67980620024633        471.7808593525419        10305.05548706494        82.76012641978707       -67.49986759176535    
    203.5000000000000       0.6907289760939133        21.36127238941235        457.9824531279077        9855.109623376318        82.76893234297364       -66.49987350856722    
    204.5000000000000       0.6572920057342956        21.05112353687000        444.7434833627943        9429.744609760395        82.77705855404695       -65.49987896866264    
    205.5000000000000       0.6257855363801110        20.74924369835904        432.0435296853922        9027.621740714469        82.78458524164733       -64.49988402593145    
    206.5000000000000       0.5961230820765681        20.45552410808684        419.8630868945331        8647.479246159681        82.79158050124363       -63.49988872612792    
    207.5000000000000       0.5681724259916211        20.16981114456605        408.1815121572574        8288.069194281392        82.79810253405947       -62.49989310835824    
    208.5000000000000       0.5418512172006176        19.89198211591688        396.9800865387804        7948.248142742736        82.80420138308773       -61.49989720624686    
    209.5000000000000       0.5170506107134353        19.62189822538782        386.2401786414212        7626.921034198140        82.80992031603448       -60.49990104886595    
    210.5000000000000       0.4936878268867322        19.35941238377123        375.9434067400767        7323.039168945823        82.81529693622410       -59.49990466148163    
    211.5000000000000       0.4716697360710449        19.10438638657462        366.0724430218785        7035.626031942350        82.82036408191777       -58.49990806615828    
    212.5000000000000       0.4509234639063625        18.85667752426435        356.6103885635588        6763.753825518142        82.82515055961758       -57.49991128225138    
    213.5000000000000       0.4313682813786869        18.61613918391609        347.5408062933879        6506.542980297566        82.82968174604568       -56.49991432681181    
    214.5000000000000       0.4129357175768831        18.38263154173181        338.8481036616066        6263.170603837253        82.83398008544404       -55.49991721492009    
    215.5000000000000       0.3955567367296982        18.15601087389055        330.5171194963905        6032.856906084603        82.83806550283629       -54.49991995996407    
    216.5000000000000       0.3791715975111000        17.93613071785640        322.5331219653802        5814.862383637802        82.84195574936851       -53.49992257387100    
    217.5000000000000       0.3637175402829492        17.72285285651459        314.8822236034381        5608.498143528414        82.84566669240795       -52.49992506730225    
    218.5000000000000       0.3491415192440848        17.51602850750805        307.5506567136645        5413.103732159942        82.84921256044417       -51.49992744981816    
    219.5000000000000       0.3353888286554256        17.31552142265954        300.5255985177185        5228.067987809909        82.85260615080270       -50.49992973001735    
    220.5000000000000       0.3224133881207071        17.12118467112112        293.7943061247699        5052.803794377984        82.85585900659910       -49.49993191565575    
    221.5000000000000       0.3101655653673936        16.93288900688610        287.3451277025716        4886.774045946775        82.85898156812235       -48.49993401374835    
    222.5000000000000       0.2986072149688032        16.75049410755624        281.1664316162561        4729.460855560342        82.86198330285977       -47.49993603065643    
    223.5000000000000       0.2876920393546275        16.57387029214676        275.2473861176858        4580.385620301025        82.86487281760108       -46.49993797216294    
    224.5000000000000       0.2773891915856251        16.40288928827366        269.5775679455052        4439.096196124042        82.86765795544108       -45.49993984353782    
    225.5000000000000       0.2676563061574062        16.23742035179016        264.1468669671611        4305.164618169470        82.87034588000495       -44.49994164959432    
    226.5000000000000       0.2584666826732989        16.07734763370315        258.9460025344917        4178.197727091774        82.87294314882044       -43.49994339473852    
    227.5000000000000       0.2497838312165827        15.92254172104457        253.9655919300820        4057.813608135367        82.87545577743684       -42.49994508301234    
    228.5000000000000       0.2415819995441301        15.77289068143042        249.1971419613313        3943.664765247700        82.87788929562710       -41.49994671813131    
    229.5000000000000       0.2338329836108625        15.62827559555894        244.6322288988297        3835.416919178061        82.88024879679330       -40.49994830351770    
    230.5000000000000       0.2265102435705985        15.48858513985859        240.2629728110058        3732.760097563389        82.88253898151868       -39.49994984232988    
    231.5000000000000       0.2195915261361099        15.35371265963090        236.0819029970251        3635.403929414779        82.88476419606219       -38.49995133748818    
    232.5000000000000       0.2130527167993881        15.22354848029797        232.0817170740591        3543.071556924322        82.88692846647126       -37.49995279169776    
    233.5000000000000       0.2068739908273483        15.09799435943697        228.2557176487628        3455.509131073933        82.88903552888650       -36.49995420746887    
    234.5000000000000       0.2010352559390078        14.97694743333443        224.5972878609756        3372.472589920349        82.89108885652895       -35.49995558713531    
    235.5000000000000       0.1955180434659621        14.86031334740729        221.1003019197919        3293.736990274579        82.89309168378884       -34.49995693287032    
    236.5000000000000       0.1903054835411405        14.74799778278667        217.7588355287098        3219.088820478360        82.89504702777617       -33.49995824670101    
    237.5000000000000       0.1853813083163684        14.63991156357340        214.5673194306102        3148.329207084083        82.89695770764331       -32.49995953052167    
    238.5000000000000       0.1807302112310257        14.53596805535343        211.5204472237923        3081.271249079788        82.89882636194700       -31.49996078610521    
    239.5000000000000       0.1763384716035656        14.43608225028892        208.6131358981887        3017.738624301753        82.90065546428217       -30.49996201511359    
    240.5000000000000       0.1721926734123721        14.34017460019170        205.8406319353490        2957.567573580288        82.90244733738820       -29.49996321910751    
    241.5000000000000       0.1682803340028123        14.24816823611062        203.1984164944191        2900.604315329271        82.90420416590325       -28.49996439955493    
    242.5000000000000       0.1645904246645321        14.15998815418494        200.6821751999526        2846.704062875166        82.90592800791923       -27.49996555783858    
    243.5000000000000       0.1611118594090438        14.07556334050401        198.2878504289558        2795.731795739194        82.90762080547108       -26.49996669526340    
    244.5000000000000       0.1578347445314645        13.99482523823227        196.0115883799738        2747.560772109851        82.90928439407791       -25.49996781306276    
    245.5000000000000       0.1547496507921832        13.91770939418156        193.8497785013260        2702.073074266229        82.91092051143831       -24.49996891240412    
    246.5000000000000       0.1518479782665942        13.84415271475531        191.7989690645561        2659.157543602048        82.91253080537118       -23.49996999439473    
    247.5000000000000       0.1491214716907694        13.77409629169127        189.8559399345191        2618.711058832954        82.91411684108189       -22.49997106008632    
    248.5000000000000       0.1465625369914245        13.70748267567708        188.0176191327050        2580.636527802963        82.91568010782454       -21.49997211047944    
    249.5000000000000       0.1441642274932074        13.64425845433644        186.2811495149911        2544.844077962084        82.91722202502331       -20.49997314652789    
    250.5000000000000       0.1419200090767661        13.58437274861272        184.6438412063484        2511.249857229402        82.91874394790861       -19.49997416914228    
    251.5000000000000       0.1398237925387832        13.52777675097638        183.1031532971607        2479.775459937245        82.92024717271805       -18.49997517919351    
    252.5000000000000       0.1378700406416459        13.47442519805065        181.6567298125394        2450.348503827945        82.92173294150625       -17.49997617751617    
    253.5000000000000       0.1360536481924091        13.42427510321028        180.3023602521732        2422.901656347213        82.92320244660370       -16.49997716491146    
    254.5000000000000       0.1343696248177067        13.37728577229654        179.0379759471449        2397.372417596928        82.92465683475993       -15.49997814214979    
    255.5000000000000       0.1328136980666371        13.33341978143255        177.8616725127588        2373.703440920092        82.92609721100365       -14.49997910997370    
    256.5000000000000       0.1313817966768921        13.29264165797553        176.7716707688351        2351.841622141244        82.92752464224820       -13.49998006910013    
    257.5000000000000       0.1300703391646431        13.25491875572944        175.7663366992896        2331.738386203391        82.92894016066901       -12.49998102022250    
    258.5000000000000       0.1288758773412516        13.22022115484953        174.8441758961009        2313.349478345173        82.93034476687679       -11.49998196401321    
    259.5000000000000       0.1277954743440460        13.18852072358227        174.0038058625470        2296.634320515407        82.93173943290780       -10.49998290112543    
    260.5000000000000       0.1268263144859661        13.15979209186245        173.2439790697692        2281.556383123774        82.93312510505162       -9.499983832194884    
    261.5000000000000       0.1259659523291842        13.13401228802810        172.5635710071010        2268.082872814654        82.93450270653381       -8.499984757841970    
    262.5000000000000       0.1252122973783236        13.11116085710838        171.9615814202289        2256.184694674386        82.93587314007119       -7.499985678673289    
    263.5000000000000       0.1245634324983967        13.09121952229706        171.4371233959330        2245.836174766825        82.93723729031429       -6.499986595283154    
    264.5000000000000       0.1240177239288408        13.07417253395653        170.9894309608526        2237.015159827037        82.93859602619209       -5.499987508255472    
    265.5000000000000       0.1235093308999659        13.05997993744915        170.6171595989011        2229.689268940518        82.93995020317240       -4.499988418165104    
    266.5000000000000       0.1231762853992191        13.04866937139206        170.3207800006158        2223.862709607303        82.94130066545053       -3.499989325579185    
    267.5000000000000       0.1229873862656167        13.04027165773761        170.1009067367095        2219.543731736930        82.94264824807833       -2.499990231058859    
    268.5000000000000       0.1228434369650076        13.03468768432588        169.9547973497613        2216.675543875833        82.94399377904539       -1.499991135160526    
    269.5000000000000       0.1227983648777335        13.03195258957250        169.8832749499072        2215.272399321372        82.94533808132321      -0.4999920384370625    
    270.5000000000000       0.1226188402802176        13.03215890574703        169.8887065458409        2215.379695094931        82.94668197488335       0.5000070585605183    
    271.5000000000000       0.1230047151071018        13.03502294740195        169.9636917273214        2216.852598245035        82.94802627869977        1.500006155281872    
    272.5000000000000       0.1232565039218982        13.04083092300321        170.1157501803011        2219.839338253900        82.94937181274639        2.500005251176134    
    273.5000000000000       0.1236081423813959        13.04949278238964        170.3426332516757        2224.297901880559        82.95071939999943        3.500004345690269    
    274.5000000000000       0.1240604821424774        13.06101545759606        170.6446729159812        2230.237793315077        82.95206986845558        4.500003438267868    
    275.5000000000000       0.1246147444122227        13.07540797046305        171.0223063266011        2237.671593228737        82.95342405317622        5.500002528347926    
    276.5000000000000       0.1252723805303994        13.09268193605465        171.4760897080833        2246.615254654329        82.95478279836861        6.500001615363140    
    277.5000000000000       0.1260350538860368        13.11285096752721        172.0066838780463        2257.087851843935        82.95614695951500        7.500000698738631    
    278.5000000000000       0.1269046955558013        13.13593110092285        172.6148665959905        2269.111861004636        82.95751740556138        8.499999777890626    
    279.5000000000000       0.1278833229099360        13.16194088131753        173.3015362058522        2282.713275869697        82.95889502117790        9.499998852224621    
    280.5000000000000       0.1289733969526988        13.19090095458620        174.0677025555524        2297.921480562699        82.96028070910361        10.49999792113399    
    281.5000000000000       0.1301775419416558        13.22283449687335        174.9145001799755        2314.769569446544        82.96167539258923        11.49999698399846    
    282.5000000000000       0.1314987578812628        13.25776713710839        175.8431883965670        2333.294416942607        82.96308001795224        12.49999604018212    
    283.5000000000000       0.1329404415584490        13.29572714886134        176.8551586657298        2353.536897784217        82.96449555725984        13.49999508903174    
    284.5000000000000       0.1345064568135419        13.33674494422874        177.9519237895881        2375.541756678445        82.96592301115673        14.49999412987505    
    285.5000000000000       0.1362010532042322        13.38085378915683        179.1351397029155        2399.358134704425        82.96736341185567        15.49999316201840    
    286.5000000000000       0.1380286057365814        13.42808933210069        180.4065961337633        2425.039487553939        82.96881782631067        16.49999218474482    
    287.5000000000000       0.1399940475405803        13.47848974706329        181.7682236986501        2452.643838664452        82.97028735959469        17.49999119731187    
    288.5000000000000       0.1421026603007830        13.53209609910075        183.2221074583053        2482.234177629858        82.97177315850531        18.49999019894891    
    289.5000000000000       0.1443603900403642        13.58895135590374        184.7704641898243        2513.878135002868        82.97327641542502        19.49998918885466    
    290.5000000000000       0.1467734137298485        13.64910177820382        186.4156844670110        2547.648988311399        82.97479837246460        20.49998816619460    
    291.5000000000000       0.1493486260176709        13.71259579844344        188.1603064980123        2583.625283614616        82.97634032592232        21.49998713009764    
    292.5000000000000       0.1520932481748192        13.77948470781679        190.0070400970348        2621.891508024889        82.97790363109404        22.49998607965304    
    293.5000000000000       0.1550151823029443        13.84982224392054        191.9587602677234        2662.538139383582        82.97948970747430        23.49998501390709    
    294.5000000000000       0.1581227129733551        13.92366554003359        194.0185389651976        2705.662509048569        82.98110004439306        24.49998393185896    
    295.5000000000000       0.1614247580380480        14.00107426499827        196.1896276394932        2751.368670024501        82.98273620713722        25.49998283245683    
    296.5000000000000       0.1649309252865206        14.08211100276866        198.4754737444217        2799.767973657817        82.98439984361346        26.49998171459348    
    297.5000000000000       0.1686515977991345        14.16684109276825        200.8797236004420        2850.979403163239        82.98609269161472        27.49998057710117    
    298.5000000000000       0.1725977129816690        14.25533258895818        203.4062279886325        2905.129964066859        82.98781658676151        28.49997941874638    
    299.5000000000000       0.1767812399054850        14.34765708066420        206.0590730718513        2962.355647534575        82.98957347119797        29.49997823822421    
    300.5000000000000       0.1812148013964853        14.44388887473941        208.8425655864237        3022.801451429416        82.99136540313339        30.49997703415159    
    301.5000000000000       0.1859119641626008        14.54410647509785        211.7612843447997        3086.622855723247        82.99319456733227        31.49997580506041    
    302.5000000000000       0.1908874686770561        14.64839185418468        214.8200701232045        3153.986029089148        82.99506328667005        32.49997454938994    
    303.5000000000000       0.1961570046651941        14.75683041691832        218.0240349322892        3225.068464305233        82.99697403488817        33.49997326547786    
    304.5000000000000       0.2017377752423497        14.86951119216394        221.3785776921325        3300.059770709391        82.99892945070144        34.49997195155106    
    305.5000000000000       0.2076477332197105        14.98652611240417        224.8893733978934        3379.161908699708        83.00093235343265        35.49997060571519    
    306.5000000000000       0.2139065354457773        15.10797171414793        228.5624396597887        3462.591315806637        83.00298576037584        36.49996922594271    
    307.5000000000000       0.2205350323171330        15.23394710156293        232.4040843117394        3550.578207159324        83.00509290612014        37.49996781006011    
    308.5000000000000       0.2275557063727029        15.36455509198881        236.4209560002330        3643.368421824442        83.00725726410181        38.49996635573347    
    309.5000000000000       0.2349923782695013        15.49990277358287        240.6200719362953        3741.224644280739        83.00948257069457        39.49996486045212    
    310.5000000000000       0.2428705863887144        15.64009643819540        245.0086697891941        3844.423522593911        83.01177285219852        40.49996332151051    
    311.5000000000000       0.2512181638652447        15.78524764436774        249.5944168546322        3953.261470739786        83.01413245514706        41.49996173598808    
    312.5000000000000       0.2600647503067284        15.93547182554570        254.3853845967548        4068.054944649260        83.01656608042174        42.49996010072601    
    313.5000000000000       0.2694416397509217        16.09088339760217        259.3898970200713        4189.137387008941        83.01907882174952        43.49995841230152    
    314.5000000000000       0.2793829069689332        16.25160674043429        264.6169187827144        4316.870001683345        83.02167620925758        44.49995666699869    
    315.5000000000000       0.2899234034876841        16.41776021075728        270.0755297466141        4451.629314771157        83.02436425888213        45.49995486077510    
    316.5000000000000       0.3011028677674985        16.58947500255301        275.7755899215680        4593.825378681775        83.02714952857430        46.49995298922403    
    317.5000000000000       0.3129620027762536        16.76687609245948        281.7270969655316        4743.886115542984        83.03003918242344        47.49995104753167    
    318.5000000000000       0.3255463725682338        16.95010243161336        287.9409081095399        4902.277408690657        83.03304106403407        48.49994903042741    
    319.5000000000000       0.3389035932168400        17.13928497899124        294.4280038469508        5069.485333800191        83.03616378075697        49.49994693212748    
    320.5000000000000       0.3530849569308869        17.33455662119857        301.1998391785556        5246.026351031931        83.03941680069833        50.49994474626985    
    321.5000000000000       0.3681474920512937        17.53606437449034        308.2687932332428        5432.460589853343        83.04281056483136        51.49994246583864    
    322.5000000000000       0.3841434736829473        17.74392023548829        315.6464430172701        5629.347270720703        83.04635661702984        52.49994008307680    
    323.5000000000000       0.4011463101562704        17.95828940069078        323.3467455866099        5837.332059093091        83.05006775546184        53.49993758938473    
    324.5000000000000       0.4192085265569307        18.17928836804409        331.3823977348698        6057.050437570882        83.05395820955562        54.49993497520078    
    325.5000000000000       0.4384184229109216        18.40706157589750        339.7675626678303        6289.201766628698        83.05804384772735        55.49993222986211    
    326.5000000000000       0.4588354141828315        18.64174080628540        348.5165482006213        6534.518841961367        83.06234242229873        56.49992934144004    
    327.5000000000000       0.4805532935152062        18.88345797712643        357.6441083329975        6793.772866454665        83.06687385961537        57.49992629654493    
    328.5000000000000       0.5036469142313154        19.13236671661112        367.1664629002146        7067.809597850632        83.07166060541095        58.49992308009423    
    329.5000000000000       0.5282138386985676        19.38857258335520        377.0985129873854        7357.467677108518        83.07672803809704        59.49991967503487    
    330.5000000000000       0.5543473645817716        19.65226992288251        387.4592583713584        7663.741381159153        83.08210496609659        60.49991606200884    
    331.5000000000000       0.5821523827820339        19.92354874965928        398.2642281003882        7987.559548327855        83.08782422986411        61.49991221894878    
    332.5000000000000       0.6117506761463952        20.20259088863390        409.5332102237148        8330.016404100006        83.09392343523950        62.49990812058530    
    333.5000000000000       0.6432416429570256        20.48953233221242        421.2848871727470        8692.216666264872        83.10044585282802        63.49990373784245    
    334.5000000000000       0.6767809591897863        20.78449719358785        433.5381137651140        9075.313595265534        83.10744152898107        64.49989903709120    
    335.5000000000000       0.7124724126954291        21.08762603724505        446.3130361889396        9480.544589829653        83.11496866883490        65.49989397922032    
    336.5000000000000       0.7504908051198741        21.39906172018274        459.6307631518383        9909.231156511216        83.12309537244396        66.49988851846945    
    337.5000000000000       0.7909652289569841        21.71889364391106        473.5107119651203        10362.68834576041        83.13190183385811        67.49988260095154    
    338.5000000000000       0.8340788789271494        22.04728723058941        487.9763279153067        10842.41622069887        83.14148315386601        68.49987616276296    
    339.5000000000000       0.8800036402647329        22.38431058132727        503.0476221674846        11349.86204925839        83.15195297594269        69.49986912753994    
    340.5000000000000       0.9289125768352291        22.73011422183858        518.7488895289209        11886.67172345394        83.16344824090073        70.49986140326376    
    341.5000000000000       0.9810398548881221        23.08477534884849        535.1019330048890        12454.47104828435        83.17613548352249        71.49985287802978    
    342.5000000000000        1.036533983894703        23.44836673141713        552.1290285645763        13054.96524786597        83.19021928793967        72.49984341436543    
    343.5000000000000        1.095691561885195        23.82102869303419        569.8562385126885        13690.05555359547        83.20595381754897        73.49983284148246    
    344.5000000000000        1.158688183721750        24.20275524643849        588.3036043175590        14361.50559190357        83.22365880788981        74.49982094453036    
    345.5000000000000        1.225832961522939        24.59367903405710        607.4982419106765        15071.39558803764        83.24374217688660        75.49980744940267    
    346.5000000000000        1.297342416951245        24.99383368056377        627.4634545387487        15821.75267389455        83.26673268344416        76.49979200079079    
    347.5000000000000        1.373527013585915        25.40321023345810        648.2206910352182        16614.59586122522        83.29332826102430        77.49977412970537    
    348.5000000000000        1.454718785001758        25.82192849202272        669.7986946233482        17452.30468113878        83.32446956660972        78.49975320405137    
    349.5000000000000        1.541167092967100        26.24987704239484        692.2149272843950        18336.90318916965        83.36145555347110        79.49972835096422    
    350.5000000000000        1.633266849720422        26.68718696904693        715.4999311594431        19271.00384685009        83.40613202858336        80.49969833009899    
    351.5000000000000        1.731362868895953        27.13373192880650        739.6712024534029        20256.78490974688        83.46121329008838        81.49966131748539    
    352.5000000000000        1.835794363465055        27.58956813543185        764.7564031564361        21296.91460800296        83.53086102809139        82.49961451649180    
    353.5000000000000        1.947083782523307        28.05467459694780        790.7798062444153        22394.02413932392        83.62179747074785        83.49955340974074    
    354.5000000000000        2.065582057906668        28.52900854791953        817.7646544420359        23550.77904235520        83.74563249233960        84.49947019512288    
    355.5000000000000        2.191787510642260        29.01256255473602        845.7367441281024        24770.04906473818        83.92429216376925        85.49935013718583    
    356.5000000000000        2.326241475719638        29.50522764370346        874.7157554233618        26054.49961595349        84.20474711329577        86.49916166691959    
    357.5000000000000        2.469425602094752        30.00695177315677        904.7253393908090        27407.07637229983        84.70904735850226        87.49882274197151    
    358.5000000000000        2.621901574520067        30.51746995176098        935.7754606789598        28830.14093517627        85.88395993773206        88.49803291807878    
    359.5000000000000        2.784345934556534        31.03677453849482        967.8925414436560        30326.92479958870        91.70073157911392        89.49411328772219    
