 # author: MA Kubiak / Space Research Center PAS Warsaw Poland, contact: mkubiak@cbk.waw.pl                          
 # code version Program.keplerV_ellipt_V2      , Dates: calkV:20/04/2026  ; part_pr:20/04/2026                       
 # czas no T v_mas, kier.naplywu(dl, szer) macierz obrotu (ecl to helio), r, theta, phi(ecl,spher), V_detector(ecl,cart), IBEX_energy_channel
 #     2026.136830000000        0.8088930000000000E-03     9480.000000000000        -11.28000000301609         251.5700000000000         11.95000000000000        0.2459841265748581        0.9692738567985851         0.000000000000000       -0.9615244635393438        0.2440174711049008        0.1261989691358298        0.1223213615382913       -0.3104294319752456E-01    0.9920049496797150        0.9790319999999999         150.8419420000000        0.2739400000000000E-01    -14.81000000000000        -25.87600000000000        0.3699999999999999E-01 00
 # routs_end= 150.00;    Maxwellian,    elliptOrb=Off                                                                                        
 # Numerical parameters: GridKl=10  GridKf=09  GridKV=05  epsV= 0.0000100  epssJon=.0010000                                                  
 # Numerical parameters: GridKl=10  GridKf=09  GridKV=05  epsV= 0.0000100  epssJon=.0010000; tessel128                                                                                                                                                                                                                                                                                                                                                                                                                                                                 
# Axis to the Sun: alpha_ecl= 326.8970000000000000 delta_Ecl= 0.0920000000000000 delta_Ax= 90.0000000000000000  repoint= 00162
 #  flag_atom: He                                                   
 #  flag_general:                                                   
 #                                                                  
 #                                                                  
  # Ly_a_Profil: zero                                               
  # flag_Itot: zero                                                 
 #  v_SW_Eqtr: speed3D.hybrid2026c_patched.dat                      
 #  n_SW_Eqtr: density3D.hybrid2026c_patched.dat                    
 #  phot_Eqtr: 0.8500000  phion_Helium_T12F107_2026c.dat            
 #  sigma_SW: p+He->H +He+, He + alpha (2 chnls);src:simuLosses.nb  
 #  flag_el:slow  swEqtrElectrons5.2026c.patched.dat                
 #  SW_lati: interpolation                                          
 #  phot_lati: analit pole-flattened after Pryor & Auchere          
 #
 #
 #
 #Spin  flux speed	speed^2 speed^3    long_ecl lat_ecl
   0.5000000000000000        12.39091918845505        31.89325592670290        1022.172604536681        32919.39527163517        226.4714574948616        89.49160415846914    
    1.500000000000000        13.20542244637808        32.43612015204572        1057.250853896865        34627.61114887175        233.3880593636005        88.49717945385559    
    2.500000000000000        14.07733547949976        32.98740301211373        1093.473364607392        36421.24640050658        234.7908061991281        87.49830634185513    
    3.500000000000000        15.01119314590397        33.54696466591326        1130.858030725222        38303.51680342156        235.3931618413883        86.49879006518400    
    4.500000000000000        16.01157474180281        34.11456047205176        1169.415710975126        40277.37075265634        235.7281942622970        85.49905908327338    
    5.500000000000000        17.08360620461417        34.68998605855442        1209.158895220558        42345.87255726909        235.9416348411212        84.49923045914790    
    6.500000000000000        18.23334778539065        35.27298566743232        1250.096017807727        44511.93743277560        236.0895825473837        83.49934924623444    
    7.500000000000000        19.46652520480671        35.86332200775225        1292.236050015345        46778.55735241727        236.1982279293117        82.49943647611512    
    8.500000000000000        20.78982268031997        36.46071262553423        1335.583815068196        49148.53953351745        236.2814399111754        81.49950328517461    
    9.500000000000000        22.21095889144742        37.06487908595066        1380.143593122969        51624.70282883837        236.3472490981550        80.49955612153886    
    10.50000000000000        23.73758287353646        37.67557860307982        1425.921247510719        54209.98365240631        236.4006273404591        79.49959897722482    
    11.50000000000000        25.37947867644833        38.29247780311719        1472.914989613716        56906.92281135934        236.4448174011064        78.49963445587842    
    12.50000000000000        27.14593194956529        38.91533146878290        1521.128594440478        59718.39823213300        236.4820244944482        77.49966432806491    
    13.50000000000000        29.04841617247293        39.54384416991704        1570.560568661296        62646.98074742152        236.5138005187373        76.49968983979028    
    14.50000000000000        31.09887154850651        40.17769621877170        1621.206107357680        65695.03808748278        236.5412693153607        75.49971189337056    
    15.50000000000000        33.31075094498673        40.81654862188172        1673.057484510375        68864.75498044088        236.5652647400922        74.49973115829246    
    16.50000000000000        35.69925068249882        41.46003201522831        1726.102652748133        72158.00882440811        236.5864185311871        73.49974814176413    
    17.50000000000000        38.28098136134683        42.10781530453777        1780.331317899978        75576.76786096273        236.6052180536784        72.49976323507818    
    18.50000000000000        41.07496333016496        42.75955024634583        1835.730250796696        79122.78581198824        236.6220453171203        71.49977674493904    
    19.50000000000000        44.10208009145763        43.41489026712182        1892.284719153092        82797.67601932275        236.6372039886354        70.49978891515174    
    20.50000000000000        47.38622294304933        44.07351179608047        1949.980330748758        86603.02357142929        236.6509385001583        69.49979994196264    
    21.50000000000000        50.95350370140513        44.73502270604574        2008.794709286946        90539.80645075838        236.6634478237078        68.49980998511953    
    22.50000000000000        54.83363678736956        45.39902539492422        2068.702910086985        94608.73726634038        236.6748955734339        67.49981917598242    
    23.50000000000000        59.05976513013377        46.06512504334145        2129.678219402483        98810.31122656616        236.6854175285383        66.49982762356343    
    24.50000000000000        63.66920348641400        46.73293426928630        2191.692898566544        103144.8725757541        236.6951273139314        65.49983541908770    
    25.50000000000000        68.70477188114879        47.40208125722986        2254.718599570812        107612.6094544105        236.7041207443220        64.49984263948116    
    26.50000000000000        74.21424105534786        48.07218885665860        2318.724516448650        112213.4212823159        236.7124791847860        63.49984935006860    
    27.50000000000000        80.25206893848484        48.74284231978995        2383.673866634360        116946.6228347992        236.7202721781529        62.49985560668318    
    28.50000000000000        86.87917585052767        49.41362391879894        2449.527462319781        121811.2109572026        236.7275595192885        61.49986145733175    
    29.50000000000000        94.16477163013818        50.08410945193761        2516.243376929046        126805.8311466623        236.7343929075117        60.49986694352157    
    30.50000000000000        102.1875170506017        50.75389405658941        2583.779499301944        131928.9567312901        236.7408172739680        59.49987210132597    
    31.50000000000000        111.0366182182405        51.42255847548365        2652.089943426428        137178.5900486174        236.7468718561877        58.49987696224709    
    32.50000000000000        120.8132542842659        52.08967217869423        2721.125428983812        142552.2844233856        236.7525910742823        57.49988155391937    
    33.50000000000000        131.6321864452481        52.75475649867788        2790.829128769202        148046.7868397718        236.7580052502265        56.49988590068702    
    34.50000000000000        143.6242933679940        53.41737315122538        2861.146304267523        153658.8107938154        236.7631412020634        55.49989002408109    
    35.50000000000000        156.9369296710111        54.07706531929371        2932.017924012128        159384.5087239367        236.7680227376964        54.49989394321589    
    36.50000000000000        171.7376483351395        54.73334857429366        3003.379459787314        165219.3412728046        236.7726710675252        53.49989767512033    
    37.50000000000000        188.2167363906727        55.38573991693679        3075.163989340608        171158.3159807296        236.7771051510748        52.49990123501617    
    38.50000000000000        206.5884104696740        56.03374413973364        3147.300929430249        177195.8912683057        236.7813419896204        51.49990463655295    
    39.50000000000000        227.0968587122211        56.67686642251364        3219.717339084202        183326.0663002666        236.7853968743773        50.49990789200734    
    40.50000000000000        250.0175716657688        57.31460464586512        3292.336989706665        189542.2843466014        236.7892835979387        49.49991101245274    
    41.50000000000000        275.6594650011562        57.94642734271536        3365.077764370041        195837.1911248249        236.7930146351581        48.49991400790469    
    42.50000000000000        304.3716669479363        58.57180418259117        3437.855229747262        202202.9395597383        236.7966012985131        47.49991688744544    
    43.50000000000000        336.5446625272437        59.19020877907330        3510.583059273696        208631.2253292373        236.8000538720549        46.49991965933160    
    44.50000000000000        372.6154586442780        59.80110509004763        3583.171515463484        215113.1502006405        236.8033817273143        45.49992233108712    
    45.50000000000000        413.0718499027047        60.40395689863720        3655.528521082024        221639.3032995530        236.8065934239400        44.49992490958417    
    46.50000000000000        458.4516318152856        60.99821627281637        3727.558296021288        228199.6299177218        236.8096967973691        43.49992740111344    
    47.50000000000000        509.3511752453906        61.58333488436602        3799.162873991113        234783.5762243118        236.8126990354410        42.49992981144573    
    48.50000000000000        566.4202871734958        62.15877088610999        3870.243099958427        241380.1882692643        236.8156067455520        41.49993214588578    
    49.50000000000000        630.3673599239449        62.72400771813722        3940.701136536695        247978.3555888479        236.8184260136888        40.49993440931976    
    50.50000000000000        701.9585263783165        63.27854711334696        4010.439780072601        254566.7595063061        236.8211624564671        39.49993660625700    
    51.50000000000000        782.0099993032087        63.82190087319130        4079.361534041484        261133.7905878875        236.8238212671284        38.49993874086690    
    52.50000000000000        871.3879837078083        64.35360120404702        4147.370095058649        267667.7035112134        236.8264072563000        37.49994081701168    
    53.50000000000000        970.9964372807784        64.87321248999359        4214.372156290564        274156.8176889672        236.8289248882056        36.49994283827544    
    54.50000000000000        1081.763556592265        65.38032582736071        4280.277051631380        280589.5155868377        236.8313783129118        35.49994480799008    
    55.50000000000000        1204.628441158927        65.87456964913208        4344.998332981193        286954.4162443861        236.8337713951107        34.49994672925837    
    56.50000000000000        1340.520779908555        66.35560896032452        4408.453920060766        293240.4154812365        236.8361077398709        33.49994860497468    
    57.50000000000000        1490.334213782620        66.82314485785925        4470.566289027860        299436.7310000032        236.8383907157246        32.49995043784338    
    58.50000000000000        1654.893952998681        67.27689071858552        4531.259334005256        305532.5941417540        236.8406234754141        31.49995223039570    
    59.50000000000000        1834.921960359842        67.71660366363749        4590.463094875557        311517.7813325814        236.8428089745715        30.49995398500455    
    60.50000000000000        2031.002524530859        68.14207374190036        4648.112385252191        317382.4885578112        236.8449499885744        29.49995570389815    
    61.50000000000000        2243.535507962826        68.55314153660711        4704.149530615395        323117.6507061514        236.8470491277854        28.49995738917224    
    62.50000000000000        2472.688514125897        68.94967430518385        4758.521198753654        328714.6312766719        236.8491088513589        27.49995904280113    
    63.50000000000000        2718.357360389688        69.33157431312817        4811.179717552156        334165.3814286403        236.8511314797749        26.49996066664782    
    64.50000000000000        2980.111211760716        69.69876716807347        4862.081600673137        339462.3075969857        236.8531192062390        25.49996226247315    
    65.50000000000000        3257.160269624871        70.05120071422701        4911.187533147320        344598.2905805839        236.8550741070722        24.49996383194406    
    66.50000000000000        3548.309283219921        70.38884454046288        4958.462379731224        349566.7010666325        236.8569981511995        23.49996537664131    
    67.50000000000000        3851.925769106674        70.71168860763460        5003.875129226452        354361.4142896737        236.8588932088319        22.49996689806641    
    68.50000000000000        4165.924754196609        71.01973566933800        5047.397819148574        358976.7015655309        236.8607610594270        21.49996839764797    
    69.50000000000000        4487.741032069975        71.31300459594387        5089.006121566751        363407.3110752723        236.8626033990030        20.49996987674764    
    70.50000000000000        4814.375874533423        71.59152280347159        5128.678244731289        367648.3541926967        236.8644218468738        19.49997133666550    
    71.50000000000000        5142.371955774463        71.85532504266997        5166.394859110432        371695.3137269563        236.8662179518625        18.49997277864499    
    72.50000000000000        5467.897476415392        72.10445910702893        5202.139822234118        375544.1173331302        236.8679931980495        17.49997420387761    
    73.50000000000000        5786.784495315256        72.33897244029340        5235.898331813148        379190.9516332646        236.8697490100996        16.49997561350715    
    74.50000000000000        6094.614386629009        72.55892345124951        5267.658562584587        382632.4450148910        236.8714867582129        15.49997700863365    
    75.50000000000000        6386.843032276203        72.76437040620090        5297.409980629389        385865.4803350412        236.8732077627369        14.49997839031715    
    76.50000000000000        6658.864913300577        72.95536820074464        5325.142964935189        388887.1679375923        236.8749132984747        13.49997975958114    
    77.50000000000000        6906.201016529698        73.13197912210038        5350.850249928145        391694.9934237004        236.8766045987205        12.49998111741573    
    78.50000000000000        7124.592963791025        73.29425868743691        5374.524908727572        394286.6058952575        236.8782828590513        11.49998246478079    
    79.50000000000000        7310.142536868779        73.44225359690225        5396.160021055906        396659.7811969349        236.8799492408995        10.49998380260878    
    80.50000000000000        7457.477154901957        73.57598680673253        5415.746589232179        398812.2073168676        236.8816048749320        9.499985131807415    
    81.50000000000000        7569.777163758993        73.69557358372694        5433.289771582472        400743.1857998964        236.8832508642556        8.499986453262334    
    82.50000000000000        7638.978269073208        73.80096246002468        5448.772466550567        402449.8023506131        236.8848882874699        7.499987767839485    
    83.50000000000000        7656.643418255837        73.89152879042109        5462.093253112952        403919.8280219176        236.8865182015857        6.499989076387449    
    84.50000000000000        7649.678641899711        73.96928652274094        5473.542203965286        405184.6063645004        236.8881416448270        5.499990379739772    
    85.50000000000000        7591.049491304350        74.03221671006919        5482.814361481076        406209.6076620601        236.8897596393313        4.499991678717065    
    86.50000000000000        7491.074259567974        74.08097263622345        5490.000981799847        407004.3731793586        236.8913731937650        3.499992974129102    
    87.50000000000000        7351.694276583559        74.11552210711822        5495.093189462078        407567.4688433123        236.8929833058671        2.499994266776912    
    88.50000000000000        7175.600658239907        74.13582999370664        5498.082847167934        407897.6702163568        236.8945909649360        1.499995557454749    
    89.50000000000000        6966.087904468725        74.14185445998373        5498.962024645329        407993.9072558749        236.8961971542717       0.4999968469520138    
    90.50000000000000        6726.928429844277        74.13353807368070        5497.721688250869        407855.1195857979        236.8978028535873      -0.5000018639447370    
    91.50000000000000        6462.295383050146        74.11081796766672        5494.353184678801        407480.4190600871        236.8994090414016       -1.500000574449906    
    92.50000000000000        6176.606130418570        74.07362727925072        5488.848534329758        406869.1314222641        236.9010166974254       -2.499999283776979    
    93.50000000000000        5874.388804610927        74.02188601725969        5481.199058891711        406020.6408791062        236.9026268049540       -3.499997991136524    
    94.50000000000000        5560.168154411307        73.95550980766366        5471.396679897944        404934.5340687733        236.9042403532790       -4.499996695734300    
    95.50000000000000        5238.346613751291        73.87441613208850        5459.434922356928        403610.7196917836        236.9058583401299       -5.499995396769326    
    96.50000000000000        4913.106806066001        73.77852093389572        5445.308436681820        402049.3767793514        236.9074817741614       -6.499994093431819    
    97.50000000000000        4588.321950459695        73.66774446256458        5429.013865180654        400251.0494517353        236.9091116774968       -7.499992784901192    
    98.50000000000000        4267.503143313985        73.54200422647632        5410.548834579130        398216.5371580158        236.9107490883434       -8.499991470343931    
    99.50000000000000        3953.733946469342        73.40122663230923        5389.913731867063        395947.0956309090        236.9123950636927       -9.499990148911490    
    100.5000000000000        3649.644636306034        73.24533900142403        5367.110455507571        393444.2878744298        236.9140506821225       -10.49998881973794    
    101.5000000000000        3357.407539137742        73.07428228483204        5342.144377526949        390710.2083216329        236.9157170467151       -11.49998748193771    
    102.5000000000000        3078.741947497688        72.88799191740071        5315.021459868660        387747.1535961530        236.9173952881096       -12.49998613460310    
    103.5000000000000        2814.925675903980        72.68642251902401        5285.751943767977        384558.0325839808        236.9190865677085       -13.49998477680172    
    104.5000000000000        2566.831415117977        72.46953695045730        5254.348700361961        381146.1760324115        236.9207920810550       -14.49998340757374    
    105.5000000000000        2334.963429207391        72.23732658231664        5220.830231498669        377515.6659640272        236.9225130614069       -15.49998202592912    
    106.5000000000000        2119.501163172442        71.98980297871802        5185.219396154507        373671.1851597180        236.9242507835274       -16.49998063084442    
    107.5000000000000        1920.336833835081        71.72699032942927        5147.542203982654        369617.8690605967        236.9260065677205       -17.49997922125968    
    108.5000000000000        1737.122445096843        71.44894170754210        5107.830163553217        365361.5556599735        236.9277817841393       -18.49997779607494    
    109.5000000000000        1569.321296100118        71.15572742299489        5066.118490484332        360908.5741149749        236.9295778573975       -19.49997635414649    
    110.5000000000000        1416.253603531488        70.84745121769126        5022.448368664477        356265.9763057972        236.9313962715203       -20.49997489428291    
    111.5000000000000        1277.128045204583        70.52423204815457        4976.864124774846        351441.2043535456        236.9332385752717       -21.49997341524086    
    112.5000000000000        1151.079914203323        70.18621675446006        4929.415055508710        346442.2840248976        236.9351063879011       -22.49997191572037    
    113.5000000000000        1037.202771595110        69.83358933801627        4880.156637197465        341277.9373780520        236.9370014053578       -23.49997039435989    
    114.5000000000000        934.5756959590400        69.46656605476248        4829.149598946082        335957.4540224359        236.9389254070253       -24.49996884973094    
    115.5000000000000        842.2853026187463        69.08539864610732        4776.460248049235        330490.7071800454        236.9408802630344       -25.49996728033211    
    116.5000000000000        759.4362829955408        68.69034844848061        4722.156565306736        324887.7089082278        236.9428679422243       -26.49996568458285    
    117.5000000000000        685.1663334705534        68.28168075688843        4666.307197237180        319158.4776780491        236.9448905208238       -27.49996406081628    
    118.5000000000000        618.6590359645697        67.85970367411826        4608.987058128296        313313.6423141350        236.9469501919390       -28.49996240727177    
    119.5000000000000        559.1531273056929        67.42476458012689        4550.276527338243        307364.3215764756        236.9490492759430       -29.49996072208651    
    120.5000000000000        505.9403247666316        66.97722362790155        4490.257521944921        301321.6865998380        236.9511902318756       -30.49995900328631    
    121.5000000000000        458.3655671790087        66.51743555912051        4429.010813542887        295196.6630919218        236.9533756699756       -31.49995724877567    
    122.5000000000000        415.8283031987620        66.04573394048761        4366.613744733702        288999.6822772460        236.9556083654877       -32.49995545632662    
    123.5000000000000        377.7860626090883        65.56249644539875        4303.149294215179        282741.6265410005        236.9578912739009       -33.49995362356638    
    124.5000000000000        343.7496610865005        65.06811124102120        4238.701287644409        276433.3169186173        236.9602275478027       -34.49995174796408    
    125.5000000000000        313.2774384210815        64.56296489921637        4173.352490591855        270085.2919770883        236.9626205555593       -35.49994982681557    
    126.5000000000000        285.9718000994361        64.04740528249744        4107.179594090753        263707.2994273826        236.9650739020593       -36.49994785722674    
    127.5000000000000        261.4792014695136        63.52180450151656        4040.261711285566        257309.1598444935        236.9675914518008       -37.49994583609517    
    128.5000000000000        239.4852807773683        62.98655919423103        3972.680271521713        250900.7435771877        236.9701773546405       -38.49994376008932    
    129.5000000000000        219.7116960353520        62.44206066208960        3904.514906974070        244491.5474141622        236.9728360745746       -39.49994162562539    
    130.5000000000000        201.9089037664221        61.88866715797581        3835.839734809037        238090.3229753201        236.9755724219844       -40.49993942884159    
    131.5000000000000        185.8565989196209        61.32671980914122        3766.725573257670        231705.3104236333        236.9783915898438       -41.49993716556898    
    132.5000000000000        171.3604928486398        60.75659973194154        3697.247312270690        225344.9576471746        236.9812991944782       -42.49993483129864    
    133.5000000000000        158.2492302981996        60.17869490648791        3627.479387736816        219017.4603326598        236.9843013215579       -43.49993242114496    
    134.5000000000000        146.3712043071146        59.59338523125661        3557.493744093872        212730.5589727612        236.9874045781348       -44.49992992980376    
    135.5000000000000        135.5914615995932        59.00101257343921        3487.356145398763        206491.2028990329        236.9906161516720       -45.49992735150479    
    136.5000000000000        125.7911335407895        58.40193367368649        3417.132920256211        200306.2013478196        236.9939438771956       -46.49992467995806    
    137.5000000000000        116.8656345460706        57.79653502928202        3346.892633505871        194182.3686554647        236.9973963139033       -47.49992190829214    
    138.5000000000000        108.7227449077752        57.18519866126832        3276.701666018374        188126.1025573953        237.0009828328314       -48.49991902898385    
    139.5000000000000        101.2804117324760        56.56828623134258        3206.622341724466        182143.2239264614        237.0047137174870       -49.49991603377746    
    140.5000000000000        94.46613616150390        55.94614710660947        3136.713708174546        176239.0380555729        237.0086002797480       -50.49991291359171    
    141.5000000000000        88.21600671102982        55.31916668059914        3067.037680710097        170418.9274257783        237.0126549938059       -51.49990965841211    
    142.5000000000000        82.47325682609609        54.68773564075205        2997.654979285686        164687.9593956147        237.0168916515197       -52.49990625716644    
    143.5000000000000        77.18728085266221        54.05224668024687        2928.624749294843        159050.8608568430        237.0213255432906       -53.49990269757939    
    144.5000000000000        72.31324778742656        53.41308126238900        2860.002948255358        153511.8789371017        237.0259736694872       -54.49989896600280    
    145.5000000000000        67.81114323837123        52.77057765099720        2791.838709263091        148074.4791178356        237.0308549886226       -55.49989504721660    
    146.5000000000000        63.64570362035769        52.12513634881009        2724.186472485236        142742.4035955823        237.0359907099633       -56.49989092419371    
    147.5000000000000        59.78542795631791        51.47715534268409        2657.098454400465        137519.0226548568        237.0414046401397       -57.49988657782184    
    148.5000000000000        56.20262832505696        50.82704377716598        2590.625986351203        132407.4405381131        237.0471235957605       -58.49988198657228    
    149.5000000000000        52.87196213451409        50.17519794714300        2524.817079329690        127410.3197646283        237.0531778971772       -59.49987712610348    
    150.5000000000000        49.77130099250611        49.52201978902395        2459.718234834338        122530.0233687734        237.0596019626588       -60.49987196878391    
    151.5000000000000        46.88012796425949        48.86786397713634        2395.368924321543        117768.1904031799        237.0664350276340       -61.49986648311486    
    152.5000000000000        44.18060811089125        48.21311057390639        2331.809376154443        113126.3752722155        237.0737220208419       -62.49986063302688    
    153.5000000000000        41.65675879214714        47.55816676296931        2269.080769468189        108606.0718525311        237.0815146388321       -63.49985437701718    
    154.5000000000000        39.29410323709893        46.90342944829283        2207.221130091255        104208.3852542096        237.0898726732678       -64.49984766708408    
    155.5000000000000        37.07980538140259        46.24930151084978        2146.267042994211        99934.17829527312        237.0988656632544       -65.49984044740053    
    156.5000000000000        35.00225005021793        45.59616600520323        2086.251143761531        95783.89568220546        237.1085749695113       -66.49983265264866    
    157.5000000000000        33.05091395716737        44.94441912468837        2027.205314204924        91757.80854608325        237.1190964016195       -67.49982420591088    
    158.5000000000000        31.21631988298489        44.29445022539348        1969.158704250216        87855.87570833619        237.1305435784103       -68.49981501597196    
    159.5000000000000        29.49001587383357        43.64658756151281        1912.133048818506        84077.45070528984        237.1430522718256       -69.49980497383143    
    160.5000000000000        27.86426232622735        43.00121124282619        1856.152845159425        80421.98055064185        237.1567860872726       -70.49979394814352    
    161.5000000000000        26.33197564819748        42.35867571727010        1801.238480790075        76888.55736654568        237.1719439861457       -71.49978177917770    
    162.5000000000000        24.88693584182955        41.71935669744346        1747.410594902869        73476.22997933622        237.1887703873397       -72.49976827070859    
    163.5000000000000        23.52334634567325        41.08360603756982        1694.686067019874        70183.74194650176        237.2075689417932       -73.49975317895760    
    164.5000000000000        22.23632017496385        40.45178265532785        1643.080570205854        67009.69904699046        237.2287216387254       -74.49973619725328    
    165.5000000000000        21.02054582128693        39.82426538932690        1592.609765698344        63952.65822690201        237.2527158172609       -75.49971693434502    
    166.5000000000000        19.87200810404710        39.20137306904866        1543.282792161519        61010.73582073001        237.2801831821240       -76.49969488307930    
    167.5000000000000        18.78648207594369        38.58346610082184        1495.110489288651        58182.11684348140        237.3119575449105       -77.49966937404129    
    168.5000000000000        17.76051394203818        37.97088313908061        1448.100455543511        55464.76997157697        237.3491626875918       -78.49963950501179    
    169.5000000000000        16.79059860036191        37.36391010428435        1402.254910887873        52856.34444967909        237.3933504265817       -79.49960403011833    
    170.5000000000000        15.87340992937267        36.76286131879657        1357.577056592468        50354.54966746895        237.4467258602905       -80.49956117898522    
    171.5000000000000        15.00614305959894        36.16806026838725        1314.069203068223        47957.03039023342        237.5125315818720       -81.49950834824466    
    172.5000000000000        14.18599327817357        35.57980244412735        1271.730462786295        45661.26900840885        237.5957391822844       -82.49944154630508    
    173.5000000000000        13.41044051697238        34.99834330549900        1230.556061362448        43464.56079905655        237.7043788504021       -83.49935432572612    
    174.5000000000000        12.67695286439138        34.42393864026599        1190.540391618309        41364.19080347090        237.8523187970662       -84.49923555130241    
    175.5000000000000        11.98338603387368        33.85686155250081        1151.677899932017        39357.46707857516        238.0657482376156       -85.49906419366754    
    176.5000000000000        11.32775140882545        33.29732923538379        1113.958659726987        37441.52670149929        238.4007633318867       -86.49879520410558    
    177.5000000000000        10.70772315099778        32.74557821183708        1077.373270711909        35613.57599688291        239.0030883530939       -87.49831153167972    
    178.5000000000000        10.12169695052593        32.20180388473801        1041.908992519645        33870.70670491578        240.4057667053695       -88.49718476008246    
    179.5000000000000        9.567703742534185        31.66620203587330        1007.552592687517        32210.04407202448        247.3220944712276       -89.49160999115320    
    180.5000000000000        9.044330484637687        31.13892752440973        974.2879957051061        30628.65110194412        46.47211985078928       -89.49160013862289    
    181.5000000000000        8.549790002277566        30.62019499754572        942.1022521671568        29123.77703705847        53.38826669826692       -88.49717476096197    
    182.5000000000000        8.082640980979225        30.11009704617249        910.9747843815162        27692.41049296008        54.79093010734699       -87.49830152054727    
    183.5000000000000        7.641584898143545        29.60875997218439        880.8870252561709        26331.70149324600        55.39325099892040       -86.49878518965622    
    184.5000000000000        7.224983805206976        29.11633400042882        851.8217877009597        25038.93890691807        55.72826439216522       -85.49905417785219    
    185.5000000000000        6.831933108561016        28.63289547744559        823.7574301584535        23811.28646052615        55.94169297130606       -84.49922553479539    
    186.5000000000000        6.460873402756382        28.15854328317416        796.6736937949236        22646.04723749975        56.08963242242698       -83.49934430882126    
    187.5000000000000        6.110950072119471        27.69335630328834        770.5495020397055        21540.57582239739        56.19827177959925       -82.49943152915056    
    188.5000000000000        5.780670344635939        27.23731799186347        745.3584511561832        20492.07467159801        56.28147917218718       -81.49949833092325    
    189.5000000000000        5.469575411763672        26.79061282292123        721.0859538603291        19498.33594151905        56.34728474804089       -80.49955116154683    
    190.5000000000000        5.175912098626699        26.35308446679711        697.6986146648526        18556.43696153424        56.40066007563694       -79.49959401259476    
    191.5000000000000        4.899494485137918        25.92496014744502        675.1847090661694        17664.43987304942        56.44484773497207       -78.49962948742424    
    192.5000000000000        4.638715786364286        25.50600968092602        653.5082036656707        16819.49429714657        56.48205281634044       -77.49965935640454    
    193.5000000000000        4.393270665618946        25.09647954056329        632.6589106334450        16019.86452525821        56.51382713092894       -76.49968486540384    
    194.5000000000000        4.161856067698170        24.69605533052997        612.5978560121043        15262.75748229807        56.54129445721974       -75.49970691663860    
    195.5000000000000        3.944056942382901        24.30498580018768        593.3158801884540        14546.62180403513        56.56528860440694       -74.49972617952169    
    196.5000000000000        3.738886926833486        23.92293324559493        574.7743251941893        13868.83905200479        56.58644127551810       -73.49974316120530    
    197.5000000000000        3.545728903985166        23.55012024183672        556.9638019693595        13227.98852245738        56.60523980845154       -72.49975825293900    
    198.5000000000000        3.363894208663898        23.18624945147100        539.8491599961708        12621.73295608044        56.62206619152238       -71.49977176139353    
    199.5000000000000        3.192664560182317        22.83138975348779        523.4147131203736        12048.55262306960        56.63722407499085       -70.49978393034701    
    200.5000000000000        3.031543203687272        22.48537082916921        507.6330946893182        11506.53714454957        56.65095787723447       -69.49979495602430    
    201.5000000000000        2.879824102556361        22.14813483077027        492.4837690394355        10994.11272411845        56.66346655924818       -68.49980499815570    
    202.5000000000000        2.737039783715701        21.81956547338454        477.9436478852051        10509.65635178902        56.67491372612611       -67.49981418808667    
    203.5000000000000        2.602643218438849        21.49955455933038        463.9910601489651        10051.66439938856        56.68543514956234       -66.49982263481746    
    204.5000000000000        2.476107314718475        21.18798290105660        450.6044861414171        9618.691379093782        56.69514444819001       -65.49983042956319    
    205.5000000000000        2.357014047277554        20.88472357233167        437.7627074827611        9209.353006513336        56.70413743142987       -64.49983764924136    
    206.5000000000000        2.244884102918137        20.58965806276345        425.4457747856860        8822.364084199829        56.71249545987075       -63.49984435916965    
    207.5000000000000        2.139313798410464        20.30264093181525        413.6330958952444        8456.460782852702        56.72028807251100       -62.49985061517505    
    208.5000000000000        2.039912101448980        20.02354254309255        402.3055775434073        8110.477951125583        56.72757506092479       -61.49985646525917    
    209.5000000000000        1.946302213505338        19.75222271337982        391.4443452320993        7783.300192624363        56.73440812158803       -60.49986195092477    
    210.5000000000000        1.858150740882899        19.48854731064451        381.0313982326645        7473.879396442948        56.74083218317747       -59.49986710824121    
    211.5000000000000        1.775117171249578        19.23235806240323        371.0484584649039        7181.199855353457        56.74688648106981       -58.49987196870718    
    212.5000000000000        1.696895191193043        18.98352936659413        361.4791690926805        6904.340064360083        56.75260543348928       -57.49987655995417    
    213.5000000000000        1.623206794281775        18.74190341624021        352.3064968690693        6642.392851626598        56.75801936074974       -56.49988090632371    
    214.5000000000000        1.553764845665160        18.50734322737423        343.5148610146538        6394.527724100006        56.76315507942720       -55.49988502934445    
    215.5000000000000        1.488327688611186        18.27969943186401        335.0887286224432        6159.944983461402        56.76803639612428       -54.49988894812870    
    216.5000000000000        1.426641720717466        18.05883108632450        327.0134717057540        5937.900637239876        56.77268452008325       -53.49989267970347    
    217.5000000000000        1.368494525463915        17.84459027784451        319.2747238770862        5727.684918354247        56.77711840979623       -52.49989623928888    
    218.5000000000000        1.313662038588638        17.63683934835546        311.8590064808616        5528.638116195498        56.78135506561345       -51.49989964053304    
    219.5000000000000        1.261957274414869        17.43543179751858        304.7530207662817        5340.129601874510        56.78540977791998       -50.49990289571123    
    220.5000000000000        1.213184389463263        17.24023653052052        297.9444876760880        5161.578491738244        56.78929633856104       -49.49990601589567    
    221.5000000000000        1.167176210633722        17.05111101870228        291.4211721304097        4992.425966654351        56.79302722171556       -48.49990901110085    
    222.5000000000000        1.123761252794316        16.86792419113773        285.1716772553683        4832.154927470896        56.79661373925052       -47.49991189040804    
    223.5000000000000        1.082791253043116        16.69054086360207        279.1848628570953        4680.272886629843        56.80006617466341       -46.49991466207290    
    224.5000000000000        1.044119316296066        16.51883412707931        273.4502871510608        4536.322922374470        56.80339389898171       -45.49991733361868    
    225.5000000000000        1.007610585104499        16.35267561010272        267.9578104112201        4399.871061670676        56.80660547139581       -44.49991991191673    
    226.5000000000000       0.9731384810014704        16.19193893133730        262.6977254022460        4270.509248630930        56.80970872692459       -43.49992240325710    
    227.5000000000000       0.9405834344591700        16.03650316384411        257.6608530961911        4147.856583411025        56.81271085302523       -42.49992481341000    
    228.5000000000000       0.9098365593027042        15.88624896722455        252.8383760223780        4031.553555544807        56.81561845674398       -41.49992714767960    
    229.5000000000000       0.8807915137112579        15.74105988017446        248.2218916775686        3921.263118122041        56.81843762374631       -40.49992941095155    
    230.5000000000000       0.8533539273577521        15.60082296065105        243.8033878286251        3816.668394994840        56.82117397035304       -39.49993160773467    
    231.5000000000000       0.8274315448789327        15.46542780644417        239.5752171062837        3717.471793193913        56.82383268953427       -38.49993374219797    
    232.5000000000000       0.8029391543307076        15.33476819503569        235.5301268905612        3623.394706117008        56.82641859166732       -37.49993581820330    
    233.5000000000000       0.7797997510892016        15.20874025754283        231.6611822390399        3534.174823164873        56.82893614074539       -36.49993783933432    
    234.5000000000000       0.7579376124911392        15.08724429783731        227.9618170321785        3449.566837548282        56.83138948662203       -35.49993980892262    
    235.5000000000000       0.7372825229435743        14.97018355257251        224.4257744886978        3369.340212322139        56.83378249379263       -34.49994173007072    
    236.5000000000000       0.7177716149998970        14.85746416557628        221.0470979211130        3293.278472164675        56.83611876714339       -33.49994360567256    
    237.5000000000000       0.6993440870173879        14.74899557057184        217.8201311392513        3221.178662037236        56.83840167503801       -32.49994543843235    
    238.5000000000000       0.6819428204443376        14.64469067672580        214.7395104685076        3152.850592215842        56.84063437006222       -31.49994723088106    
    239.5000000000000       0.6655147877879260        14.54446624252448        211.8001650380391        3088.116362048055        56.84281980770305       -30.49994898539130    
    240.5000000000000       0.6500112472015347        14.44824077284413        208.9972434822747        3026.808259133697        56.84496076320330       -29.49995070419113    
    241.5000000000000       0.6353855770377207        14.35593692670410        206.3261774648077        2968.769798778668        56.84705984680043       -28.49995238937611    
    242.5000000000000       0.6215952677405330        14.26748015607335        203.7826313380591        2913.854201309658        56.84911951753264       -27.49995404292029    
    243.5000000000000       0.6085993612872839        14.18279932085129        201.3625104486083        2861.924194150113        56.85114209577171       -26.49995566668655    
    244.5000000000000       0.5963609418889376        14.10182587033312        199.0619299051508        2812.851016077252        56.85312977462258       -25.49995726243559    
    245.5000000000000       0.5848449312353006        14.02449427553930        196.8772199907699        2766.514241172212        56.85508463031291       -24.49995883183413    
    246.5000000000000       0.5740189048026529        13.95074221176625        194.8049229616510        2722.801402197891        56.85700863168076       -23.49996037646284    
    247.5000000000000       0.5638522495370573        13.88051004223799        192.8417720609067        2681.607290857479        56.85890364885624       -22.49996189782311    
    248.5000000000000       0.5543170789361183        13.81374129450717        190.9846983515250        2642.833855364748        56.86077146122176       -21.49996339734338    
    249.5000000000000       0.5453866720383056        13.75038229948837        189.2308144217282        2606.389630504547        56.86261376472579       -20.49996487638522    
    250.5000000000000       0.5370363914043890        13.69038189642943        187.5774009373398        2572.189257484414        56.86443217861716       -19.49996633624863    
    251.5000000000000       0.5292444929027498        13.63369151903621        186.0219039039648        2540.153239055951        56.86622825165910       -18.49996777817690    
    252.5000000000000       0.5219896942785285        13.58026546042313        184.5619365803170        2510.207793866319        56.86800346787613       -17.49996920336147    
    253.5000000000000       0.5152526593016931        13.53006072202421        183.1952709856746        2482.284524783009        56.86975925188153       -16.49997061294608    
    254.5000000000000       0.5090159404139158        13.48303671047408        181.9198253631640        2456.320013873265        56.87149697382776       -15.49997200803062    
    255.5000000000000       0.5032631223768290        13.43915595201632        180.7336796316479        2432.256001025638        56.87321795401844       -14.49997338967511    
    256.5000000000000       0.4979792390777810        13.39838345340235        179.6350542728309        2410.038827826348        56.87492346721628       -13.49997475890299    
    257.5000000000000       0.4931506229544478        13.36068633888270        178.6222974068228        2389.619067431149        56.87661474667858       -12.49997611670425    
    258.5000000000000       0.4887643829369027        13.32603436750088        177.6938956263098        2370.951640554654        56.87829298794841       -11.49997746403874    
    259.5000000000000       0.4848096048244662        13.29439973661472        176.8484656102453        2353.995547397344        56.87995935242765       -10.49997880183891    
    260.5000000000000       0.4812765358315699        13.26575721676612        176.0847555543857        2338.713820527184        56.88161497075541       -9.499980131012361    
    261.5000000000000       0.4781563769314412        13.24008381974246        175.4016337242289        2325.073214966420        56.88326094601359       -8.499981452444718    
    262.5000000000000       0.4754407050782737        13.21735899527266        174.7980916803675        2313.044207008435        56.88489835677966       -7.499982767001940    
    263.5000000000000       0.4731224605875298        13.19756458712203        174.2732414000209        2302.600880548192        56.88652826004509       -6.499984075532499    
    264.5000000000000       0.4711959466229243        13.18068459103812        173.8263069096334        2293.720702381838        56.88815169401691       -5.499985378869945    
    265.5000000000000       0.4696563424979406        13.16670553792861        173.4566333314051        2286.384663809599        56.88976968081834       -4.499986677834917    
    266.5000000000000       0.4684995532424194        13.15561640868738        173.1636833192156        2280.577169931346        56.89138322910384       -3.499987973237085    
    267.5000000000000       0.4677229305161037        13.14740832625730        172.9470278698408        2276.285825294345        56.89299333660302       -2.499989265877502    
    268.5000000000000       0.4673249100868459        13.14207467711643        172.8063488956440        2273.501463645592        56.89460099260715       -1.499990556550452    
    269.5000000000000       0.4673044079592053        13.13961132817560        172.7414442999475        2272.218228995163        56.89620718041165      -0.4999918460452501    
    270.5000000000000       0.4676613247057466        13.14001637007355        172.7522208795922        2272.433424563713        56.89781287972728       0.5000068648515136    
    271.5000000000000       0.4683966751014857        13.14329012134811        172.8386942210321        2274.147504572117        56.89941906907278        1.500005575354202    
    272.5000000000000       0.4695122787435794        13.14943525019538        173.0009919428909        2277.364139340611        56.90102672816126        2.500004284676375    
    273.5000000000000       0.4710106619165801        13.15845673755373        173.2393529205148        2282.090206292325        56.90263684029289        3.500002992028553    
    274.5000000000000       0.4728958689571397        13.17036167761571        173.5541225429378        2288.335711457672        56.90425039476604        4.500001696616447    
    275.5000000000000       0.4751727602119800        13.18515955561371        173.9457606573226        2296.113966189743        56.90586838931990        5.500000397639140    
    276.5000000000000       0.4777722857552427        13.20287974522269        174.4153047160676        2305.450796310872        56.90749183262088        6.499999094286784    
    277.5000000000000       0.4809251223804012        13.22348358798896        174.9620476185953        2316.338526851066        56.90912174680670        7.499997785738722    
    278.5000000000000       0.4844150422416273        13.24704036017177        175.5881885922076        2328.828245802346        56.91075917010143        8.499996471161534    
    279.5000000000000       0.4883253249849617        13.27355156178016        176.2941922250847        2342.937832235502        56.91240515951619        9.499995149706557    
    280.5000000000000       0.4926660404698641        13.30303862780810        177.0811070156965        2358.697969195310        56.91406079365082        10.49999382050780    
    281.5000000000000       0.4974490698102498        13.33552550874721        177.9501078834289        2376.143152632118        56.91572717561233        11.49999248267974    
    282.5000000000000       0.5026868554601601        13.37103836327920        178.9024889944590        2395.311592302385        56.91740543606787        12.49999113531460    
    283.5000000000000       0.5083933628105919        13.40960609834387        179.9396824440624        2416.245705143795        56.91909673645028        13.49998977747986    
    284.5000000000000       0.5145838759165745        13.45125991538867        181.0632472900563        2438.991949434831        56.92080227233680        14.49998840821578    
    285.5000000000000       0.5212752837817535        13.49603353064780        182.2748789811374        2463.601124458896        56.92252327702208        15.49998702653216    
    286.5000000000000       0.5284857386574233        13.54396297440909        183.5764063958263        2490.128400272958        56.92426102530966        16.49998563140547    
    287.5000000000000       0.5362355779131693        13.59508719717459        184.9698126986660        2518.633879800963        56.92601683754749        17.49998422177581    
    288.5000000000000       0.5445467734750116        13.64944790465796        186.4572346964500        2549.182715742392        56.92779208393620        18.49998279654304    
    289.5000000000000       0.5534425061505384        13.70708832458397        188.0409314663929        2581.844567806085        56.92958818914121        19.49998135456334    
    290.5000000000000       0.5629474717488074        13.76805485442750        189.7233359583561        2616.694864002382        56.93140663724341        20.49997989464532    
    291.5000000000000       0.5730884628866261        13.83239636886003        191.5070384879809        2653.814576769079        56.93324897706681        21.49997841554546    
    292.5000000000000       0.5838937965728585        13.90016631879459        193.3948538439784        2693.291888279144        56.93511682792583        22.49997691596365    
    293.5000000000000       0.5953949577449363        13.97142059033484        195.3897646662230        2735.221147810781        56.93701188583958        23.49997539453836    
    294.5000000000000       0.6076255421608719        14.04621809437209        197.4949440882538        2779.703568635022        56.93893593026648        24.49997384984087    
    295.5000000000000       0.6206219175234810        14.12462027352153        199.7137475549792        2826.847275338735        56.94089083141845        25.49997228036967    
    296.5000000000000       0.6344230623145123        14.20669066398364        202.0497062454643        2876.767395455602        56.94287855822154        26.49997068454409    
    297.5000000000000       0.6490701322556374        14.29249628481348        204.5065744377672        2929.587362021791        56.94490118699801        27.49996906069713    
    298.5000000000000       0.6646071436673745        14.38210720027596        207.0883253606059        2985.439138543416        56.94696091095460        28.49996740706789    
    299.5000000000000       0.6810817844588298        14.47559661420950        209.7991615048474        3044.463751486471        56.94906005057250        29.49996572179350    
    300.5000000000000       0.6985472457151575        14.57304099195588        212.6435266149904        3106.811894184505        56.95120106500769        30.49996400289958    
    301.5000000000000       0.7170584453122844        14.67451886654253        215.6260780880945        3172.643652072367        56.95338656462440        31.49996224829031    
    302.5000000000000       0.7366741159064380        14.78011231913647        218.7517416328706        3242.130150087044        56.95561932480184        32.49996045573761    
    303.5000000000000       0.7574581242527767        14.88990705174903        222.0257242271678        3315.454291658616        56.95790230117406        33.49995862286852    
    304.5000000000000       0.7794783727795246        15.00399103574187        225.4534792430746        3392.810313105762        56.96023864648532        34.49995674715174    
    305.5000000000000       0.8028085548156639        15.12245867017217        229.0408550954684        3474.407953367236        56.96263172927033        35.49995482588299    
    306.5000000000000       0.8275278643349827        15.24540208834866        232.7938213591012        3560.466200332909        56.96508515459991        36.49995285616787    
    307.5000000000000       0.8537204050845165        15.37292063377138        236.7187941084108        3651.221936635139        56.96760278716906        37.49995083490354    
    308.5000000000000       0.8814773519421255        15.50511801909909        240.8225518388909        3746.928370530375        56.97018877704725        38.49994875875820    
    309.5000000000000       0.9108929931994890        15.64209269452543        245.1119332596318        3847.848225860702        56.97284758846155        39.49994662414773    
    310.5000000000000       0.9420772564657584        15.78396293786858        249.5946909889184        3954.275940420027        56.97558403204292        40.49994442720982    
    311.5000000000000       0.9751334583514330        15.93082640079044        254.2781393936725        4066.504038694203        56.97840330103683        41.49994216377515    
    312.5000000000000        1.010190748275147        16.08281599276421        259.1710635618891        4184.872587569743        56.98131101206354        42.49993982933438    
    313.5000000000000        1.047368337722510        16.24002944267703        264.2813452519972        4309.709454074884        56.98431325111459        43.49993741900128    
    314.5000000000000        1.086815106551685        16.40260692085616        269.6186267239733        4441.399595503925        56.98741662559178        44.49993492747117    
    315.5000000000000        1.128667976153376        16.57065187285838        275.1916070472974        4580.316112778748        56.99062832334076        45.49993234897326    
    316.5000000000000        1.173094408874138        16.74431433450032        281.0109503982463        4726.897241769440        56.99395617980542        46.49992967721672    
    317.5000000000000        1.220256593202915        16.92369912419424        287.0860948920197        4881.563559847355        56.99740875464219        47.49992690532954    
    318.5000000000000        1.270344596053615        17.10895854072390        293.4285353375773        5044.806104689505        57.00099541939036        48.49992402578769    
    319.5000000000000        1.323547032840271        17.30021046335071        300.0489400995518        5217.110856772340        57.00472645811092        49.49992103033451    
    320.5000000000000        1.380079996351523        17.49760028212743        306.9593743516814        5399.019563218297        57.00861318329231        50.49991790988781    
    321.5000000000000        1.440165757814068        17.70125480339907        314.1716821332024        5591.087996925665        57.01266806980070        51.49991465443205    
    322.5000000000000        1.504048423162438        17.91131953310100        321.6988286021056        5793.923278141719        57.01690491024300        52.49991125289370    
    323.5000000000000        1.571989684004391        18.12793682772088        329.5541612732699        6008.166283001972        57.02133899585071        53.49990769299624    
    324.5000000000000        1.644254734248744        18.35123895989053        337.7511348282877        6234.484636791192        57.02598732791722        54.49990396109001    
    325.5000000000000        1.721159523521262        18.58138532683393        346.3047523359560        6473.615876331052        57.03086886598867        55.49990004195323    
    326.5000000000000        1.803001265517687        18.81850481843786        355.2294082278264        6726.308122283365        57.03600482048886        56.49989591855702    
    327.5000000000000        1.890150668086578        19.06276393601309        364.5414815652870        6993.395709406931        57.04141899934921        57.49989157178705    
    328.5000000000000        1.982935456091744        19.31429023533039        374.2564697654582        7275.720160984277        57.04713822064532        58.49988698011217    
    329.5000000000000        2.081796956147239        19.57324466280527        384.3917379067361        7574.210366901541        57.05319280638968        59.49988211918822    
    330.5000000000000        2.187124712401647        19.83976404269363        394.9643617401331        7889.823654941444        57.05961717673827        60.49987696138073    
    331.5000000000000        2.299377251068389        20.11399804292872        405.9925600757447        8223.589400238725        57.06645056927379        61.49987147518741    
    332.5000000000000        2.419037064883197        20.39608922891743        417.4949390139666        8576.589651806731        57.07373791520366        62.49986562453500    
    333.5000000000000        2.546632695937862        20.68616960387816        429.4903396900022        8949.956141597659        57.08153091392091        63.49985936791614    
    334.5000000000000        2.682711671134753        20.98439498012148        441.9992998652095        9344.919300620913        57.08988936037992        64.49985265732386    
    335.5000000000000        2.827877185010781        21.29088494174347        455.0415619193234        9762.732868131821        57.09888279751769        65.49984543692500    
    336.5000000000000        2.982763822724524        21.60577822911345        468.6383946971765        10204.74963228954        57.10859259054038        66.49983764139463    
    337.5000000000000        3.148026947405566        21.92920191770137        482.8113215068359        10672.38456884763        57.11911455431726        67.49982919380663    
    338.5000000000000        3.324454722244952        22.26128676527631        497.5827830384175        11167.13942445161        57.13056231395674        68.49982000293579    
    339.5000000000000        3.512806341778766        22.60213680921632        512.9748481155756        11690.56454020736        57.14307164890855        69.49980995976975    
    340.5000000000000        3.713921546149637        22.95190720196584        529.0125675309689        12244.37007279804        57.15680617363549        70.49979893294824    
    341.5000000000000        3.928673517668973        23.31065417897787        545.7173699274015        12830.21102280460        57.17196486055612        71.49978676272318    
    342.5000000000000        4.158098344228509        23.67851152703319        563.1148715853352        13449.95016186081        57.18879214212225        72.49977325284776    
    343.5000000000000        4.403148379706685        24.05551910967593        581.2269880542681        14105.38673891704        57.20759168613468        73.49975815951640    
    344.5000000000000        4.665028307240925        24.44183064068308        600.0820953073709        14798.63636658728        57.22874550305204        74.49974117602406    
    345.5000000000000        4.944675760586250        24.83737905063033        619.6980705238593        15531.48568974985        57.25274095913366        75.49972191107699    
    346.5000000000000        5.243671093687741        25.24234324867255        640.1060654484585        16306.30900839103        57.28020979433150        76.49969985746571    
    347.5000000000000        5.563042367787339        25.65668558695782        661.3266898437727        17125.14717704181        57.31198586682128        77.49967434570165    
    348.5000000000000        5.904430901887375        26.08046686826081        683.3863937636406        17990.35311256385        57.34919302147939        78.49964447346592    
    349.5000000000000        6.269283805966876        26.51369808777048        706.3095649303447        18904.27838227792        57.39338316178594        79.49960899474833    
    350.5000000000000        6.659153993080174        26.95636607750181        730.1199299412381        19869.33405694055        57.44676151020866        80.49956613897719    
    351.5000000000000        7.075866633764096        27.40847572745605        754.8424851774154        20888.05850308750        57.51257084292428        81.49951330249597    
    352.5000000000000        7.521219190250937        27.86996508373230        780.4992008238472        21962.95764700162        57.59578303262411        82.49944649326953    
    353.5000000000000        7.997299739758483        28.34085861528099        807.1171573919750        23096.83341294987        57.70442872551517        83.49935926313918    
    354.5000000000000        8.506161977685229        28.82106446301956        834.7173879927110        24292.32412692043        57.85237692734908        84.49924047565476    
    355.5000000000000        9.050152305825394        29.31051100780642        863.3220911831223        25552.19303018644        58.06581836763124        85.49906909908850    
    356.5000000000000        9.631706806537542        29.80912299441855        892.9536544348700        26879.30468961292        58.40085248966521        86.49880007963303    
    357.5000000000000        10.25359488327449        30.31680610386440        923.6334341033194        28276.56084237271        59.00321226180461        87.49831635298673    
    358.5000000000000        10.91856192644908        30.83346011798020        955.3824961638470        29746.93358799895        60.40597404145483        88.49718945297408    
    359.5000000000000        11.62983749252609        31.35898220449477        988.2220170426777        31293.49497048809        67.32275684150959        89.49161401097915    
