 # author: MA Kubiak / Space Research Center PAS Warsaw Poland, contact: mkubiak@cbk.waw.pl                          
 # code version Program.keplerV_ellipt_V2      , Dates: calkV:20/04/2026  ; part_pr:20/04/2026                       
 # czas no T v_mas, kier.naplywu(dl, szer) macierz obrotu (ecl to helio), r, theta, phi(ecl,spher), V_detector(ecl,cart), IBEX_energy_channel
 #     2025.994366000000        0.8088930000000000E-03     9480.000000000000        -11.28000000301609         251.5700000000000         11.95000000000000        0.2459841265748581        0.9692738567985851         0.000000000000000       -0.9615244635393438        0.2440174711049008        0.1261989691358298        0.1223213615382913       -0.3104294319752456E-01    0.9920049496797150        0.9750740000000000         98.24910400000000       -0.3438700000000000E-01    -29.44100000000000        -4.339000000000001       -0.8999999999999996E-02 00
 # routs_end= 150.00;    Maxwellian,    elliptOrb=Off                                                                                        
 # Numerical parameters: GridKl=10  GridKf=09  GridKV=05  epsV= 0.0000100  epssJon=.0010000                                                  
 # Numerical parameters: GridKl=10  GridKf=09  GridKV=05  epsV= 0.0000100  epssJon=.0010000; tessel128                                                                                                                                                                                                                                                                                                                                                                                                                                                                 
# Axis to the Sun: alpha_ecl= 274.1640000000000000 delta_Ecl= 0.0830000000000000 delta_Ax= 105.0000000000000000  repoint= 00093
 #  flag_atom: He                                                   
 #  flag_general:                                                   
 #                                                                  
 #                                                                  
  # Ly_a_Profil: zero                                               
  # flag_Itot: zero                                                 
 #  v_SW_Eqtr: speed3D.hybrid2026c_patched.dat                      
 #  n_SW_Eqtr: density3D.hybrid2026c_patched.dat                    
 #  phot_Eqtr: 0.8500000  phion_Helium_T12F107_2026c.dat            
 #  sigma_SW: p+He->H +He+, He + alpha (2 chnls);src:simuLosses.nb  
 #  flag_el:slow  swEqtrElectrons5.2026c.patched.dat                
 #  SW_lati: interpolation                                          
 #  phot_lati: analit pole-flattened after Pryor & Auchere          
 #
 #
 #
 #Spin  flux speed	speed^2 speed^3    long_ecl lat_ecl
   0.5000000000000000        133.9352441757076        31.85264855208277        1019.706712410451        32807.14086134179        96.01932624497445        74.90890137974391    
    1.500000000000000        141.2111873787674        32.36388456628470        1052.681217309502        34410.18494511291        99.71393546769076        74.84428821684338    
    2.500000000000000        148.9011055332037        32.88277774253056        1086.681068258186        36089.28767871686        103.3612547058988        74.71588167612229    
    3.500000000000000        157.0282878856050        33.40914540346212        1121.717618435451        37846.98395510310        106.9323564833544        74.52527041829362    
    4.500000000000000        165.6156151140858        33.94278494674985        1157.800248807903        39685.74892885626        110.4018843758791        74.27471733132712    
    5.500000000000000        174.6880039655030        34.48350656267120        1194.938849259002        41608.13587990167        113.7488988400770        73.96703372951733    
    6.500000000000000        184.2733557704924        35.03104127195721        1233.136909633308        43616.38888709079        116.9572857277656        73.60543754011290    
    7.500000000000000        194.3977274075486        35.58516105581244        1272.400345235051        45712.92626332585        120.0157582233675        73.19341016726611    
    8.500000000000000        205.0919048331485        36.14559483526702        1312.730918000698        47899.95605160807        122.9175338076810        72.73456396887120    
    9.500000000000000        216.3821851162793        36.71207021872698        1354.129485150169        50179.66182857466        125.6597913094542        72.23252834612299    
    10.50000000000000        228.3032863828973        37.28433223603390        1396.597065063913        52554.24192481041        128.2430122006670        71.69085841542335    
    11.50000000000000        240.8873559810505        37.86203860825661        1440.127328317294        55025.50039217406        130.6702932198858        71.11296686361821    
    12.50000000000000        254.1679984436884        38.44492060796609        1484.718003631046        57595.45195343885        132.9466931908515        70.50207722519224    
    13.50000000000000        268.1779644106667        39.03263738018541        1530.360157087355        60265.72106406702        135.0786525835382        69.86119547395789    
    14.50000000000000        282.9582839860470        39.62485359226828        1577.044037357997        63037.87061659142        137.0735040624054        69.19309630554234    
    15.50000000000000        298.5454000109021        40.22123566087756        1624.758383547421        65913.33167414303        138.9390775188047        68.50032054520861    
    16.50000000000000        314.9780950711007        40.82141875989011        1673.488034370869        68893.26771621537        140.6833937167413        67.78518050788632    
    17.50000000000000        332.2968987279645        41.42506618232578        1723.218408279838        71978.82260680090        142.3144356710561        67.04977067768911    
    18.50000000000000        350.5446852023737        42.03179242446352        1773.929391028880        75170.74706578943        143.8399849741980        66.29598163862694    
    19.50000000000000        369.7633270702811        42.64121111322011        1825.598982206778        78469.60005688253        145.2675103591406        65.52551570567418    
    20.50000000000000        389.9961624307076        43.25294326645874        1878.203996703302        81875.78515059914        146.6040969541434        64.73990314329158    
    21.50000000000000        411.2862530371860        43.86660043411279        1931.718622594029        85389.45039102044        147.8564063420860        63.94051820886740    
    22.50000000000000        433.6808022334226        44.48176535595412        1986.112728666362        89010.36834002333        149.0306593017646        63.12859452690303    
    23.50000000000000        457.2211221560356        45.09806146973470        2041.357736784405        92738.30110646425        150.1326347669081        62.30523949790915    
    24.50000000000000        481.9548007257322        45.71508027321653        2097.420417772854        96572.59323023276        151.1676799890753        61.47144758740731    
    25.50000000000000        507.9258711125825        46.33241240521297        2154.265466756556        100512.3227764796        152.1407281006246        60.62811243796511    
    26.50000000000000        535.1771928275512        46.94962918417396        2211.853572254261        104556.1421719195        153.0563202499725        59.77603781186580    
    27.50000000000000        563.7516349392779        47.56634486102334        2270.147745579422        108702.7488691106        153.9186302487707        58.91594741277559    
    28.50000000000000        593.6894049601592        48.18212909860201        2329.104570789729        112950.2222767137        154.7314902618071        58.04849365858263    
    29.50000000000000        625.0294774618758        48.79659041858586        2388.682496902664        117296.6323951122        155.4984165180835        57.17426548968919    
    30.50000000000000        657.8065904407963        49.40928576219491        2448.832904900184        121739.3697570430        156.2226343553099        56.29379530129660    
    31.50000000000000        692.0542997317095        50.01984828218960        2509.512794489628        126276.0794205594        156.9071021553390        55.40756508740700    
    32.50000000000000        727.8000421115510        50.62784646504528        2570.670646513653        130903.5894912402        157.5545339056304        54.51601188032774    
    33.50000000000000        765.0670292450473        51.23287786904273        2632.256112810037        135618.6541017051        158.1674202482963        53.61953256375460    
    34.50000000000000        803.8731813255961        51.83454441572243        2694.217272640385        140417.7165249268        158.7480479666079        52.71848813093878    
    35.50000000000000        844.2298929473722        52.43245767456719        2756.501530140216        145296.9994281686        159.2985179190465        51.81320745260742    
    36.50000000000000        886.1400328084947        53.02622495656873        2819.053965054209        150252.3513233969        159.8207614706380        50.90399061258837    
    37.50000000000000        929.5991811213833        53.61546111305973        2881.818752523433        155279.3661472838        160.3165554961647        49.99111186271261    
    38.50000000000000        974.5911640983378        54.19978840529610        2944.739119702598        160373.3697983225        160.7875360441296        49.07482224265844    
    39.50000000000000        1021.092761295093        54.77884293083850        3007.758286746081        165529.5103718913        161.2352107572384        48.15535190501748    
    40.50000000000000        1069.071111771875        55.35226196274019        3070.818104424439        170742.6415490419        161.6609701469523        47.23291218101344    
    41.50000000000000        1118.479756123143        55.91968352688358        3133.859015521511        176007.3147688472        162.0660978180484        46.30769741798047    
    42.50000000000000        1169.257116723129        56.48075964072078        3196.821584626939        181317.9060903222        162.4517797352990        45.37988661587392    
    43.50000000000000        1221.331126227472        57.03514606728280        3259.645482574387        186668.5371303477        162.8191126192310        44.44964488670576    
    44.50000000000000        1274.613381566259        57.58251150376282        3322.270612876258        192053.1734075603        163.1691115520413        43.51712475782764    
    45.50000000000000        1328.999530371081        58.12252394142720        3384.635671334430        197465.5077549056        163.5027168685591        42.58246733738186    
    46.50000000000000        1384.369859430666        58.65486248505918        3446.679514057789        202899.0750833827        163.8208004009441        41.64580335796564    
    47.50000000000000        1440.590616744186        59.17921707693177        3508.341301638679        208347.2777356477        164.1241711397741        40.70725411256704    
    48.50000000000000        1497.507574930037        59.69529107794731        3569.560857660925        213803.4194928613        164.4135803684350        39.76693229509777    
    49.50000000000000        1554.951502365033        60.20278877990092        3630.277291040522        219260.5901495127        164.6897263223394        38.82494275633594    
    50.50000000000000        1612.733546561800        60.70141998585247        3690.429636829533        224711.7297743335        164.9532584195075        37.88138318477486    
    51.50000000000000        1670.652974464695        61.19091642781482        3749.958941851579        230149.8261730692        165.2047811044570        36.93634472072335    
    52.50000000000000        1728.488444421399        61.67100881317256        3808.805534943359        235567.6708560426        165.4448573431561        35.98991251100224    
    53.50000000000000        1786.005880016274        62.14144944943932        3866.911926364277        240958.1368862892        165.6740118029886        35.04216621070547    
    54.50000000000000        1842.957948580683        62.60199636834023        3924.220933480761        246314.0129353414        165.8927337482340        34.09318043773128    
    55.50000000000000        1899.088413700067        63.05241656810854        3980.676176959518        251628.0594012881        166.1014796784562        33.14302518512098    
    56.50000000000000        1954.127217614297        63.49248543398029        4036.222093151738        256893.0179862965        166.3006757343977        32.19176619565914    
    57.50000000000000        2007.799454847787        63.92197562011648        4090.802616582402        262101.4965456605        166.4907198934627        31.23946530267756    
    58.50000000000000        2059.830574885682        64.34068711414301        4144.365097787694        267246.3538373326        166.6719839746127        30.28618074055813    
    59.50000000000000        2109.933164323563        64.74841270613139        4196.855926415400        272320.2845940457        166.8448154704823        29.33196742803624    
    60.50000000000000        2157.830143125257        65.14496351684214        4248.223956516164        277316.1663336421        167.0095392227037        28.37687722706165    
    61.50000000000000        2203.246284856410        65.53014609213308        4298.417548075733        282226.7747176773        167.1664589548114        27.42095917967059    
    62.50000000000000        2245.916298275744        65.90377608118295        4347.386444266075        287044.9791046955        167.3158586756428        26.46425972505587    
    63.50000000000000        2285.581409835759        66.26568097171918        4395.082213638611        291763.7969012904        167.4580039648488        25.50682289878690    
    64.50000000000000        2321.989988180910        66.61567965959867        4441.455522312672        296376.1228652862        167.5931431509647        24.54869051592382    
    65.50000000000000        2354.907306620751        66.95360704813251        4486.459561618247        300875.0900031721        167.7215083914456        23.58990233958744    
    66.50000000000000        2384.117425127276        67.27930378570390        4530.048715746225        305253.9430609306        167.8433166631361        22.63049623638470    
    67.50000000000000        2409.421862031465        67.59261717385066        4572.178729292373        309506.0629026024        167.9587706708006        21.67050831994607    
    68.50000000000000        2430.638302493477        67.89339570232548        4612.806034031311        313624.9081335585        168.0680596805927        20.70997308370499    
    69.50000000000000        2447.609072741527        68.18149943915067        4651.889191951008        317604.1688168488        168.1713602846573        19.74892352393714    
    70.50000000000000        2460.198201352152        68.45679228366635        4689.387888384241        321437.6713490366        168.2688371024560        18.78739125397723    
    71.50000000000000        2468.304454764138        68.71914670715807        4725.263678586539        325119.4688899454        168.3606434238542        17.82540661044327    
    72.50000000000000        2471.851819872112        68.96844447065951        4759.480121234450        328643.8619347716        168.4469217985152        16.86299875221936    
    73.50000000000000        2470.803368515327        69.20457982725654        4792.003279863499        332005.4597365859        168.5278045756993        15.90019575287826    
    74.50000000000000        2465.149340994763        69.42745325355800        4822.800888108067        335199.1000720346        168.6034143981645        14.93702468716294    
    75.50000000000000        2454.914967874705        69.63696016689217        4851.840803409145        338219.6933311304        168.6738646534958        13.97351171209147    
    76.50000000000000        2440.162407887561        69.83300598803531        4879.093194292906        341062.4636937855        168.7392598858636        13.00968214319997    
    77.50000000000000        2419.607162637521        70.01428379091433        4904.357796474022        343704.6358780818        168.7996961709063        12.04556052639524    
    78.50000000000000        2396.084189716420        70.18307550298040        4927.942059169597        346177.3036578543        168.8552614561597        11.08117070584965    
    79.50000000000000        2369.955439616969        70.33950211282277        4949.850936328103        348479.7756901062        168.9060358692041        10.11653588833680    
    80.50000000000000        2338.455877884597        70.48084851504071        4969.686595691885        350568.4263356737        168.9520919954695        9.151678704375353    
    81.50000000000000        2303.251470652413        70.60831914850898        4987.608208267055        352459.0042514973        168.9934951274304        8.186621266522648    
    82.50000000000000        2264.581945682017        70.72183900488386        5003.594676583668        354148.1908395468        169.0303034867231        7.221385225134619    
    83.50000000000000        2222.711615807730        70.82133954437512        5017.626909697301        355632.9873115406        169.0625684205418        6.255991821888806    
    84.50000000000000        2177.917815559098        70.90675900484811        5029.687887264167        356910.7254589492        169.0903345734977        5.290461941348648    
    85.50000000000000        2130.489949411889        70.97803489975104        5039.761616130455        357978.9604336742        169.1136400359730        4.324816160831303    
    86.50000000000000        2080.721724908256        71.03510940843734        5047.833910727260        358835.5569737139        169.1325164698489        3.359074798828130    
    87.50000000000000        2028.903243974479        71.07793125984705        5053.892683170821        359478.7238419149        169.1469892123506        2.393257962215425    
    88.50000000000000        1975.331681387093        71.10645889000963        5057.928430017531        359907.0708742997        169.1570773586192        1.427385592483320    
    89.50000000000000        1920.303206904807        71.12065519236252        5059.933477003849        360119.5281377426        169.1627938234887       0.4614775112033965    
    90.50000000000000        1864.105158463792        71.12049069932334        5059.902447436169        360115.3980789227        169.1641453828291      -0.5044465350502730    
    91.50000000000000        1807.012944276205        71.10593676761046        5057.831294793475        359894.2527008191        169.1611326946910       -1.470366830116472    
    92.50000000000000        1749.302657520555        71.07697465008398        5053.718628024451        359456.0787900880        169.1537503003722       -2.436263643790586    
    93.50000000000000        1691.229070775682        71.03359272625458        5047.565302512987        358801.2323447134        169.1419866054078       -3.402117187289696    
    94.50000000000000        1633.038578337062        70.97578439909522        5039.374123529484        357930.4066331199        169.1258238403701       -4.367907568431632    
    95.50000000000000        1574.965581845067        70.90354646034191        5029.149603928136        356844.6044801446        169.1052380012439       -5.333614746317972    
    96.50000000000000        1517.221714843701        70.81688685974960        5016.899081319109        355545.2577519600        169.0801987690254       -6.299218485307066    
    97.50000000000000        1460.009788009941        70.71581692252612        5002.631606781422        354034.1070069774        169.0506694080672       -7.264698308057907    
    98.50000000000000        1403.511644155660        70.60035686483970        4986.358707450022        352313.2789375808        169.0166066425649       -8.230033447417881    
    99.50000000000000        1347.893860139636        70.47053178920918        4968.093814127005        350385.2232602221        168.9779605104478       -9.195202796918624    
    100.5000000000000        1293.304407032573        70.32637721572890        4947.853032840555        348252.7913302545        168.9346741937975       -10.16018485963271    
    101.5000000000000        1239.875275323841        70.16793083721787        4925.653947852222        345919.1035887467        168.8866838247663       -11.12495769513118    
    102.5000000000000        1187.718141180041        69.99523972108460        4901.516634396721        343387.6538525810        168.8339182658151       -12.08949886426612    
    103.5000000000000        1136.930552766806        69.80835678238627        4875.463118215226        340662.2448809795        168.7762988629191       -13.05378537148467    
    104.5000000000000        1087.598095374648        69.60734608903074        4847.518107346275        337747.0611988720        168.7137391702084       -14.01779360436079    
    105.5000000000000        1039.787713174620        69.39227618480835        4817.707998400280        334646.5553410035        168.6461446443172       -14.98149927000736    
    106.5000000000000        993.5511623005718        69.16322595206785        4786.061687543593        331365.5288171041        168.5734123065019       -15.94487732800461    
    107.5000000000000        948.9283760651025        68.92028592316196        4752.610678932484        327909.1322558703        168.4954303703578       -16.90790191945152    
    108.5000000000000        905.9459812001083        68.66355505718474        4717.388607406036        324282.8090945455        168.4120778327125       -17.87054629171211    
    109.5000000000000        864.6168262486455        68.39315343829190        4680.432933395874        320492.4613923706        168.3232240249996       -18.83278271839075    
    110.5000000000000        824.9434648925420        68.10920318660301        4641.782223853546        316544.1558249806        168.2287281221103       -19.79458241402763    
    111.5000000000000        786.9183110627894        67.81184178400420        4601.477969932311        312444.3062251268        168.1284386053906       -20.75591544295690    
    112.5000000000000        750.5232428438507        67.50121702152924        4559.563784128231        308199.5756366487        168.0221926760829       -21.71675062171520    
    113.5000000000000        715.7329112456636        67.17748856433607        4516.085544154539        303816.8803880954        167.9098156151036       -22.67705541432761    
    114.5000000000000        682.5143238474211        66.84082087933707        4471.090376536990        299303.2769967703        167.7911200846019       -23.63679581972836    
    115.5000000000000        650.8297027247759        66.49139813000035        4424.628648141197        294666.1587156609        167.6659053662433       -24.59593625049603    
    116.5000000000000        620.6357351642006        66.12940510964125        4376.751234420293        289912.9588524496        167.5339565306107       -25.55443940199587    
    117.5000000000000        591.8860014337947        65.75503154907358        4327.510072883643        285051.2010433786        167.3950435315015       -26.51226611092223    
    118.5000000000000        564.5328471557606        65.36848514120979        4276.959818225175        280088.6532692129        167.2489202182131       -27.46937520212405    
    119.5000000000000        538.5249049081737        64.96997062988241        4225.154978005463        275033.0306975468        167.0953232581500       -28.42572332246944    
    120.5000000000000        513.8112206639190        64.55971585926947        4172.153270113025        269892.3172923697        166.9339709612351       -29.38126476036409    
    121.5000000000000        490.3407665811548        64.13795179516218        4118.012877998977        264674.4809634152        166.7645619966607       -30.33595124937788    
    122.5000000000000        468.0603815755910        63.70490783374600        4062.791790631677        259387.4017252251        166.5867739914566       -31.28973175425138    
    123.5000000000000        446.9193284554561        63.26083721543993        4006.551001887593        254039.1717051048        166.4002619991714       -32.24255223734874    
    124.5000000000000        426.8660282976002        62.80598521030750        3949.350271805831        248637.6702700357        166.2046568256415       -33.19435540338946    
    125.5000000000000        407.8512112623400        62.34063320335105        3891.253777498121        243191.1060558990        165.9995631973463       -34.14508042002540    
    126.5000000000000        389.8248884032063        61.86505027042799        3832.323714683817        237707.3826346762        165.7845577561962       -35.09466261152828    
    127.5000000000000        372.7385158575684        61.37951980220638        3772.623651971491        232194.4148002121        165.5591868627540       -36.04303312250880    
    128.5000000000000        356.5460733395585        60.88435490085737        3712.220342121791        226660.2879736171        165.3229641878269       -36.99011854819634    
    129.5000000000000        341.2003405692935        60.37982963315176        3651.174990350650        221112.4269289988        165.0753680700578       -37.93584052736181    
    130.5000000000000        326.6585676164137        59.86629502067720        3589.557717057789        215558.9485173583        164.8158386145745       -38.88011529345569    
    131.5000000000000        312.8776456365902        59.34403641202379        3527.429598240146        210006.9683661255        164.5437745048794       -39.82285317894878    
    132.5000000000000        299.8160897070400        58.81338935242530        3464.857103398366        204463.9510753379        164.2585294969675       -40.76395806719628    
    133.5000000000000        287.4363016962569        58.27471566272476        3401.908784471813        198937.3740916490        163.9594085611087       -41.70332678538011    
    134.5000000000000        275.6990457821030        57.72833076210776        3338.646534978760        193433.9426084885        163.6456636327916       -42.64084843120697    
    135.5000000000000        264.5680892953342        57.17459668775474        3275.136653774789        187960.5793505054        163.3164889299793       -43.57640362503373    
    136.5000000000000        254.0104269943520        56.61387005254337        3211.443592436901        182523.8646394291        162.9710157890482       -44.50986367793669    
    137.5000000000000        243.9931268371869        56.04653129383137        3147.633135340461        177130.2999482375        162.6083069665573       -45.44108966491371    
    138.5000000000000        234.4849879311310        55.47296301219635        3083.769898474009        171786.0948929662        162.2273503483296       -46.36993139088597    
    139.5000000000000        225.4555671465671        54.89352692116643        3019.914777627945        166496.9611991657        161.8270520012438       -47.29622623541451    
    140.5000000000000        216.8775713547656        54.30862092954116        2956.130950769604        161268.5879460117        161.4062284966910       -48.21979786003823    
    141.5000000000000        208.7237045051092        53.71861848947757        2892.477367117753        156106.1280704213        160.9635984279460       -49.14045475983328    
    142.5000000000000        200.9684145051705        53.12396469230332        2829.019292316502        151015.0696592636        160.4977730369160       -50.05798863815203    
    143.5000000000000        193.5873137334132        52.52503261896641        2765.812118064937        145999.8741490786        160.0072458591149       -50.97217258047485    
    144.5000000000000        186.5585935081237        51.92221984930633        2702.912250145124        141064.9066401479        159.4903812896795       -51.88275899985800    
    145.5000000000000        179.8609634425233        51.31593852390245        2640.375886620899        136214.3321018236        158.9454019683628       -52.78947732253440    
    146.5000000000000        173.4742062662903        50.70659997225141        2578.257149626570        131451.9542292783        158.3703748785554       -53.69203137777885    
    147.5000000000000        167.3785156909097        50.09461219450514        2516.607888557991        126781.2148200068        157.7631960556700       -54.59009645114529    
    148.5000000000000        161.5556651823347        49.48039217624525        2455.478931318680        122205.2969490235        157.1215738053240       -55.48331595459832    
    149.5000000000000        155.9890962696319        48.86435045684535        2394.918484803060        117727.0098978768        156.4430103439608       -56.37129766089250    
    150.5000000000000        150.6629376989884        48.24690880571297        2334.973949674879        113348.9373618586        155.7247817969810       -57.25360944284589    
    151.5000000000000        145.5626803405921        47.62845983167882        2275.687845026174        109073.1376090475        154.9639165263818       -58.12977445101272    
    152.5000000000000        140.6739697694615        47.00941736685935        2217.102765308980        104901.5179239021        154.1571718170724       -58.99926565589114    
    153.5000000000000        135.9846806869500        46.39017519090702        2159.257381943641        100835.5538866944        153.3010090361431       -59.86149967355874    
    154.5000000000000        131.4834375863878        45.77116117495239        2102.191743035515        96876.68704094752        152.3915675025988       -60.71582978708084    
    155.5000000000000        127.1577195983934        45.15275796330805        2045.939557959986        93025.76976340574        151.4246374797675       -61.56153807106408    
    156.5000000000000        122.9977794552764        44.53536483446503        1990.534323378109        89283.52949118432        150.3956329459324       -62.39782652465292    
    157.5000000000000        118.9950373841384        43.91936065279877        1936.005566271374        85650.29274076641        149.2995651324573       -63.22380712102239    
    158.5000000000000        115.1387264952261        43.30516751693996        1882.384956713855        82126.43388778434        148.1310182695575       -64.03849069177565    
    159.5000000000000        111.4202466353332        42.69313137051039        1829.695371617504        78711.63042975348        146.8841295797409       -64.84077458650475    
    160.5000000000000        107.8330303680967        42.08366673955933        1777.964105864699        75405.77834569513        145.5525763435959       -65.62942908645415    
    161.5000000000000        104.3714857511899        41.47710030141258        1727.208887313552        72208.05799006138        144.1295738687356       -66.40308261390460    
    162.5000000000000        101.0261832083413        40.87382065196282        1677.451376167313        69117.85472002487        142.6078894514315       -67.16020587488029    
    163.5000000000000        97.79330960192593        40.27418803056622        1628.708863269146        66134.19676806845        140.9798789453689       -67.89909521371241    
    164.5000000000000        94.66509745719132        39.67857497628204        1580.998047091942        63256.02262750204        139.2375543188128       -68.61785565762197    
    165.5000000000000        91.63797372650882        39.08725163756667        1534.326091238112        60481.66499779839        137.3726924965995       -69.31438440269868    
    166.5000000000000        88.70734999315285        38.50060004246925        1488.707500570563        57809.85322776471        135.3769976376098       -69.98635585311457    
    167.5000000000000        85.86667718335811        37.91892373401902        1444.149172002193        55238.83998328338        133.2423304069440       -70.63120978103571    
    168.5000000000000        83.11411381968836        37.34253375423621        1400.657435835599        52766.83495703903        130.9610181366430       -71.24614471999682    
    169.5000000000000        80.44411115473333        36.77171068273640        1358.234892074990        50391.81597434128        128.5262581031719       -71.82811930905766    
    170.5000000000000        77.85485067961204        36.20675298049013        1316.884639530325        48111.80428186343        125.9326212609232       -72.37386489825774    
    171.5000000000000        75.34241198672197        35.64791728054975        1276.605369084420        45924.56769890878        123.1766542686325       -72.87991318033031    
    172.5000000000000        72.90373285188646        35.09544538685833        1237.394037354445        43827.81039779144        120.2575623265253       -73.34264273357476    
    173.5000000000000        70.53678568575209        34.54963272016883        1199.250193993094        41819.37634368425        117.1779338515531       -73.75834788743371    
    174.5000000000000        68.23747649012569        34.01062465577782        1162.162550486289        39896.59136425448        113.9444418068464       -74.12333197289307    
    175.5000000000000        66.00517345433163        33.47871080889036        1126.128772321629        38057.26141355625        110.5684298356442       -74.43402457608657    
    176.5000000000000        63.83767327423709        32.95402168734561        1091.135255800667        36298.66403527236        107.0662717904726       -74.68711886094151    
    177.5000000000000        61.73351373267739        32.43678952156520        1057.174711509475        34618.43979904432        103.4593907375505       -74.87972071139477    
    178.5000000000000        59.69034196354308        31.92718057696000        1024.235104132120        33014.04319591114        99.77384736691485       -75.00949716705477    
    179.5000000000000        57.70625162156122        31.42534275188034        992.3028082951588        31482.90138709533        96.03946179554971       -75.07480856943299    
    180.5000000000000        55.78111342671993        30.93143630441002        961.3646314135465        30022.51422889579        92.28851067346726       -75.07480824157331    
    181.5000000000000        53.91205367888594        30.44554075213492        931.4024082861692        28630.21912779286        88.55412543256418       -75.00949618776295    
    182.5000000000000        52.09904396090117        29.96781199659538        902.4023932023304        27303.61205685040        84.86858270591027       -74.87971909325654    
    183.5000000000000        50.34084330141771        29.49831722779938        874.3454662822840        26040.10988911148        81.26170257872354       -74.68711662405428    
    184.5000000000000        48.63504384166944        29.03715255764154        847.2143098009881        24837.27867005404        77.75954569820784       -74.43402174687240    
    185.5000000000000        46.98193259986330        28.58439254900026        820.9904154313549        23692.69822039014        74.38353508128867       -74.12332858266552    
    186.5000000000000        45.38045359398598        28.14008485205323        795.6538719273816        22603.95554553187        71.15004452934842       -73.75834397088329    
    187.5000000000000        43.82965701191956        27.70426103052594        771.1841124047040        21568.68076631750        68.07041763655815       -73.34263832731649    
    188.5000000000000        42.32813203544789        27.27695924518063        747.5613182436484        20584.61042777433        65.15132732191283       -72.87990832161856    
    189.5000000000000        40.87517761454055        26.85816587011866        724.7629589415748        19649.42982245440        62.39536196485111       -72.37385962392858    
    190.5000000000000        39.47032328032680        26.44795892129737        702.7722429588282        18761.14609512238        59.80172673536052       -71.82811365471856    
    191.5000000000000        38.11179987320675        26.04625788030532        681.5636119638882        17917.45135460262        57.36696826907405       -71.24613871945354    
    192.5000000000000        36.79981369096805        25.65310626474670        661.1191401083684        17116.43733126406        55.08565750376339       -70.63120346592716    
    193.5000000000000        35.53267118100953        25.26846095544895        641.4166317822181        16356.08489658097        52.95099170482531       -69.98634925271759    
    194.5000000000000        34.30968741351567        24.89229172780052        622.4349300025332        15634.47513713903        50.95529819776972       -69.31437754386435    
    195.5000000000000        33.12997208348763        24.52453808565360        604.1520438920007        14949.72893527117        49.09043764472158       -68.61784856480698    
    196.5000000000000        31.99259946759380        24.16517173269265        586.5481810303592        14300.11366138960        47.34811420426598       -67.89908790907539    
    197.5000000000000        30.89645310693030        23.81411626191944        569.6016247245259        13683.88127274853        45.72010480288102       -67.16019837841921    
    198.5000000000000        29.84073387287095        23.47129807151470        553.2914029828102        13099.37109111148        44.19842141181031       -66.40307494361659    
    199.5000000000000        28.82432592068563        23.13666407943321        537.5982618959683        12545.04718285924        42.77541988858211       -65.62942125850465    
    200.5000000000000        27.84631778644614        22.81010952769632        522.5008728235027        12019.34585813567        41.44386753381706       -64.84076661539683    
    201.5000000000000        26.90564823836985        22.49155424995992        507.9798306268574        11520.83088048558        40.19697965971788       -64.03848259051344    
    202.5000000000000        26.00110465607288        22.18088832156274        494.0149191474200        11048.08689960261        39.02843355151285       -63.22379890126489    
    203.5000000000000        25.13200670883140        21.87803410897622        480.5880336209622        10599.82141189547        37.93236643626740       -62.39781819685633    
    204.5000000000000        24.29698325607048        21.58287245979449        467.6797552458802        10174.74227202850        36.90336254858391       -61.56152964461157    
    205.5000000000000        23.49519302409347        21.29530589808400        455.2722414454545        9771.655552771539        35.93643312398738       -60.71582127040013    
    206.5000000000000        22.72551302222145        21.01523637723179        443.3482236230598        9389.429280445198        35.02699214466551       -59.86149107422736    
    207.5000000000000        21.98684087068479        20.74253976071451        431.8898924834137        9026.954484810854        34.17082987757984       -58.99925698073054    
    208.5000000000000        21.27818257688410        20.47710327278257        420.8804715775346        8683.193450710529        33.36408564509586       -58.12976570617206    
    209.5000000000000        20.59849384683827        20.21880734243512        410.3035290396195        8357.158304818551        32.60322081739717       -57.25360063387623    
    210.5000000000000        19.94681466952829        19.96752982978620        400.1430510392104        8047.908369374431        31.88499268223080       -56.37128879281256    
    211.5000000000000        19.32217057487780        19.72314423162935        390.3833963611399        7754.547947148288        31.20642960419004       -55.48330703195253    
    212.5000000000000        18.72361539613348        19.48552302096410        381.0094201880665        7476.228216048356        30.56480771104620       -54.59008747805526    
    213.5000000000000        18.15018271478063        19.25453867295986        372.0064759443753        7212.144600099679        29.95762922140466       -53.69202235798869    
    214.5000000000000        17.60097653034330        19.03006133464071        363.3603372814483        6961.533525180040        29.38260244285282       -52.78946825945079    
    215.5000000000000        17.07511670955299        18.81196473041656        355.0573879410308        6723.675433562603        28.83762341259732       -51.88274989658574    
    216.5000000000000        16.57176613652943        18.60012561435153        347.0846075745008        6497.893405122957        28.32075911566242       -50.97216343984810    
    217.5000000000000        16.09012037771583        18.39442014608850        339.4293944017222        6283.545741678526        27.83023219328852       -50.05797946276212    
    218.5000000000000        15.62938744382940        18.19472852893129        332.0797245084922        6080.028962834626        27.36440704196726       -49.14044555205335    
    219.5000000000000        15.18877837471269        18.00093372029944        325.0240929424583        5886.774853317357        26.92177719844718       -48.21978862204499    
    220.5000000000000        14.76751424430108        17.81291882683129        318.2513978862634        5703.245748772714        26.50095390576093       -47.29621696920768    
    221.5000000000000        14.36481797907105        17.63056831623709        311.7509690512659        5528.934022494830        26.10065575821035       -46.36992209830549    
    222.5000000000000        13.97994870640399        17.45376784371813        305.5125408086614        5363.359944676846        25.71969932812407       -45.44108034765515    
    223.5000000000000        13.61218709007529        17.28240408034511        299.5262346815797        5206.070157943754        25.35699068323772       -44.50985433756486    
    224.5000000000000        13.26084659320731        17.11636760432594        293.7826499461899        5056.639087082152        25.01151771015795       -43.57639426299504    
    225.5000000000000        12.92525200237505        16.95554700195066        288.2726299105756        4914.661371625043        24.68234316616127       -42.64083904884021    
    226.5000000000000        12.60476829591025        16.79983312899857        282.9874077931611        4779.755037641890        24.36859838828164       -41.70331738392640    
    227.5000000000000        12.29877960388104        16.64911862568184        277.9185712517706        4651.559528040487        24.06947759508537       -40.76394864780778    
    228.5000000000000        12.00670907552453        16.50329844723237        273.0580676771037        4529.734968764032        23.78423272261502       -39.82284374269661    
    229.5000000000000        11.72799957389243        16.36226897613405        268.3981584728986        4413.960136394341        23.51216874164983       -38.88010584133701    
    230.5000000000000        11.46213565600364        16.22593275526388        263.9315717311870        4303.935717490047        23.25263940865368       -37.93583106030620    
    231.5000000000000        11.20862347535140        16.09419479692837        259.6513539565244        4199.379518789436        23.00504340756077       -36.99010906707166    
    232.5000000000000        10.96699535068782        15.96696258135821        255.5508606405763        4100.025634528829        22.76882084389745       -36.04302362812644    
    233.5000000000000        10.73679088571666        15.84414619057796        251.6237505457955        4005.623705842464        22.54345005667479       -35.09465310464763    
    234.5000000000000        10.51757414876372        15.72565774567919        247.8639541023085        3915.937511056576        22.32844471704009       -34.14507090135838    
    235.5000000000000        10.30893129647697        15.61141299913346        244.2657182846494        3830.745600874422        22.12335118587128       -33.19434587360441    
    236.5000000000000        10.11046926139730        15.50133143492669        240.8235959563653        3749.840429241156        21.92774610537080       -32.24254269707373    
    237.5000000000000        9.921805515347456        15.39533314585319        237.5323331497060        3673.025078106018        21.74123420228905       -31.28972220407761    
    238.5000000000000        9.742577280841084        15.29334184263769        234.3869605802738        3600.115128431769        21.56344628271424       -30.33594168986264    
    239.5000000000000        9.572434605171850        15.19528407968832        231.3827562112364        3530.937248583590        21.39403740042920       -29.38125519203321    
    240.5000000000000        9.411048216252928        15.10108765889641        228.5151855345593        3465.327363089847        21.23268518268200       -28.42571374581994    
    241.5000000000000        9.258113089889084        15.01068344039304        225.7799530076558        3403.131573264599        21.07908829886848       -27.46936561762638    
    242.5000000000000        9.113340256986886        14.92400640645140        223.1730280224996        3344.206448238810        20.93296505910172       -26.51225651902213    
    243.5000000000000        8.976450722189831        14.84099335371487        220.6905657667332        3288.416845866544        20.79405213096410       -25.55442980311646    
    244.5000000000000        8.847185187983198        14.76158357877792        218.3289189175954        3235.635834562419        20.66210336391960       -24.59592664503952    
    245.5000000000000        8.725300051895950        14.68571954465337        216.0846538930929        3185.744851038026        20.53688871192174       -23.63678620807746    
    246.5000000000000        8.610565897188573        14.61334555036077        213.9545032464702        3138.632333367889        20.41819324570032       -22.67704579684721    
    247.5000000000000        8.502768225574576        14.54440878181624        211.9353909779945        3094.194050444079        20.30581624705885       -21.71674099875370    
    248.5000000000000        8.401703998378228        14.47885857855409        210.0244060013062        3052.332305538619        20.19957037827658       -20.75590581484736    
    249.5000000000000        8.307183164403293        14.41664686665603        208.2188086278552        3012.955852078589        20.09928092039289       -19.79457278108902    
    250.5000000000000        8.219027742520902        14.35772794381376        206.5160201666957        2975.979492735602        20.00478507476618       -18.83277308092908    
    251.5000000000000        8.137073164599364        14.30205828462760        204.9136125524914        2941.323675204967        19.91593132285253       -17.87053665002133    
    252.5000000000000        8.061170116516111        14.24959652581497        203.4093032429785        2908.914211042343        19.83257883964746       -16.90789227381454    
    253.5000000000000        7.991180015619330        14.20030378560227        202.0009619095078        2878.682305593373        19.75459695668368       -15.94486767869421    
    254.5000000000000        7.926977464129034        14.15414411376505        200.6866203446989        2850.564654079236        19.68186467088346       -14.98148961728690    
    255.5000000000000        7.868439838906798        14.11108389840250        199.4644492215691        2824.502747627987        19.61427019593224       -14.01778394848512    
    256.5000000000000        7.815456778592987        14.07109148635669        198.3327446320129        2800.442482132342        19.55171055317267       -13.05377571270080    
    257.5000000000000        7.767934587072538        14.03413758380832        197.2899363506725        2778.334228190724        19.49409119932178       -12.08948920281387    
    258.5000000000000        7.725789465899580        14.00019522232818        196.3345846596204        2758.132678754367        19.44132568858922       -11.12494803124390    
    259.5000000000000        7.688944252393804        13.96923942689525        195.4653683045625        2739.796502079882        19.39333536702674       -10.16017519353792    
    260.5000000000000        7.657328251032550        13.94124754197887        194.6810916456625        2723.288420747997        19.35004909716938       -9.195193128838483    
    261.5000000000000        7.630885896316314        13.91619881509826        193.9806706743224        2708.574841162320        19.31140301124113       -8.230023777569881    
    262.5000000000000        7.609575915125662        13.89407420550854        193.3631253867496        2695.625620046914        19.27734029139296       -7.264688636655395    
    263.5000000000000        7.593370780130580        13.87485861119671        192.8276446638829        2684.415471593250        19.24781097562224       -6.299208812559665    
    264.5000000000000        7.582254109238085        13.85853876143844        192.3735213868205        2674.922449655975        19.22277178819068       -5.333605072432190    
    265.5000000000000        7.576209576311946        13.84510329325948        192.0001529279984        2667.127907032339        19.20218599351568       -4.367897893611370    
    266.5000000000000        7.575231874848493        13.83454278114027        191.7070420052065        2661.016504490611        19.18602327265719       -3.402107511736557    
    267.5000000000000        7.579332759202551        13.82684966839541        191.4937941649035        2656.576134997238        19.17425962166295       -2.436253967704530    
    268.5000000000000        7.582344880871772        13.82203466280685        191.3605751842858        2653.807498508792        19.16687727116727       -1.470357153696233    
    269.5000000000000        7.602833668874903        13.82004819546595        191.3059208923469        2652.678243268438        19.16386462676696      -0.5044368584936642    
    270.5000000000000        7.622298553858575        13.82093583155238        191.3310681339536        2653.213570340994        19.16521622982108       0.4614871876988519    
    271.5000000000000        7.646969605904149        13.82468249874819        191.4356129457415        2655.405378342429        19.17093273844153        1.427395268719980    
    272.5000000000000        7.676908660631723        13.83129108402701        191.6197012966478        2659.258108164181        19.18102092855963        2.393267637995231    
    273.5000000000000        7.712185191364852        13.84076719261627        191.8836054420976        2664.779906425591        19.19549371507120        3.359084473951973    
    274.5000000000000        7.752878566615700        13.85311709322504        192.2276638522723        2671.981306213090        19.21437019317925        4.324825835098610    
    275.5000000000000        7.799081744917393        13.86835003444987        192.6523512228098        2680.876826322145        19.23767570017215        5.290471614557068    
    276.5000000000000        7.850907599835597        13.88647665742501        193.1582320762240        2691.483957559875        19.26544189799487        6.256001493833564    
    277.5000000000000        7.908475288482098        13.90750908465631        193.7459629691608        2703.823211957614        19.29770687709447        7.221394895608065    
    278.5000000000000        7.971913477970388        13.93146263072437        194.4163449179670        2717.919343077558        19.33451528214873        8.186630935313923    
    279.5000000000000        8.041364358588622        13.95835507408155        195.1703026902877        2733.800917812069        19.37591846041963        9.151688371269685    
    280.5000000000000        8.116985080839513        13.98820623802840        196.0088743838101        2751.500143821269        19.42197463361341        10.11654555311502    
    281.5000000000000        8.198947186427253        14.02103777038644        196.9332056065792        2771.052773344599        19.47274909427636        11.08118036828781    
    282.5000000000000        8.287432345289075        14.05687388040739        197.9445747962850        2792.498768730573        19.52831442791290        12.04557018626381    
    283.5000000000000        8.382645372312931        14.09574213107729        199.0444178463013        2815.882901826693        19.58875076218005        13.00969180026335    
    284.5000000000000        8.484793520815391        14.13767183851044        200.2342840391739        2841.253870555667        19.65414604469351        13.97352136610744    
    285.5000000000000        8.594098600819922        14.18269449418223        201.5158509041751        2868.664715919026        19.72459635117479        14.93703433788185    
    286.5000000000000        8.710796541711010        14.23084406234295        202.8909351902850        2898.173148750189        19.80020622588095        15.90020540004237    
    287.5000000000000        8.835148080152260        14.28215683991863        204.3614933352883        2929.841705218473        19.88108905648763        16.86300839556221    
    288.5000000000000        8.967438267981732        14.33667041891462        205.9295938371065        2963.737243090763        19.96736748584753        17.82541624968876    
    289.5000000000000        9.107968969415442        14.39442475222944        207.5974526480192        2999.931864890763        20.05917386332078        18.78740088883879    
    290.5000000000000        9.257067184628955        14.45546282655661        209.3674574492177        3038.503614973361        20.15665073867545        19.74893315411698    
    291.5000000000000        9.415080267508358        14.51982943002601        211.2421325818229        3079.535785608817        20.25995140188738        20.70998270889296    
    292.5000000000000        9.582378731475648        14.58757349696076        213.2242140700933        3123.118783601756        20.36924047253482        21.67051793981867    
    293.5000000000000        9.759368810511473        14.65874697300033        215.3166207341919        3169.349668255589        20.48469454288603        22.63050585060415    
    294.5000000000000        9.946494750129281        14.73340455613710        217.5224547647750        3218.332436489785        20.60650287922514        23.58991194780027    
    295.5000000000000        10.14420892923261        14.81160093210086        219.8449191960688        3270.176254881820        20.73486818645552        24.54870011775964    
    296.5000000000000        10.35303278169024        14.89339267563322        222.2873875079338        3324.997424620795        20.87000744156889        25.50683249385719    
    297.5000000000000        10.57348179978849        14.97883909795505        224.8534292769753        3382.920072683974        21.01215280217741        26.46426931295225    
    298.5000000000000        10.80613502722448        15.06800271466315        227.5468341773503        3444.077049729699        21.16155259698360        27.42096875996328    
    299.5000000000000        11.05158679481880        15.16094759991411        230.3715654393750        3508.609067346738        21.31847240581696        28.37688679929786    
    300.5000000000000        11.31047435199707        15.25774025687184        233.3317978314595        3576.665995546709        21.48319623770563        29.33197699173804    
    301.5000000000000        11.58346665990320        15.35845087562663        236.4319576851731        3648.407953634601        21.65602781638854        30.28619029522044    
    302.5000000000000        11.87130565415287        15.46315225963192        239.6767077939751        3724.005580267474        21.83729198371692        31.23947484776596    
    303.5000000000000        12.17473921227162        15.57192009677660        243.0709578140253        3803.640499582236        22.02733623256024        32.19177573060731    
    304.5000000000000        12.49456192361407        15.68483209531673        246.6198443760480        3887.505224564512        22.22653238213289        33.14303470932797    
    305.5000000000000        12.83158955823976        15.80197218896488        250.3288842827118        3975.807536758082        22.43527841011060        34.09318995055862    
    306.5000000000000        13.18668716550903        15.92342504513961        254.2037862718412        4068.765819952253        22.65400045752887        35.04217571147388    
    307.5000000000000        13.56080684185684        16.04927818604764        258.2505475985101        4166.612421760319        22.88315502426733        35.98992199898799    
    308.5000000000000        13.95499383066118        16.17963369811427        262.4758715710252        4269.605094729622        23.12323137494645        36.93635419515446    
    309.5000000000000        14.37037218395117        16.31458247075343        266.8862800124920        4378.004209584971        23.37475417731883        37.88139264482664    
    310.5000000000000        14.80807211063173        16.45421641504431        271.4885556728997        4492.085122616637        23.63828639775180        38.82495220112620    
    311.5000000000000        15.26941882807023        16.59864447664455        276.2903334362625        4612.154945523096        23.91443248119547        39.76694172368169    
    312.5000000000000        15.75572378476051        16.74796652677236        281.2991686631144        4738.527827814575        24.20384184613928        40.70726352393122    
    313.5000000000000        16.26835081900866        16.90227665890681        286.5226700513624        4871.529362790513        24.50721272850530        41.64581275102152    
    314.5000000000000        16.80875661298691        17.06167939604268        291.9690766507188        5011.512498842000        24.82529641223353        42.58247671095880    
    315.5000000000000        17.37858936491719        17.22629262598086        297.6474151116442        5158.863632634886        25.15890188850478        43.51713411066472    
    316.5000000000000        17.97956710477650        17.39622560925238        303.5667138860913        5313.981999058364        25.50890099013560        44.44965421744296    
    317.5000000000000        18.61350072773405        17.57158808753582        309.7363182240187        5477.288445913890        25.87623405267185        45.37989592304231    
    318.5000000000000        19.28227346418339        17.75249333050398        316.1660432908495        5649.231381971095        26.26191615909251        46.30770669999106    
    319.5000000000000        19.98786983702132        17.93906310630102        322.8663509453385        5830.292228333125        26.66704403077920        47.23292143614482    
    320.5000000000000        20.73239570817643        18.13142116347675        329.8481689422680        6020.982721765376        27.09280363343906        48.15536113140224    
    321.5000000000000        21.51814410203624        18.32969327299465        337.1228628428864        6221.844136644221        27.54047857287200        49.07483143826742    
    322.5000000000000        22.34751950520949        18.53399721342016        344.7019080057995        6433.440165277550        28.01145936165993        49.99112102533763    
    323.5000000000000        23.22313844613965        18.74445552906014        352.5973632191133        6656.371051950280        28.50725364373649        50.90399973982290    
    324.5000000000000        24.14780228368689        18.96119490825568        360.8218924715362        6891.276547532798        29.02949746895129        51.81321654182437    
    325.5000000000000        25.12453442084191        19.18434420243630        369.3887093741915        7138.835976604400        29.57996771356364        52.71849717926595    
    326.5000000000000        26.15638272279594        19.41402843761413        378.3113320281228        7399.761830136490        30.16059574422019        53.61954156804686    
    327.5000000000000        27.24645889481993        19.65037683552384        387.6039368805061        7674.812550580975        30.77348242117968        54.51602083713546    
    328.5000000000000        28.39821881736668        19.89351957103164        397.2812338983983        7964.790277717422        31.42091452966350        55.40757399294067    
    329.5000000000000        29.61534683464390        20.14358186469042        407.3582536278253        8270.536467789048        32.10538271392091        56.29380415138677    
    330.5000000000000        30.90174751963031        20.40069351248234        417.8507675320506        8592.947200331795        32.82960096375189        57.17427427974103    
    331.5000000000000        32.26163938691267        20.66497845622436        428.7748514952438        8932.961163199592        33.59652766356790        58.04850238352468    
    332.5000000000000        33.69943079565854        20.93656107023389        440.1471813158210        9291.571495034490        34.40938815387126        58.91595606700207    
    333.5000000000000        35.21980812864438        21.21555782828303        451.9846429095395        9669.814047996446        35.27169866670156        59.77604638917109    
    334.5000000000000        36.82756835160728        21.50208626297004        464.3047846638264        10068.78594674325        36.18729137013997        60.62812093147004    
    335.5000000000000        38.52788976135284        21.79625876726056        477.1255001692440        10489.63551990695        37.16034007939024        61.47145598947638    
    336.5000000000000        40.32597097111237        22.09819695979362        490.4657107713130        10933.58857298033        38.19538594667514        62.30524780005747    
    337.5000000000000        42.22770196641617        22.40801941234595        504.3448609477883        11401.93527975262        39.29736210839628        63.12860271969233    
    338.5000000000000        44.23912263565673        22.72580115546353        518.7810076032011        11895.96427363824        40.47161582035895        63.94052628179077    
    339.5000000000000        46.36666280379107        23.05167681127504        533.7956004683276        12417.13205170210        41.72392602068260        64.73991108464607    
    340.5000000000000        48.61724675791309        23.38570425289589        549.4072006651369        12966.84743238783        43.06051349260702        65.52552350242190    
    341.5000000000000        50.99798357272332        23.72798474596950        565.6369217963670        13546.65928264813        44.48803982337320        66.29598927624572    
    342.5000000000000        53.51615372933196        24.07859299767234        582.5053541058650        14158.15789519741        46.01359014532792        67.04977814001417    
    343.5000000000000        56.17901631185421        24.43760725362192        600.0338130803375        14803.01582849967        47.64463319499212        67.78518777694785    
    344.5000000000000        58.99621796619492        24.80511333994551        618.2445722798415        15483.00016885493        49.38895056746791        68.50032760107074    
    345.5000000000000        61.97579559551046        25.18114941586196        637.1582450983474        16199.88213885860        51.25452527889195        69.19310312615269    
    346.5000000000000        65.12749130828325        25.56577622535645        656.7971078605648        16955.55757583797        53.24937809262133        69.86120203502148    
    347.5000000000000        68.45970101763015        25.95903513199269        677.1830898069931        17751.97809442742        55.38133889670136        70.50208350008714    
    348.5000000000000        71.98508875103678        26.36094170855529        698.3371959831111        18591.12152626471        57.65774034878700        71.11297282337682    
    349.5000000000000        75.71325674319438        26.77151818908827        720.2814389434755        19475.08009240489        60.08502290762139        71.69086402880832    
    350.5000000000000        79.65511627407109        27.19080086196624        743.0389105919065        20406.05331682220        62.66824538033953        72.23253357983226    
    351.5000000000000        83.82515352653922        27.61873147603399        766.6280812284211        21386.12557305606        65.41050448267706        72.73456878790837    
    352.5000000000000        88.23407169272291        28.05534369550838        791.0728774500952        22417.67790909531        68.31228165698401        73.19341453551134    
    353.5000000000000        92.89631952942747        28.50057496141647        816.3922594399635        23502.95686960300        71.37075569551082        73.60544142112055    
    354.5000000000000        97.82613765335199        28.95437049403491        842.6057622289035        24644.29817446181        74.57914403637491        73.96703708754731    
    355.5000000000000        103.0399388452042        29.41667112297897        869.7329539873140        25844.11220460063        77.92615981679890        74.27472013258929    
    356.5000000000000        108.5508369597827        29.88741374975123        897.7934282257809        27104.88412124191        81.39568883962728        74.52527263234535    
    357.5000000000000        114.3777548741146        30.36650272404675        926.8047693038674        28429.06995926283        84.96679151444415        74.71588327731855    
    358.5000000000000        120.5390498420640        30.85382227668748        956.7835851352165        29819.15825232354        88.61411137633741        74.84428918570310    
    359.5000000000000        127.0512590141655        31.34925422055029        987.7461570794262        31277.68143876461        92.30872091892228        74.90890170407833    
