 # author: MA Kubiak / Space Research Center PAS Warsaw Poland, contact: mkubiak@cbk.waw.pl                          
 # code version Program.keplerV_ellipt_V2      , Dates: calkV:20/04/2026  ; part_pr:20/04/2026                       
 # czas no T v_mas, kier.naplywu(dl, szer) macierz obrotu (ecl to helio), r, theta, phi(ecl,spher), V_detector(ecl,cart), IBEX_energy_channel
 #     2026.040925000000        0.8088930000000000E-03     9480.000000000000        -11.28000000301609         251.5700000000000         11.95000000000000        0.2459841265748581        0.9692738567985851         0.000000000000000       -0.9615244635393438        0.2440174711049008        0.1261989691358298        0.1223213615382913       -0.3104294319752456E-01    0.9920049496797150        0.9749309999999999         115.4736810000000       -0.2666700000000000E-01    -26.99900000000000        -12.79600000000000        0.4100000000000000E-01 00
 # routs_end= 150.00;    Maxwellian,    elliptOrb=Off                                                                                        
 # Numerical parameters: GridKl=10  GridKf=09  GridKV=05  epsV= 0.0000100  epssJon=.0010000                                                  
 # Numerical parameters: GridKl=10  GridKf=09  GridKV=05  epsV= 0.0000100  epssJon=.0010000; tessel128                                                                                                                                                                                                                                                                                                                                                                                                                                                                 
# Axis to the Sun: alpha_ecl= 291.4710000000000000 delta_Ecl= 0.0900000000000000 delta_Ax= 75.0000000000000000  repoint= 00127
 #  flag_atom: He                                                   
 #  flag_general:                                                   
 #                                                                  
 #                                                                  
  # Ly_a_Profil: zero                                               
  # flag_Itot: zero                                                 
 #  v_SW_Eqtr: speed3D.hybrid2026c_patched.dat                      
 #  n_SW_Eqtr: density3D.hybrid2026c_patched.dat                    
 #  phot_Eqtr: 0.8500000  phion_Helium_T12F107_2026c.dat            
 #  sigma_SW: p+He->H +He+, He + alpha (2 chnls);src:simuLosses.nb  
 #  flag_el:slow  swEqtrElectrons5.2026c.patched.dat                
 #  SW_lati: interpolation                                          
 #  phot_lati: analit pole-flattened after Pryor & Auchere          
 #
 #
 #
 #Spin  flux speed	speed^2 speed^3    long_ecl lat_ecl
   0.5000000000000000        250.7636948118590        33.39268775004570        1121.168812715966        37847.80343117581        289.5946639025902        75.08180966007346    
    1.500000000000000        265.2140645170923        33.92289909253181        1157.016157675792        39675.34355468714        285.8585804090530        75.01646811949117    
    2.500000000000000        280.3156543211625        34.46013189168387        1193.908215864712        41585.59513218298        282.1714062637493        74.88663288011003    
    3.500000000000000        296.0743884423463        35.00420157280059        1231.854375647340        43581.09743895467        278.5630000214913        74.69394580379878    
    4.500000000000000        312.4935683821385        35.55490395041977        1270.862022519960        45664.32102887646        275.0594525987559        74.44074287344453    
    5.500000000000000        329.5719877579604        36.11202353338689        1310.937157190212        47837.70062527396        271.6822076882769        74.12992177064089    
    6.500000000000000        347.3088311063473        36.67534292229719        1352.084937685484        50103.65583003554        268.4476500637991        73.76479315278374    
    7.500000000000000        365.6954736125609        37.24463978423418        1394.309270064908        52464.55625277673        265.3671255247479        73.34893125139061    
    8.500000000000000        384.7273576715465        37.81968566725408        1437.613055162013        54922.75149903750        262.4473020355601        72.88603634324944    
    9.500000000000000        404.3921203975860        38.40026591377715        1481.999250493630        57480.60572014092        259.6907577499069        72.37981735433239    
    10.50000000000000        424.6776245028561        38.98611675644385        1527.466236328408        60140.23629949831        257.0966841943704        71.83389852866357    
    11.50000000000000        445.5703161899996        39.57700274361357        1574.013689722134        62903.84669917388        254.6616125566663        71.25175053387228    
    12.50000000000000        467.0525740912394        40.17267830265953        1621.639289488818        65773.51220317092        252.3800977972529        70.63664392802890    
    13.50000000000000        489.1039253005716        40.77287751806789        1670.338206277987        68751.16263103284        250.2453215967152        69.99162156293148    
    14.50000000000000        511.7051763616653        41.37735601785503        1720.106209105791        71838.75166494434        248.2495966927312        69.31948602763114    
    15.50000000000000        534.8363332457400        41.98583764698162        1770.935381017749        75037.99295806573        246.3847705033438        68.62279835866848    
    16.50000000000000        558.4718939464627        42.59805666458157        1822.817333531755        78350.53796514896        244.6425354405603        67.90388470066046    
    17.50000000000000        582.5910126049260        43.21373678985974        1875.741673662035        81777.88905172593        243.0146582012852        67.16484819636686    
    18.50000000000000        607.1697750764821        43.83260669556939        1929.697250106141        85321.46891756743        241.4931419774751        66.40758399164453    
    19.50000000000000        632.1885849868131        44.45438063889533        1984.670229508037        88982.47533723821        240.0703351811010        65.63379578718411    
    20.50000000000000        657.6258731676129        45.07879133038291        2040.647220467745        92762.09605617846        238.7389988604246        64.84501282529479    
    21.50000000000000        683.4627198138890        45.70554842282360        2097.611355035035        96661.22615050995        237.4923431212955        64.04260656088172    
    22.50000000000000        709.6846190364732        46.33435407130721        2155.543647785260        100680.5506377878        236.3240409455782        63.22780653917038    
    23.50000000000000        736.2771033415753        46.96491456477066        2214.424078613409        104820.6142118635        235.2282260273267        62.40171520241486    
    24.50000000000000        763.2287587178579        47.59692245968851        2274.229838633156        109081.6845907385        234.1994797192701        61.56532148872797    
    25.50000000000000        790.5336914291780        48.23006191132589        2334.935729291512        113463.7673121153        233.2328109214004        60.71951318208463    
    26.50000000000000        818.1874770369199        48.86401287239677        2396.514691221396        117966.6460101859        232.3236317360739        59.86508803513740    
    27.50000000000000        846.1915640764178        49.49845220527478        2458.937687771260        122589.8501418024        231.4677309286746        59.00276372507491    
    28.50000000000000        874.5492624480402        50.13304354390858        2522.172774107845        127332.5833557078        230.6612466326787        58.13318672451508    
    29.50000000000000        903.2718852680682        50.76745918933615        2586.187199115540        132193.8680534199        229.9006392869522        57.25694017970730    
    30.50000000000000        932.3747864141789        51.40136831396814        2650.946258464946        137172.4531480541        229.1826654594171        56.37455089100665    
    31.50000000000000        961.8749514738687        52.03440336043531        2716.409639462649        142266.5085540540        228.5043529679768        55.48649548845547    
    32.50000000000000        991.7963739529741        52.66619675790624        2782.535262574801        147473.9185717293        227.8629775350228        54.59320589029048    
    33.50000000000000        1022.166820163953        53.29637552752980        2849.278619618644        152792.2145788329        227.2560410887584        53.69507412561021    
    34.50000000000000        1053.016943350575        53.92456320293780        2916.593020480167        158218.5890609888        226.6812517396035        52.79245659516589    
    35.50000000000000        1084.380483214319        54.55036256094769        2984.427618897787        163749.7188043585        226.1365054029123        51.88567783684726    
    36.50000000000000        1116.297623188814        55.17338231832542        3052.730362884400        169382.0011572172        225.6198690024246        50.97503385527580    
    37.50000000000000        1148.809212634616        55.79323166689845        3121.447369866486        175111.4917137347        225.1295651665445        50.06079506819569    
    38.50000000000000        1181.958911676046        56.40949720660144        3190.520307401439        180933.6728057350        224.6639583174289        49.14320891617487    
    39.50000000000000        1215.787953961895        57.02174965637167        3259.887095167080        186843.4998776452        224.2215420478410        48.22250217653370    
    40.50000000000000        1250.345724878109        57.62959128276788        3329.487281135245        192835.8502583443        223.8009276805035        47.29888301740804    
    41.50000000000000        1285.674625436676        58.23257354392555        3399.252705246104        198904.7213230113        223.4008339076319        46.37254282340430    
    42.50000000000000        1321.823141463602        58.83029412951948        3469.118689097008        205044.1907544713        223.0200774132443        45.44365782037305    
    43.50000000000000        1358.829286584499        59.42228907511824        3539.011468687359        211247.3105830610        222.6575643869217        44.51239052337451    
    44.50000000000000        1396.746250245137        60.00816954297749        3608.864247133453        217507.5125639012        222.3122828443349        43.57889102888313    
    45.50000000000000        1435.598526214401        60.58744977055210        3678.597018485581        223816.8269130356        221.9832956766665        42.64329816963387    
    46.50000000000000        1475.431932882411        61.15974009340589        3748.139435760876        230167.9082111751        221.6697343577835        41.70574054820598    
    47.50000000000000        1516.265938966172        61.72457499285903        3817.410392001691        236552.2102845537        221.3707932444775        40.76633746342915    
    48.50000000000000        1558.119479593066        62.28152317093867        3886.331297265980        242961.1821816799        221.0857244111853        39.82519974194656    
    49.50000000000000        1601.005572816849        62.83014857520040        3954.821359191456        249385.8343977280        220.8138329662836        38.88243048574472    
    50.50000000000000        1644.923371634104        63.37001134115498        4022.797862751584        255816.7749016479        220.5544728022803        37.93812574513328    
    51.50000000000000        1689.861311958779        63.90070175590606        4090.180601466538        262244.6395827670        220.3070427370175        36.99237512550258    
    52.50000000000000        1735.797311155542        64.42180652544458        4156.887585141844        268659.6786278597        220.0709830073509        36.04526233518006    
    53.50000000000000        1782.694611163643        64.93292652500446        4222.837522154640        275052.0117879824        219.8457720807163        35.09686568082972    
    54.50000000000000        1830.492514531531        65.43365719517298        4287.947387627646        281411.4004025472        219.6309237535482        34.14725851607308    
    55.50000000000000        1879.119731991895        65.92362962724584        4352.137866028174        287727.7867396185        219.4259845087188        33.19650964834268    
    56.50000000000000        1928.480885271522        66.40246481928232        4415.327527416889        293990.7369983324        219.2305311070383        32.24468370839496    
    57.50000000000000        1978.466998469564        66.86981293014358        4477.438135297042        300189.9795899453        219.0441683904345        31.29184148639924    
    58.50000000000000        2028.942790858898        67.32532481370991        4538.391060925108        306315.0671762935        218.8665272767392        30.33804023807240    
    59.50000000000000        2079.759521888587        67.76869017866714        4598.112405511317        312355.8937614498        218.6972629280745        29.38333396393710    
    60.50000000000000        2130.748530366176        68.19961530110029        4656.530345694557        318302.4633504043        218.5360530766766        28.42777366443801    
    61.50000000000000        2181.720393875271        68.61780807507441        4713.573211109872        324144.7064670644        218.3825964936532        27.47140757334781    
    62.50000000000000        2232.472442265072        69.02301217945255        4769.174179411233        329872.9673253014        218.2366115876420        26.51428137163033    
    63.50000000000000        2282.782857315220        69.41497910557496        4823.267665935302        335477.6579356342        218.0978351216648        25.55643838369358    
    64.50000000000000        2332.420796076369        69.79347926002984        4875.790945542040        340949.4390699221        217.9660210376486        24.59791975775977    
    65.50000000000000        2381.147102380122        70.15829169820661        4926.682894624550        346279.1102377051        217.8409393791507        23.63876463189765    
    66.50000000000000        2428.713382904844        70.50921484187695        4975.885556300326        351457.7849475303        217.7223753037656        22.67901028710200    
    67.50000000000000        2474.866799714418        70.84605924288751        5023.343228109041        356476.8094889352        217.6101281775452        21.71869228866305    
    68.50000000000000        2519.349494965497        71.16863978004706        5069.001477382710        361327.6755347483        217.5040107445261        20.75784461694300    
    69.50000000000000        2561.900463471597        71.47678755352921        5112.808892410865        366002.2176293032        217.4038483651379        19.79649978856579    
    70.50000000000000        2602.260743946779        71.77034106987327        5154.715934455190        370492.5066079987        217.3094783178874        18.83468896892721    
    71.50000000000000        2640.175651281948        72.04914163959781        5194.674371586503        374790.8033199813        217.2207491592600        17.87244207684512    
    72.50000000000000        2675.395104847796        72.31304503821595        5232.638971195075        378889.7475168845        217.1375201372838        16.90978788209218    
    73.50000000000000        2707.671924518126        72.56191328584755        5268.566426089241        382782.2581613972        217.0596606546469        15.94675409648363    
    74.50000000000000        2736.769863803751        72.79562410506962        5302.416770594332        386461.6968857583        216.9870497776682        14.98336745913211    
    75.50000000000000        2762.461181859037        73.01406720367264        5334.152921866873        389921.8313497812        216.9195757877862        14.01965381642680    
    76.50000000000000        2784.536497677811        73.21714609252150        5363.740977359893        393156.8753439067        216.8571357725664        13.05563819724531    
    77.50000000000000        2802.802317762309        73.40477542720686        5391.149900721064        396161.4666002570        216.7996352535301        12.09134488386423    
    78.50000000000000        2817.097719359415        73.57688639409895        5416.352375058304        398930.7717152500        216.7469878483802        11.12679747899593    
    79.50000000000000        2827.292356154574        73.73342059905687        5439.323912763430        401460.3923461083        216.6991149654579        10.16201896934493    
    80.50000000000000        2833.292502791613        73.87432536346766        5460.042233997612        403746.3079237148        216.6559455284876        9.197031786047663    
    81.50000000000000        2835.041299734085        73.99955989221448        5478.488193336262        405784.9832505733        216.6174157298847        8.231857862332889    
    82.50000000000000        2832.524360752950        74.10908738557005        5494.644652211528        407573.2506521062        216.5834688110935        7.266518688716200    
    83.50000000000000        2825.769668143374        74.20287859307027        5508.497025281671        409108.3755661302        216.5540548686050        6.301035366022314    
    84.50000000000000        2814.848648912253        74.28090212859223        5520.031838254383        410387.8975246732        216.5291306844717        5.335428656510632    
    85.50000000000000        2799.877645564841        74.34312914201566        5529.237482315791        411409.7232685875        216.5086595802933        4.369719033364110    
    86.50000000000000        2781.013200119457        74.38953316710582        5536.104177640517        412172.1227450470        216.4926112937982        3.403926728788483    
    87.50000000000000        2758.446957953131        74.42008611343016        5540.623364318169        412673.6608512115        216.4809618772806        2.438071780957826    
    88.50000000000000        2732.408862729851        74.43476949267951        5542.789442820003        412913.4008974390        216.4736936172917        1.472174080032944    
    89.50000000000000        2703.148676805712        74.43356518779719        5542.598325736450        412890.7349197028        216.4707949751060       0.5062534134720675    
    90.50000000000000        2668.299753913594        74.41654262550838        5540.060326905060        412606.8133161358        216.4722605476116      -0.4596704891522538    
    91.50000000000000        2636.046389815106        74.38346560510988        5535.142337343264        412058.1685412023        216.4780910483910       -1.425577911620413    
    92.50000000000000        2598.783342872739        74.33457322482386        5527.882666736046        411249.3770568517        216.4882933088774       -2.391449106609441    
    93.50000000000000        2559.448265422288        74.26979944104920        5518.276236539107        410180.3958247124        216.5028802995895       -3.357264251106081    
    94.50000000000000        2518.341895789912        74.18916760161230        5506.332631558787        408852.9658146965        216.5218711715646       -4.323003401481601    
    95.50000000000000        2475.761110297496        74.09270537611533        5492.063543671850        407269.2207235846        216.5452913182267       -5.288646448017765    
    96.50000000000000        2432.004464217314        73.98045492490780        5475.484270622746        405431.8510823007        216.5731724580497       -6.254173068669259    
    97.50000000000000        2387.356474933110        73.85246659344689        5456.612770563956        403343.9958656118        216.6055527384939       -7.219562681842288    
    98.50000000000000        2342.089030089711        73.70880485181797        5435.470525654654        401009.3343099984        216.6424768618280       -8.184794397960983    
    99.50000000000000        2296.463409883390        73.54954604317660        5412.082125359858        398432.0275842438        216.6839962335765       -9.149846969584203    
    100.5000000000000        2250.722987346965        73.37477710133147        5386.475076515962        395616.6949813002        216.7301691344747       -10.11469873982343    
    101.5000000000000        2205.102439876813        73.18459527142605        5358.679696889914        392568.3915705152        216.7810609169616       -11.07932758879949    
    102.5000000000000        2159.812161198362        72.97911271450749        5328.729765609043        389292.6737751099        216.8367442273962       -12.04371087785962    
    103.5000000000000        2115.050250360160        72.75845490206937        5296.662209636715        385795.5526786440        216.8972992553522       -13.00782539125830    
    104.5000000000000        2070.988551150473        72.52275367642619        5262.515983114069        382083.3554297515        216.9628140115257       -13.97164727498476    
    105.5000000000000        2027.788757576932        72.27216547188289        5226.334755186462        378163.0192609390        217.0333846359865       -14.93515197239592    
    106.5000000000000        1985.583487164584        72.00685392363413        5188.164168879376        374041.7647377409        217.1091157387139       -15.89831415628656    
    107.5000000000000        1944.490561387253        71.72700448256472        5148.053962843870        369727.3234579431        217.1901207745870       -16.86110765699866    
    108.5000000000000        1904.605344811823        71.43281264885441        5106.056141534434        365227.7211734406        217.2765224552541       -17.82350538613669    
    109.5000000000000        1866.006181270742        71.12449797303216        5062.226905371127        360551.4733208822        217.3684532005740       -18.78547925541717    
    110.5000000000000        1828.752891023228        70.80229816347962        5016.625668031370        355707.4605213736        217.4660556326311       -19.74700009013742    
    111.5000000000000        1792.884263867735        70.46646025965656        4969.313686436604        350704.7661883923        217.5694831156501       -20.70803753669906    
    112.5000000000000        1758.419586064486        70.11725993029626        4920.356697911039        345552.9431537239        217.6789003455077       -21.66855996356654    
    113.5000000000000        1725.362237942477        69.75497899632110        4869.821610574466        340261.6452930302        217.7944839929378       -22.62853435497929    
    114.5000000000000        1693.702833573149        69.37991556811181        4817.777800106567        334840.7470181665        217.9164234049758       -23.58792619666581    
    115.5000000000000        1663.414992521331        68.99237404832786        4764.295615679718        329300.1740771304        218.0449213696795       -24.54669935272974    
    116.5000000000000        1634.457644736372        68.59267974926377        4709.448276518322        323650.0846707096        218.1801949497155       -25.50481593278955    
    117.5000000000000        1606.781022505121        68.18115830375648        4653.308888451085        317900.5432317082        218.3224763910054       -26.46223614835336    
    118.5000000000000        1580.325592016607        67.75815068929116        4595.952468938125        312061.7236255442        218.4720141133076       -27.41891815729898    
    119.5000000000000        1555.022603206937        67.32400279635554        4537.454321677085        306143.7202593642        218.6290737903589       -28.37481789520146    
    120.5000000000000        1530.798464429344        66.87906344150359        4477.889735378577        300156.5130469481        218.7939395280451       -29.32988889210803    
    121.5000000000000        1507.568303109574        66.42367905826821        4417.333151245647        294109.8709588295        218.9669151500014       -30.28408207319866    
    122.5000000000000        1485.243154747224        65.95819877363347        4355.858740351523        288013.3990031463        219.1483256010893       -31.23734554158642    
    123.5000000000000        1463.734193436968        65.48298133270814        4293.541317623733        281876.6292863369        219.3385184803609       -32.18962434130567    
    124.5000000000000        1442.948441883072        64.99837845278729        4230.454014296642        275708.7778470408        219.5378657164222       -33.14086019830032    
    125.5000000000000        1422.791965435330        64.50474324220190        4166.669317080679        269518.8406955015        219.7467653995592       -34.09099123695746    
    126.5000000000000        1403.168792009890        64.00242501579844        4102.258356047249        263315.5230934406        219.9656437866107       -35.03995166942854    
    127.5000000000000        1383.982300029822        63.49176570625657        4037.290417718512        257107.1900357566        220.1949574963857       -35.98767145463573    
    128.5000000000000        1365.138029133349        62.97309772106595        3971.832581486080        250901.8266034100        220.4351959154396       -36.93407592346709    
    129.5000000000000        1346.545918292565        62.44676429925885        3905.952436130415        244707.3098732094        220.6868838362796       -37.87908536621712    
    130.5000000000000        1328.116951045375        61.91309332229351        3839.714456016127        238531.0384333062        220.9505843525827       -38.82261457781834    
    131.5000000000000        1309.764104428770        61.37240774830822        3773.181448834313        232380.0846717026        221.2269020387999       -39.76457235582460    
    132.5000000000000        1291.407433077276        60.82504052900274        3706.416415988031        226261.3726986877        221.5164864446303       -40.70486094544024    
    133.5000000000000        1272.969821635162        60.27131650337934        3639.480169581541        220181.4465615142        221.8200359382861       -41.64337542512531    
    134.5000000000000        1254.378495835667        59.71155326323574        3572.431462478731        214146.4878912647        222.1383019362713       -42.58000302543186    
    135.5000000000000        1235.565199750562        59.14607351144358        3505.328462810384        208162.4529642284        222.4720935615834       -43.51462237272420    
    136.5000000000000        1216.468017152163        58.57520489039002        3438.228726357859        202235.0731193485        222.8222827768240       -44.44710264828802    
    137.5000000000000        1197.026875714310        57.99925811292892        3371.186405269685        196369.5932003415        223.1898100436895       -45.37730265201392    
    138.5000000000000        1177.194654876336        57.41856866054736        3304.257493242702        190571.2689677557        223.5756905656867       -46.30506975833148    
    139.5000000000000        1156.923165267355        56.83343531232530        3237.492161203108        184844.6582967545        223.9810211766442       -47.23023875033647    
    140.5000000000000        1136.175149675282        56.24417377662298        3170.941380572607        179194.2383379580        224.4069879436098       -48.15263051606809    
    141.5000000000000        1114.919562636334        55.65109358497694        3104.654030857238        173624.1388661186        224.8548745589036       -49.07205058861936    
    142.5000000000000        1093.133374721526        55.05450226965063        3038.677402678825        168138.1957631668        225.3260716022588       -49.98828750916329    
    143.5000000000000        1070.801147472039        54.45469706227244        2973.056254717628        162739.8742133173        225.8220867598315       -50.90111098900985    
    144.5000000000000        1047.916259589919        53.85198198905553        2907.834803524737        157432.4483845333        226.3445560919830       -51.81026984343155    
    145.5000000000000        1024.480974886958        53.24663239194726        2843.052754374080        152218.6738848671        226.8952564455093       -52.71548966616592    
    146.5000000000000        1000.503248496954        52.63895030613715        2778.751353556597        147101.2900950923        227.4761191075662       -53.61647020918254    
    147.5000000000000        976.0031366823242        52.02922948555296        2714.969504092035        142082.7030430289        228.0892447966770       -54.51288242746188    
    148.5000000000000        951.0062043706340        51.41775799911850        2651.744262859650        137165.0484137200        228.7369200792603       -55.40436514315635    
    149.5000000000000        925.5451278688026        50.80480478748899        2589.109232737091        132350.0554335110        229.4216352857303       -56.29052127760529    
    150.5000000000000        899.6639666374755        50.19066200715972        2527.099184350439        127639.4293635218        230.1461039752855       -57.17091359331376    
    151.5000000000000        873.4091120243187        49.57561859488720        2465.747096605935        123034.6133670570        230.9132839587211       -58.04505988130227    
    152.5000000000000        846.8337446901722        48.95995059732184        2405.083336432631        118536.7417364027        231.7263998282806       -58.91242752242241    
    153.5000000000000        820.0012570379090        48.34392697646364        2345.136131593084        114146.6744915339        232.5889668551013       -59.77242734469014    
    154.5000000000000        792.9730878562242        47.72783813084310        2285.934645152902        109865.2511667740        233.5048159882193       -60.62440669301414    
    155.5000000000000        765.8180424493264        47.11195125558916        2227.504147862774        105692.9067612432        234.4781195114206       -61.46764162380082    
    156.5000000000000        738.6072079337470        46.49655777678242        2169.871139947013        101630.0913604505        235.5134166688750       -62.30132813615480    
    157.5000000000000        711.4118252880164        45.88192319684460        2113.058143417312        97676.87012385180        236.6156382367114       -63.12457235571385    
    158.5000000000000        684.3054912651471        45.26833421290161        2057.088336962037        93833.27281169692        237.7901285702015       -63.93637959933601    
    159.5000000000000        657.3617463565503        44.65607879265846        2001.983724972164        90099.17334157268        239.0426630654294       -64.73564227274844    
    160.5000000000000        630.6517392423890        44.04543755505167        1947.764130912867        86474.21127991803        240.3794582076555       -65.52112659411340    
    161.5000000000000        604.2454747695729        43.43670716476333        1894.449675376334        82957.99087315796        241.8071704038462       -66.29145820121835    
    162.5000000000000        578.2073088695336        42.83015638457394        1842.056280397461        79549.74715335842        243.3328785888652       -67.04510679759015    
    163.5000000000000        552.6023121295032        42.22610014093180        1790.602991227218        76248.89092186872        244.9640441475383       -67.78037013427533    
    164.5000000000000        527.4883519099430        41.62482254004695        1740.104406118719        73054.45960739611        246.7084400409533       -68.49535782209723    
    165.5000000000000        502.9175546108258        41.02661294859539        1690.574526100877        69965.42350309785        248.5740392669056       -69.18797573734818    
    166.5000000000000        478.9409584580791        40.43176256631823        1642.026130199782        66980.62720682133        250.5688511354544       -69.85591213381129    
    167.5000000000000        455.6007315407103        39.84057166618065        1594.471255215255        64098.81870048443        252.7006926821835       -70.49662701119607    
    168.5000000000000        432.9313654553868        39.25331226046754        1547.918516211523        61318.51387207053        254.9768824809219       -71.10734680636558    
    169.5000000000000        410.9679103646414        38.67030066345130        1502.378940212929        58638.35369737969        257.4038460298893       -71.68506703650444    
    170.5000000000000        389.7358456405516        38.09180381150714        1457.858028105107        56056.60355821677        259.9866268996872       -72.22656606161563    
    171.5000000000000        369.2545528406359        37.51813167718922        1414.363929614876        53571.69809694611        262.7283071929866       -72.72843352355542    
    172.5000000000000        349.5389626582264        36.94954670936335        1371.899550365489        51181.73154051285        265.6293555892938       -73.18711707458107    
    173.5000000000000        330.5993982660862        36.38633102919776        1330.468493808433        48884.85180019266        268.6869415015261       -73.59899049049615    
    174.5000000000000        312.4396907957410        35.82874066812646        1290.071273246400        46679.02869203703        271.8942781138612       -73.96044491765113    
    175.5000000000000        295.0613671608384        35.27704315151311        1250.708411445028        44562.24893302417        275.2400811887340       -74.26800264415083    
    176.5000000000000        278.4594958507096        34.73147123763059        1212.376734700379        42532.29550881181        278.7082475032678       -74.51844942456066    
    177.5000000000000        262.6257946834248        34.19227398500946        1175.073774905153        40587.03052133796        282.2778576186084       -74.70897736881322    
    178.5000000000000        247.5502439621707        33.65969291986999        1138.795510693606        38724.24422140996        285.9235842462440       -74.83732648403883    
    179.5000000000000        233.2178644124770        33.13392212409336        1103.533962978780        36941.55219124244        289.6165367398368       -74.90191021595830    
    180.5000000000000        219.6130096700469        32.61519030975717        1069.283005490971        35236.70579901278        293.3255003893655       -74.90190989176739    
    181.5000000000000        206.7159566346756        32.10369106636865        1036.033527820539        33607.34076044318        297.0184525635244       -74.83732551561050    
    182.5000000000000        194.5065068340797        31.59962289965809        1003.776231150865        32051.12498563554        300.6641785683097       -74.70897576831992    
    183.5000000000000        182.9621824383541        31.10314114766612        972.4986370338632        30565.61967472511        304.2337877874583       -74.51844721145804    
    184.5000000000000        172.0592738084685        30.61441741487540        942.1890003397841        29148.47318189856        307.7019529731057       -74.26799984405194    
    185.5000000000000        161.7735244968403        30.13359527371449        912.8335796699198        27797.29386579844        311.0477547333248       -73.96044156096256    
    186.5000000000000        152.0797416850830        29.66080049145638        884.4173451487143        26509.68625770882        314.2550898941232       -73.59898661097075    
    187.5000000000000        142.9532012928642        29.19616482368563        856.9255486743224        25283.32823045693        317.3126742650584       -73.18711270792261    
    188.5000000000000        134.3677500231119        28.73978310051312        830.3412047269206        24115.85769864891        320.2137210729284       -72.72842870617589    
    189.5000000000000        126.2977635046418        28.29175392649930        804.6475711993177        23004.98579916787        322.9553997671063       -72.22656082960498    
    190.5000000000000        118.7185603176218        27.85214226579211        779.8260482704688        21948.40652984958        325.5381790567021       -71.68506142483352    
    191.5000000000000        111.6048464222484        27.42101078452015        755.8581302056494        20943.88568453495        327.9651410672058       -71.10734084831540    
    192.5000000000000        104.9321494516087        26.99841546597193        732.7251460887817        19989.24775157873        330.2413293858238       -70.49662073798694    
    193.5000000000000        98.67693694112025        26.58439333880196        710.4075562910687        19082.34306558720        332.3731695220130       -69.85590557439777    
    194.5000000000000        92.81585716736248        26.17895668468915        688.8849217517760        18221.05701353125        334.3679800564174       -69.18796891834245    
    195.5000000000000        87.32646326065388        25.78210849871577        668.1366510777224        17403.33334068669        336.2335780279410       -68.49535076778737    
    196.5000000000000        82.18734780577567        25.39385450749217        648.1427279270669        16627.20509793433        337.9779727473053       -67.78036286670908    
    197.5000000000000        77.37772165381220        25.01418670754660        628.8828619010101        15890.75890116012        339.6091372110242       -67.04509933670070    
    198.5000000000000        72.87804565919599        24.64306030780930        610.3353510513809        15192.09022913441        341.1348443775457       -66.29145056497424    
    199.5000000000000        68.66931831027352        24.28045120755767        592.4800969944890        14529.41968416942        342.5625556281604       -65.52111879867917    
    200.5000000000000        64.73341915970856        23.92630126571632        575.2958134551782        13900.98326580437        343.8993498936558       -64.73563433264711    
    201.5000000000000        61.05329666957359        23.58056527263958        558.7624701267302        13305.12537366785        345.1518835766462       -63.93637152760672    
    202.5000000000000        57.61301208658045        23.24316870640705        542.8591899689721        12740.21717301769        346.3263731579569       -63.12456416406132    
    203.5000000000000        54.39694305434433        22.91404392702924        527.5659831484244        12204.71650663086        347.4285940292881       -62.30131983508804    
    204.5000000000000        51.39060474063928        22.59310739983089        512.8627621807981        11697.13382597086        348.4638905416712       -61.46763322276032    
    205.5000000000000        48.58051367032964        22.28027212875888        498.7298912955310        11216.04782343651        349.4371934671966       -60.62439820048716    
    206.5000000000000        45.95377858823861        21.97543611214877        485.1476099206707        10760.08144393359        350.3530420462319       -59.77241876831459    
    207.5000000000000        43.49829522544486        21.67851117098559        472.0974926317471        10327.95463609353        351.2156085590148       -58.91241886907981    
    208.5000000000000        41.20265041832752        21.38938900810355        459.5607402950567        9918.418161323219        352.0287239512909       -58.04505115720061    
    209.5000000000000        39.05618447466249        21.10795921238253        447.5191064869281        9530.286595258944        352.7959034911617       -57.17090480406115    
    210.5000000000000        37.04889060857219        20.83411450053402        435.9551006411384        9162.442055506128        353.5203717680807       -56.29051242827531    
    211.5000000000000        35.17146847862597        20.56772789311720        424.8508936491812        8813.793044658159        354.2050865902858       -55.40435623834593    
    212.5000000000000        33.41513598382367        20.30868940367445        414.1900851168880        8483.336031873465        354.8527615146364       -54.51287347134255    
    213.5000000000000        31.77170160308036        20.05687717455512        403.9562754355470        8170.101333400701        355.4658868694107       -53.61646120554566    
    214.5000000000000        30.23348134287234        19.81217177005702        394.1337319094038        7873.174543873568        356.0467492190779       -52.71548061846288    
    215.5000000000000        28.79329021532181        19.57444794290566        384.7070442217784        7591.684283516783        356.5974492803847       -51.81026075480922    
    216.5000000000000        27.44449642449960        19.34357857988627        375.6612590364218        7324.803756891703        357.1199183388665       -50.90110186234200    
    217.5000000000000        26.18085418492046        19.11943398953134        366.9818323181698        7071.747317965119        357.6159332398429       -49.98827834707846    
    218.5000000000000        24.99666941496845        18.90188933984632        358.6549260464370        6831.778116396076        358.0871300423290       -49.07204139352560    
    219.5000000000000        23.88654639386360        18.69080937571082        350.6667760290854        6604.187094101965        358.5350164312531       -48.15262129017483    
    220.5000000000000        22.84557675207158        18.48607095158732        343.0045731484639        6388.317762517110        358.9609829852280       -47.23022949567405    
    221.5000000000000        21.86910019563029        18.28754118973173        335.6555686034196        6183.537560741876        359.3663133955511       -46.30506047676860    
    222.5000000000000        20.95283878859351        18.09509066276847        328.6075952939746        5989.252350753082        359.7521937283354       -45.37729334527300    
    223.5000000000000        20.09283761698070        17.90859583269678        321.8491238856353        5804.905965973055       0.1197308344675365       -44.44709331795903    
    224.5000000000000        19.28540541110109        17.72793182964445        315.3689755402386        5629.970788114156       0.4699198808471721       -43.51461302027709    
    225.5000000000000        18.52712576604251        17.55297866053671        309.1565341912341        5463.952310908586       0.8037113463667982       -42.57999365222751    
    226.5000000000000        17.81483175195964        17.38361899441505        303.2016450738724        5306.384974138608        1.121977192970986       -41.64336603242547    
    227.5000000000000        17.14558159270730        17.21973746246954        297.4945744582187        5156.830006258991        1.425526543054209       -40.70485153441637    
    228.5000000000000        16.51662706059077        17.06122271356576        292.0260664459931        5014.875779354284        1.715110812566663       -39.76456292756593    
    229.5000000000000        15.92539667834526        16.90796251395368        286.7871410960654        4880.131055789751        1.991428369210805       -38.82260513333898    
    230.5000000000000        15.36951157276168        16.75984803137900        281.7692459769510        4752.228472240943        2.255128762216594       -37.87907590646255    
    231.5000000000000        14.84675847047863        16.61677360052812        276.9642325629532        4630.823004696240        2.506816565602576       -36.93406644932005    
    232.5000000000000        14.35508895990222        16.47863799747336        272.3643793976096        4515.591504230996        2.747054872646421       -35.98766196692154    
    233.5000000000000        13.89259444138238        16.34533922079605        267.9621903052832        4406.226447811410        2.976368475486857       -35.03994216891966    
    234.5000000000000        13.45749647668593        16.21677993255073        263.7505793630650        4302.440295993758        3.195246760338035       -34.09098172437810    
    235.5000000000000        13.04814944277642        16.09286563977235        259.7227968875142        4203.962916814654        3.404146345693090       -33.14085067433032    
    236.5000000000000        12.66303981857681        15.97350539230134        255.8724325011817        4110.540777244961        3.603493488098218       -32.18961480658387    
    237.5000000000000        12.30073810370233        15.85860917476785        252.1933129514545        4021.933673943958        3.793686277567378       -31.23733599671415    
    238.5000000000000        11.95993134116815        15.74809038672053        248.6795822342848        3937.916408452405        3.975096642453972       -30.28407251874269    
    239.5000000000000        11.63938498422825        15.64186510771406        245.3256600834171        3858.277065372499        4.148072181575057       -29.32987932860313    
    240.5000000000000        11.33797609091222        15.53985439970108        242.1263189370887        3782.818723108648        4.312937839573055       -28.37480832315299    
    241.5000000000000        11.05463959334546        15.44198050569511        239.0765328517246        3711.354820082876        4.469997439878809       -27.41890857718524    
    242.5000000000000        10.78839015782929        15.34816955317638        236.1715651613443        3643.711111477724        4.619535088187230       -26.46222656062745    
    243.5000000000000        10.53830412519330        15.25834754512258        233.4068233293203        3579.721568748323        4.761816458056614       -25.50480633788149    
    244.5000000000000        10.30354022336386        15.17244740928832        230.7780907236768        3519.233967378720        4.897089969077857       -24.54668975104821    
    245.5000000000000        10.08331075124235        15.09040195279788        228.2812780851914        3462.103174008900        5.025587867015886       -23.58791658859957    
    246.5000000000000        9.876894521885982        15.01215000532131        225.9126243404804        3408.195967432239        5.147527214389762       -22.62852474089892    
    247.5000000000000        9.683613818567439        14.93763112666692        223.6685113301512        3357.386048529716        5.263110799118657       -21.66855034382575    
    248.5000000000000        9.502850805389405        14.86678827513630        221.5455451884602        3309.555803600666        5.372527968107129       -20.70802791163585    
    249.5000000000000        9.334017673724080        14.79956603935290        219.5404922359241        3264.594480799142        5.475955391965762       -19.74699046007544    
    250.5000000000000        9.176585875398182        14.73591145427859        217.6503027039592        3222.398618541899        5.573557766454582       -18.78546962066677    
    251.5000000000000        9.030060406982033        14.67577641836553        215.8721814490661        3182.873513341362        5.665488455687916       -17.82349574699585    
    252.5000000000000        8.893983261014085        14.61911378407691        214.2034553456899        3145.929771366361        5.751890081645163       -16.86109801375405    
    253.5000000000000        8.767944527669016        14.56588096744715        212.6416873360246        3111.485961336122        5.832895064085696       -15.89830450921444    
    254.5000000000000        8.651566274254735        14.51603636626143        211.1845538848437        3079.465411322974        5.908626114562629       -14.93514232176291    
    255.5000000000000        8.544500071773635        14.46954121120432        209.8299002730814        3049.797403544311        5.979196687864706       -13.97163762104869    
    256.5000000000000        8.446436312283181        14.42636026878549        208.5757622873698        3022.417633554827        6.044711393884361       -13.00781573426893    
    257.5000000000000        8.357077325919587        14.38645799088831        207.4202369980230        2997.264912050222        6.105266372608362       -12.04370121805930    
    258.5000000000000        8.276158036636470        14.34980294738796        206.3616212739514        2974.284395163473        6.160949634653043       -11.07931792642390    
    259.5000000000000        8.203437694936206        14.31636828415531        205.3984234008189        2953.427758759472        6.211841369515097       -10.11468907510218    
    260.5000000000000        8.138703438571509        14.28612875183137        204.5292662037789        2934.650793522842        6.258014223479265       -9.149837302741345    
    261.5000000000000        8.081762599702079        14.25906039872039        203.7528732487725        2917.912955951914        6.299533548912634       -8.184784729215711    
    262.5000000000000        8.032452334499672        14.23514243475395        203.0681293628170        2903.178824446128        6.336457626480808       -7.219553011409454    
    263.5000000000000        7.990627658304632        14.21435641328310        202.4740497641737        2890.417231886541        6.368837861640190       -6.254163396759806    
    264.5000000000000        7.956154795251897        14.19668620617454        201.9697762596878        2879.601090309930        6.396718956593072       -5.288636774839335    
    265.5000000000000        7.928923275874424        14.18211883714180        201.5546045205245        2870.708045995527        6.420139058734907       -4.322993727239051    
    266.5000000000000        7.908843676184363        14.17064410085922        201.2279706635141        2863.720116250999        6.439129886475503       -3.357254576001792    
    267.5000000000000        7.895845419505642        14.16225352700595        200.9894186096444        2858.622904790253        6.453716833176207       -2.391439430843973    
    268.5000000000000        7.889881047488823        14.15694259022566        200.8386679985324        2855.407167725228        6.463919049812009       -1.425568235392932    
    269.5000000000000        7.890928325108784        14.15470714663483        200.7755018421875        2854.066140071427        6.469749506839984      -0.4596608126608277    
    270.5000000000000        7.898979404316184        14.15554454715782        200.7998021888882        2854.596391263742        6.471215035631936       0.5062630900298291    
    271.5000000000000        7.914063467373088        14.15945491657767        200.9115891552219        2856.998723140689        6.468316349709037        1.472183756459484    
    272.5000000000000        7.936220348793945        14.16644093156446        201.1110124248122        2861.277934547878        6.461048045898145        2.438081457055341    
    273.5000000000000        7.965516611965453        14.17650766834545        201.3983469124670        2867.442732594349        6.449398585412183        3.403936404358293    
    274.5000000000000        8.002045146839119        14.18966372442982        201.7740300476283        2875.506663847966        6.433350254740057        4.369728708206241    
    275.5000000000000        8.045921783729893        14.20591922838452        202.2385997796106        2885.486666924582        6.412879106113305        5.335438330423513    
    276.5000000000000        8.097279408486216        14.22528598539133        202.7926981516726        2897.403143946774        6.387954877196461        6.301045038802121    
    277.5000000000000        8.156279631586532        14.24777820164127        203.4370964641652        2911.280621560381        6.358540889524561        7.266528360156417    
    278.5000000000000        8.223105160835452        14.27341240467446        204.1726952216462        2927.147816501278        6.324593925083716        8.231867532223969    
    279.5000000000000        8.297964387513250        14.30220863780886        205.0005631694091        2945.038609795470        6.286064080297192        9.197041454176347    
    280.5000000000000        8.381083454357231        14.33418883543993        205.9218854650309        2964.990825079272        6.242894596539766        10.16202863549374    
    281.5000000000000        8.472704913525137        14.36937776875243        206.9379954905188        2987.047048231431        6.195021666155109        11.12680714294282    
    282.5000000000000        8.573096495516406        14.40780225620105        208.0503560797603        3011.254343015147        6.142374212793597        12.09135454538178    
    283.5000000000000        8.682545629477607        14.44949317783971        209.2606223864104        3037.665762615662        6.084873644719713        13.05564785610021    
    284.5000000000000        8.801374471467007        14.49448297628880        210.5705687445005        3066.338772133499        6.022433579557092        14.01966347237937    
    285.5000000000000        8.929937493995967        14.54280590332960        211.9820988954871        3097.335582580379        5.954959538743995        14.98337711193546    
    286.5000000000000        9.068603037370389        14.59449782430365        213.4972419942945        3130.723147398867        5.882348609759829        15.94676374588299    
    287.5000000000000        9.217783475202777        14.64959819118252        215.1182190046661        3166.574882508645        5.804489073952895        16.90979752782435    
    288.5000000000000        9.377940155594173        14.70815016547430        216.8474510665748        3204.971019951029        5.721259997547480        17.87245171863747    
    289.5000000000000        9.549547786415886        14.77019709350553        218.6874519862635        3245.996197299523        5.632530783132597        18.83469860649693    
    290.5000000000000        9.733136340105943        14.83578692387839        220.6409720195393        3289.743039675914        5.538160678631896        19.79650942161914    
    291.5000000000000        9.929270716643142        14.90496986371932        222.7109305600167        3336.310790131301        5.437998240420916        20.75785424517416    
    292.5000000000000        10.13855178641268        14.97779723697128        224.9003817365770        3385.804599518694        5.331880746890222        21.71870191175317    
    293.5000000000000        10.36163877412805        15.05432503632853        227.2126348411245        3438.338679677664        5.219633558346864        22.67901990471826    
    294.5000000000000        10.59925296178405        15.13461334491095        229.6512411357503        3494.036209775302        5.101069418697098        23.63877424369189    
    295.5000000000000        10.85217245277516        15.21872357613062        232.2199116630947        3553.027599495802        4.975987693854965        24.59792936336730    
    296.5000000000000        11.12124558829240        15.30672119352383        234.9226135252420        3615.453154298799        4.844173541268093        25.55644798273191    
    297.5000000000000        11.40738395815953        15.39867314872520        237.7634968009271        3681.461656303218        4.705397004337531        26.51429096369757    
    298.5000000000000        11.71158240551592        15.49464976133952        240.7469601129120        3751.212209150011        4.559412024823994        27.47141715802107    
    299.5000000000000        12.03489369977995        15.59472329143759        243.8776153076612        3824.873810744357        4.405955365571113        28.42778324127185    
    300.5000000000000        12.37844486806257        15.69896846211728        247.1603095326441        3902.626181169815        4.244745435026680        29.38334353246143    
    301.5000000000000        12.74347061427847        15.80746200478139        250.6001235634166        3984.660249755135        4.075481004094819        30.33804979779048    
    302.5000000000000        13.13128977842652        15.92028543100213        254.2024757651443        4071.181249646305        3.897839804793671        31.29185103678561    
    303.5000000000000        13.54331698164826        16.03752074836008        257.9729786048046        4162.405302713536        3.711476999010797        32.24469324889277    
    304.5000000000000        13.98108916770703        16.15925638698161        261.9176541145696        4258.565537251953        3.516023504326429        33.19651917836109    
    305.5000000000000        14.44623105563162        16.28558459704404        266.0428528018362        4359.910468818451        3.311084162397354        34.14726803498444    
    306.5000000000000        14.94048537711762        16.41659863859317        270.3551797294442        4466.702940140586        3.096235733741692        35.09687518796622    
    307.5000000000000        15.46572225922962        16.55239482109492        274.8615715827713        4579.222625166750        2.871024700916729        36.04527182983023    
    308.5000000000000        16.02396798040522        16.69307558534707        279.5694182408207        4697.769938646248        2.634964860016749        36.99238460690752    
    309.5000000000000        16.61741294454556        16.83874489509115        284.4864161809057        4822.662937937045        2.387534678109457        37.93813521248225    
    310.5000000000000        17.24840199410219        16.98951109208196        289.6206770424508        4954.240769360214        2.128174391652151        38.88243993817042    
    311.5000000000000        17.91944856283186        17.14548306484830        294.9806137505865        5092.861700553105        1.856282818054913        39.82520917852005    
    312.5000000000000        18.63328507184821        17.30676912496650        300.5749070127256        5238.902866095533        1.571213849357006        40.76634688315397    
    313.5000000000000        19.39287096594338        17.47348223580726        306.4127254218490        5392.767632383023        1.272272593425634        41.70574995001169    
    314.5000000000000        20.20139391739017        17.64573884142526        312.5036901913355        5554.885369907468       0.9587111241437386        42.64330755236914    
    315.5000000000000        21.06229317247130        17.82365415481451        318.8577191622280        5725.708296137913       0.6297237976995889        43.57890039130771    
    316.5000000000000        21.97920886833468        18.00734300682652        325.4850641735131        5905.713341105314       0.2844420873027664        44.51239986415041    
    317.5000000000000        22.95608610101615        18.19692421839630        332.3964936055336        6095.408509761081        359.9219188655058        45.44366713805489    
    318.5000000000000        23.99710062293779        18.39251727674458        339.6031958459654        6295.331731466580        359.5411621830205        46.37255211642828    
    319.5000000000000        25.10675014716178        18.59424401286504        347.1168494633802        6506.053934981400        359.1410682106588        47.29889228407964    
    320.5000000000000        26.28988926135101        18.80222019375329        354.9492964744605        6728.170446274457        358.7204536315009        48.22251141501419    
    321.5000000000000        27.55172083782220        19.01657702732416        363.1134401803571        6962.329872532999        358.2780371367351        49.14321812446576    
    322.5000000000000        28.89777287306612        19.23743484940958        371.6221842917413        7209.203173603452        357.8124300479585        50.06080424412153    
    323.5000000000000        30.33398092604885        19.46492310988394        380.4892851924157        7469.511851344272        357.3221259566993        50.97504299646498    
    324.5000000000000        31.86667171853204        19.69916933051391        389.7288966945640        7744.015078483895        356.8054892837592        51.88568694070992    
    325.5000000000000        33.50253612631562        19.94029987776509        399.3556516417207        8033.515045026670        356.2607426560547        52.79246565886942    
    326.5000000000000        35.24890057099156        20.18844168086543        409.3847238959127        8338.859995799527        355.6859529956912        53.69508314605162    
    327.5000000000000        37.11353880136141        20.44372129240734        419.8318001386890        8660.945079768526        355.0790162162282        54.59321486406488    
    328.5000000000000        39.10469981604274        20.70625625472969        430.7127586879752        9000.705138460073        354.4376404261151        55.48650441182062    
    329.5000000000000        41.23131594391887        20.97616559665945        442.0440933561986        9359.129096564453        353.7593275513919        56.37455975984304    
    330.5000000000000        43.50272192648163        21.25357247514284        453.8430733888778        9737.268475810819        353.0413533120782        57.25694898947263    
    331.5000000000000        45.92893563514897        21.53860776147504        466.1279377040575        10136.24686325278        352.2807455234796        58.13319547019285    
    332.5000000000000        48.52086574901887        21.83135670213276        478.9154438224028        10557.17726761170        351.4742607506788        59.00277240111640    
    333.5000000000000        51.28953120100000        22.13194252455170        492.2247148735452        11001.29713268821        350.6183594294455        59.86509663539591    
    334.5000000000000        54.24660685601752        22.44045788910209        506.0740146695455        11469.85609036500        349.7091796898929        60.71952169974106    
    335.5000000000000        57.40536425887360        22.75699532431231        520.4823156179331        11964.17901067390        348.7425102937681        61.56532991620734    
    336.5000000000000        60.77872244808811        23.08165492504967        535.4694816559432        12485.66785083354        347.7137633395185        62.40172353129196    
    337.5000000000000        64.38048850943802        23.41454017778379        551.0562240235143        13035.80841822526        346.6179477229700        63.22781476006435    
    338.5000000000000        68.22591395308787        23.75568577221144        567.2605295188662        13616.03913381991        345.4496447924586        64.04261466333860    
    339.5000000000000        72.32996294246033        24.10520147515047        584.1046523949750        14228.01018511745        344.2029882374737        64.84502079765750    
    340.5000000000000        76.70878032078967        24.46313294338002        601.6082908087379        14873.33384405820        342.8716510352317        65.63380361645000    
    341.5000000000000        81.37922514577211        24.82951260322265        619.7910630958488        15553.67792575557        341.4488432869825        66.40759166331144    
    342.5000000000000        86.35905414313301        25.20440282381563        638.6746575599142        16270.84885925058        339.9273260366277        67.16485569426942    
    343.5000000000000        91.66564116613213        25.58782394278170        658.2791676781541        17026.65399216693        338.2994476922827        67.90389200680046    
    344.5000000000000        97.31908524380310        25.97982760459233        678.6268730535203        17823.05148274459        336.5572114429113        68.62280545304549    
    345.5000000000000        103.3366016831118        26.38041039294830        699.7376189275427        18661.96618464342        334.6923839837614        69.31949288808208    
    346.5000000000000        109.7382624104407        26.78957930473393        721.6322712453801        19545.43045625613        332.6966577271206        69.99162816499292    
    347.5000000000000        116.5453268536993        27.20733455214201        744.3318602383765        20475.55374327002        330.5618800939927        70.63665024484023    
    348.5000000000000        123.7767578875342        27.63361530568282        767.8542933856742        21454.37774275629        328.2803638285745        71.25175653614350    
    349.5000000000000        131.4525007313336        28.06844511215202        792.2225564492248        22484.22653528781        325.8452906225120        71.83390418473887    
    350.5000000000000        139.5931646936246        28.51173732752233        817.4537718958861        23567.24526533333        323.2512154528845        72.37982263038469    
    351.5000000000000        148.2192096184140        28.96345964740493        843.5683440730212        24705.78596278684        320.4946695305210        72.88604120364528    
    352.5000000000000        157.3507996638058        29.42355434197607        870.5855157581326        25902.22212453108        317.5748444122678        73.34893565926333    
    353.5000000000000        167.0067646842982        29.89190265363965        898.5209719136182        27158.83222490849        314.4943182893518        73.76479707084444    
    354.5000000000000        177.2059786398856        30.36843090585461        927.3930732111288        28478.07638926932        311.2597591704077        74.12992516223704    
    355.5000000000000        187.9676731243350        30.85305180430698        957.2195846594205        29862.46250872660        307.8825129040098        74.44074570384701    
    356.5000000000000        199.3081563915468        31.34561120777174        988.0140286741964        31314.36075438289        304.3789643151403        74.69394804165658    
    357.5000000000000        211.2436519005316        31.84599399721222        1019.792062735824        32836.29337580643        300.7705571459250        74.88663449896774    
    358.5000000000000        223.7895656020220        32.35406939336222        1052.568524505233        34430.82004509367        297.0833823557655        75.01646909922479    
    359.5000000000000        236.9594908074201        32.86969104928669        1086.356927337605        36100.48929542625        293.3472985313107        75.08180998808017    
