 # author: MA Kubiak / Space Research Center PAS Warsaw Poland, contact: mkubiak@cbk.waw.pl                          
 # code version Program.keplerV_ellipt_V2      , Dates: calkV:20/04/2026  ; part_pr:20/04/2026                       
 # czas no T v_mas, kier.naplywu(dl, szer) macierz obrotu (ecl to helio), r, theta, phi(ecl,spher), V_detector(ecl,cart), IBEX_energy_channel
 #     2026.101215000000        0.8088930000000000E-03     9480.000000000000        -11.28000000301609         251.5700000000000         11.95000000000000        0.2459841265748581        0.9692738567985851         0.000000000000000       -0.9615244635393438        0.2440174711049008        0.1261989691358298        0.1223213615382913       -0.3104294319752456E-01    0.9920049496797150        0.9768960000000000         137.7201480000000        0.8469000000000003E-02    -20.25600000000000        -21.91900000000000        0.4799999999999999E-01 00
 # routs_end= 150.00;    Maxwellian,    elliptOrb=Off                                                                                        
 # Numerical parameters: GridKl=10  GridKf=09  GridKV=05  epsV= 0.0000100  epssJon=.0010000                                                  
 # Numerical parameters: GridKl=10  GridKf=09  GridKV=05  epsV= 0.0000100  epssJon=.0010000; tessel128                                                                                                                                                                                                                                                                                                                                                                                                                                                                 
# Axis to the Sun: alpha_ecl= 313.7350000000000000 delta_Ecl= 0.0920000000000000 delta_Ax= 75.0000000000000000  repoint= 00149
 #  flag_atom: He                                                   
 #  flag_general:                                                   
 #                                                                  
 #                                                                  
  # Ly_a_Profil: zero                                               
  # flag_Itot: zero                                                 
 #  v_SW_Eqtr: speed3D.hybrid2026c_patched.dat                      
 #  n_SW_Eqtr: density3D.hybrid2026c_patched.dat                    
 #  phot_Eqtr: 0.8500000  phion_Helium_T12F107_2026c.dat            
 #  sigma_SW: p+He->H +He+, He + alpha (2 chnls);src:simuLosses.nb  
 #  flag_el:slow  swEqtrElectrons5.2026c.patched.dat                
 #  SW_lati: interpolation                                          
 #  phot_lati: analit pole-flattened after Pryor & Auchere          
 #
 #
 #
 #Spin  flux speed	speed^2 speed^3    long_ecl lat_ecl
   0.5000000000000000        53.59092384806287        32.71810830236404        1075.918123831979        35559.32328342092        311.8584180733897        75.08380858758133    
    1.500000000000000        56.42505175806139        33.23997882125935        1110.487287261639        37285.38581522867        308.1218494916250        75.01845853069153    
    2.500000000000000        59.36007360824385        33.76877175275190        1146.067359036327        39089.89356161834        304.4342094065342        74.88860659045747    
    3.500000000000000        62.39331246040427        34.30431125468495        1182.667889623529        40975.28497603998        300.8253673634219        74.69589525745688    
    4.500000000000000        65.52162026277250        34.84638225616150        1220.295128127070        42943.86276997975        297.3214229225636        74.44266137753522    
    5.500000000000000        68.74074193570246        35.39478005517079        1258.955487508249        44997.97566578787        293.9438256763372        74.13180365058304    
    6.500000000000000        72.04593868019563        35.94931618260326        1298.655899852988        47140.03256279320        290.7089635235802        73.76663382551862    
    7.500000000000000        75.43175737667200        36.50974122928049        1339.398133963266        49372.18593400933        287.6281828829846        73.35072722442960    
    8.500000000000000        78.89241878076646        37.07585233054270        1381.186722179888        51696.77057635642        284.7081502927718        72.88778515477026    
    9.500000000000000        82.42107344575763        37.64742430568869        1424.023793953676        54116.00933504276        281.9514409753762        72.38151747254184    
    10.50000000000000        86.01042122995838        38.22423880053726        1467.911032729313        56632.10760270738        279.3572425512487        71.83554922808104    
    11.50000000000000        89.65328319545603        38.80602984382162        1512.845583744201        59247.01873273708        276.9220817881987        71.25335176335908    
    12.50000000000000        93.34055746321549        39.39256397761764        1558.826173704118        61962.79242380165        274.6405090773055        70.63819618159057    
    13.50000000000000        97.06433383955957        39.98358524250933        1605.848759338457        64781.31303417728        272.5057016435270        69.99312576052122    
    14.50000000000000        100.8159853695572        40.57886095908714        1653.910114712173        67704.50656318758        270.5099680551155        69.32094340994848    
    15.50000000000000        104.5859439578929        41.17814896026407        1703.005275042612        70734.18718104414        268.6451519456841        68.62421039749879    
    16.50000000000000        108.3657543617963        41.78117165171093        1753.125197836372        73871.89555068129        266.9029423714646        67.90525302463105    
    17.50000000000000        112.1465954613968        42.38769921124971        1804.263609347486        77119.31855439748        265.2751031075750        67.16617453098097    
    18.50000000000000        115.9198773220233        42.99747816682512        1856.411385996163        80477.95448365854        263.7536348389178        66.40887011193195    
    19.50000000000000        119.6780647551523        43.61026925138611        1909.559586088419        83949.29200323360        262.3308838516874        65.63504348112517    
    20.50000000000000        123.4139344050418        44.22582864145400        1963.697598524310        87534.66784760807        260.9996094093802        64.84622386620369    
    21.50000000000000        127.1203799957311        44.84390126363822        2018.812584607727        91235.22655870845        259.7530201319548        64.04378268708463    
    22.50000000000000        130.7912498623563        45.46422642482962        2074.889978208633        95051.94851892025        258.5847877733406        63.22894943951881    
    23.50000000000000        134.4220492708946        46.08653875487645        2131.913597455279        98985.65467238231        257.4890450196797        62.40282650639470    
    24.50000000000000        138.0086274425969        46.71056959267384        2189.865577928366        103036.9828764056        256.4603724017295        61.56640276013656    
    25.50000000000000        141.5484471839794        47.33605732598647        2248.727543707601        107206.4787179662        255.4937781534979        60.72056591543893    
    26.50000000000000        145.0401724098219        47.96274339945522        2308.480227804930        111494.5644061797        254.5846738414427        59.86611365414223    
    27.50000000000000        148.4839302304251        48.59036208371520        2369.102329260597        115901.4379653288        253.7288478030113        59.00376358261904    
    28.50000000000000        151.8808709856729        49.21863400351528        2430.569820110231        120427.0102691646        252.9224378329744        58.13416210377838    
    29.50000000000000        155.2328204427318        49.84726553835348        2492.855820847311        125070.8861488375        252.1619041049838        57.25789229605469    
    30.50000000000000        158.5439582684453        50.47597323136517        2555.933092663616        129832.5480422350        251.4440029820813        56.37548089441986    
    31.50000000000000        161.8184067061290        51.10443479793801        2619.768823992449        134710.9347786597        250.7657621266716        55.48740446631228    
    32.50000000000000        165.0636094650152        51.73239754176753        2684.336267899544        139705.3727070577        250.1244571459458        54.59409487034827    
    33.50000000000000        168.2871709452510        52.35954206583170        2749.600107302047        144814.3877904198        249.5175898856873        53.69594407908679    
    34.50000000000000        171.4986791866480        52.98556173084462        2815.524819125843        150036.3595735242        248.9428684004735        52.79330843983877    
    35.50000000000000        174.7088759948341        53.61012414690655        2882.070513886005        155369.1775483149        248.3981885712791        51.88651244011464    
    36.50000000000000        177.9289441835764        54.23289411186379        2949.195375574585        160810.4283081480        247.8816173047203        50.97585203713894    
    37.50000000000000        181.1718374275961        54.85353894511882        3016.856359075335        166357.4564124405        247.3913772258767        50.06159760413539    
    38.50000000000000        184.4504203668244        55.47170218706329        3085.006112453312        172007.0866103190        246.9258327645424        49.14399653990426    
    39.50000000000000        187.7793317947279        56.08702372861063        3153.595151392179        177755.7915217470        246.4834775297545        48.22327558261657    
    40.50000000000000        191.1742381002343        56.69913905569894        3222.571701958795        183599.6650644846        246.0629228672443        47.29964286373782    
    41.50000000000000        194.6511610284005        57.30764411989863        3291.877717288391        189534.0754925239        245.6628874974156        46.37328973354236    
    42.50000000000000        198.2271996151025        57.91214785744284        3361.454903672717        195554.1779478503        245.2821881363870        45.44439238574780    
    43.50000000000000        201.9189309979964        58.51225194589183        3431.242359098664        201654.7011537331        244.9197310087215        44.51311330534506    
    44.50000000000000        205.7428600756076        59.10752578888087        3501.173464596245        207829.6472544745        244.5745041671150        43.57960256067228    
    45.50000000000000        209.7162300288998        59.69753787576784        3571.179541438708        214072.6055342450        244.2455705411429        42.64399895813661    
    46.50000000000000        213.8569071476662        60.28187317731208        3641.191989855948        220376.9411170902        243.9320616438867        41.70643107567940    
    47.50000000000000        218.1803012571722        60.86002389274458        3711.129211429174        226734.6139605392        243.6331718717373        40.76701818907084    
    48.50000000000000        222.7049978618788        61.43159527011517        3780.921579034512        233138.4468328819        243.3481533387683        39.82587110336802    
    49.50000000000000        227.4470590887428        61.99610056202263        3850.486386043722        239579.8189733139        243.0763111927547        38.88309290034628    
    50.50000000000000        232.4187042948591        62.55300099047656        3919.732500329360        246049.0649785755        242.8169993651507        37.93877961138732    
    51.50000000000000        237.6346874844774        63.10185938486891        3988.579494637097        252537.2564130221        242.5696167121258        36.99302082415089    
    52.50000000000000        243.1065938850843        63.64216207830379        4056.935614135135        259034.1499660180        242.3336035081201        36.04590023035158    
    53.50000000000000        248.8428853241713        64.17341176799870        4124.709594432751        265529.3119815032        242.1084382573169        35.09749612108410    
    54.50000000000000        254.8509831308711        64.69511483237693        4191.809153395072        272011.9810026033        241.8936347919971        34.14788183537551    
    55.50000000000000        261.1352035663081        65.20677529559059        4258.140072278084        278470.9598867213        241.6887396299329        33.19712616697487    
    56.50000000000000        267.6974547378480        65.70791791125967        4323.609464160383        284894.9567267374        241.4933295658627        32.24529373380688    
    57.50000000000000        274.5353346463951        66.19806802452023        4388.123184362661        291272.3320830084        241.3070094746585        31.29244531400625    
    58.50000000000000        281.6416179722337        66.67673024990177        4451.583254294610        297590.8656275505        241.1294103061120        30.33863815200148    
    59.50000000000000        289.0058155987155        67.14347521682291        4513.899428986117        303838.9126745249        240.9601872533289        29.38392623772626    
    60.50000000000000        296.6122953540445        67.59785298927308        4574.977936606913        310004.3049670245        240.7990180785693        28.42836056169205    
    61.50000000000000        304.4408714373038        68.03944078639189        4634.728001382259        316075.0200178555        240.6456015820260        27.47198934835406    
    62.50000000000000        312.4676557979276        68.46786146590021        4693.064528823743        322039.4738331226        240.4996562005093        26.51485826993712    
    63.50000000000000        320.6614321219741        68.88272400287762        4749.900358342516        327885.7673491886        240.3609187243295        25.55701064265430    
    64.50000000000000        328.9863651025718        69.28366638249173        4805.152061569932        333602.2768686247        240.2291431218508        24.59848760704521    
    65.50000000000000        337.4011944612222        69.67036214389076        4858.741122913302        339177.8078968977        240.1040994622486        23.63932829397882    
    66.50000000000000        345.8600886079790        70.04249606295443        4910.590794343510        344601.2945889119        239.9855729279518        22.67956997770591    
    67.50000000000000        354.3125573439530        70.39979035333157        4960.630020381080        349862.2433434788        239.8733629090981        21.71924821720330    
    68.50000000000000        362.7044486135487        70.74199631531519        5008.792283199988        354950.6175119059        239.7672821730968        20.75839698692723    
    69.50000000000000        370.9772203545974        71.06887424969507        5055.012983791155        359856.5871404224        239.6671561030731        19.79704879798175    
    70.50000000000000        379.0686064969211        71.38020082828587        5099.230585938540        364570.6661073661        239.5728219995881        18.83523481060901    
    71.50000000000000        386.9137836661167        71.67576953932655        5141.386799973955        369083.7497712461        239.4841284405753        17.87298493882138    
    72.50000000000000        394.4464070721263        71.95539362481698        5181.427165044620        373387.2000839544        239.4009346949396        16.91032794791731    
    73.50000000000000        401.5978785314454        72.21889652870361        5219.299743097854        377472.7170601630        239.3231101857091        15.94729154555376    
    74.50000000000000        408.2983054152672        72.46612456715275        5254.957112134673        381332.5778322472        239.2505339990398        14.98390246698682    
    75.50000000000000        414.4807343233322        72.69695606659691        5288.357780878972        384959.8055466734        239.1830944357370        14.02018655503782    
    76.50000000000000        420.0792704905390        72.91127253807367        5319.462048212007        388347.7280791739        239.1206886022962        13.05616883529333    
    77.50000000000000        425.0326105387600        73.10897918278144        5348.235056209754        391490.3238975032        239.0632220387619        12.09187358700488    
    78.50000000000000        429.2841454971094        73.28999266386938        5374.645105861795        394382.0532942353        239.0106083809867        11.12732441011575    
    79.50000000000000        432.7805761443507        73.45423942586220        5398.663417011307        397017.8369823243        238.9627690551164        10.16254428880842    
    80.50000000000000        435.4768415496677        73.60165857965256        5420.264617028789        399393.1213587937        238.9196330023659        9.197555651936248    
    81.50000000000000        437.3387483018336        73.73221092448276        5439.428162409634        401504.0500125717        238.8811364323560        8.232380430676455    
    82.50000000000000        438.3452484548673        73.84587805265214        5456.138245116933        403347.4610269823        238.8472226034795        7.267040113718248    
    83.50000000000000        438.4829270751466        73.94264134654460        5470.380682477105        404920.5444777426        238.8178416289477        6.301555800279242    
    84.50000000000000        437.7495093676858        74.02248757099524        5482.143779951659        406220.9450017890        238.7929503073320        5.335948251226049    
    85.50000000000000        436.1558058119508        74.08541634805259        5491.419450714935        407246.8899505056        238.7725119765782        4.370237938558729    
    86.50000000000000        433.7287466401679        74.13143691595161        5498.202741304979        407997.1392618988        238.7564963906131        3.404445093506355    
    87.50000000000000        430.5011628390440        74.16054403040523        5502.488230380898        408470.5832323650        238.7448796178094        2.438589753469513    
    88.50000000000000        426.5140250207884        74.17272573225105        5504.271163537069        408666.3678824272        238.7376439607027        1.472691808036287    
    89.50000000000000        421.8221057787711        74.16798391431962        5503.550540031812        408584.2433831211        238.7347778964834       0.5067710442911666    
    90.50000000000000        416.4860812426061        74.14632533177797        5500.327801186071        408224.4210068436        238.7362760379139      -0.4591528083692499    
    91.50000000000000        410.5680786723680        74.10775847999510        5494.606361923859        407587.5203129496        238.7421391144338       -1.425060033704088    
    92.50000000000000        404.1396164733417        74.05232275608479        5486.395951724497        406675.0534654514        238.7523739733431       -2.390930884171873    
    93.50000000000000        397.2746091001219        73.98006199709370        5475.708620270746        405488.9719261352        238.7669936010620       -3.356745536342979    
    94.50000000000000        390.0433695834662        73.89101798578740        5462.557769103203        404031.5567511306        238.7860171645899       -4.322484045973216    
    95.50000000000000        382.5214391378331        73.78526167138860        5446.962770539647        402305.9296820921        238.8094700733998       -5.288126302527961    
    96.50000000000000        374.7808947747100        73.66287147405400        5428.945695773120        400315.6807385698        238.8373840621267       -6.253651982942131    
    97.50000000000000        366.8898894639141        73.52393619436602        5408.531721330883        398064.9082422242        238.8697972945314       -7.219040504395681    
    98.50000000000000        358.9170142054137        73.36856122922995        5385.749966909261        395558.2997280866        238.9067544893481       -8.184270975876291    
    99.50000000000000        350.9230779963034        73.19685386346860        5360.631323370893        392800.8886021830        238.9483070687593       -9.149322148291759    
    100.5000000000000        342.9681747274959        73.00894726758594        5333.211911910851        389798.4245080958        238.9945133303781       -10.11417236288279    
    101.5000000000000        335.1057776479710        72.80498977646070        5303.531462496362        386557.1859293496        239.0454386437683       -11.07879949767392    
    102.5000000000000        327.3871241815085        72.58515155993324        5271.634176083176        383084.0582594654        239.1011556726892       -12.04318091168402    
    103.5000000000000        319.8561791781131        72.34962010540860        5237.567989097584        379386.4410000000        239.1617446244188       -13.00729338659981    
    104.5000000000000        312.5526085842225        72.09860254244352        5201.384790054395        375472.2536800718        239.2272935276905       -13.97111306559517    
    105.5000000000000        305.5098402395757        71.83231671477780        5163.139008332517        371349.7656328661        239.2978985409749       -14.93461538895507    
    106.5000000000000        298.7565205038138        71.55101784838033        5122.891387895729        367027.9922675579        239.3736642930444       -15.89777502613583    
    107.5000000000000        292.3147119726798        71.25496923236895        5080.704558765337        362516.1894849141        239.4547042579964       -16.86056580386352    
    108.5000000000000        286.2023430716893        70.94445108693003        5036.644185008076        357823.9600157989        239.5411411671520       -17.82296062983734    
    109.5000000000000        280.4321205776208        70.61977648169794        4990.781193658717        352961.4844210960        239.6331074605312       -18.78493141156612    
    110.5000000000000        275.0111631822153        70.28125654605104        4943.186617548881        347938.9438984195        239.7307457808992       -19.74644896982295    
    111.5000000000000        269.9431250945804        69.92923023516241        4893.935762081057        342766.9549940685        239.8342095137150       -20.70748294615322    
    112.5000000000000        265.2285751413586        69.56405385073629        4843.106465138428        337456.3539517672        239.9436633766761       -21.66800170381633    
    113.5000000000000        260.8637629295411        69.18608097980797        4790.776160430810        332017.8718514306        240.0592840629575       -22.62797222147973    
    114.5000000000000        256.8418180291891        68.79568027403781        4737.024268648123        326462.3732418495        240.1812609426895       -23.58735997891327    
    115.5000000000000        253.1520541879523        68.39321417837631        4681.929106302738        320800.5183055406        240.3097968277132       -24.54612883385390    
    116.5000000000000        249.7828029054229        67.97907464770347        4625.572755181943        315043.2590377876        240.4451088051994       -25.50424088912223    
    117.5000000000000        246.7203779564359        67.55364898995126        4568.036274319172        309201.3348967025        240.5874291463284       -26.46165634897236    
    118.5000000000000        243.9497473069286        67.11732308111905        4509.399931734569        303285.2734696863        240.7370062969030       -27.41833336354481    
    119.5000000000000        241.4537703257547        66.67048466626382        4449.743607494022        297305.4271450552        240.8941059575207       -28.37422786016482    
    120.5000000000000        239.2138280666025        66.21351033309138        4389.144942573339        291271.7766282909        241.0590122617726       -29.32929336008567    
    121.5000000000000        237.2096567360733        65.74679182149428        4327.682934282293        285194.3000204995        241.2320290618690       -30.28348077911500    
    122.5000000000000        235.4210690580857        65.27070943643443        4265.434245684990        279082.5899307117        241.4134813321378       -31.23673821037825    
    123.5000000000000        233.8265832331181        64.78562760505304        4202.472520662280        272945.7759106782        241.6037167020058       -32.18901068726692    
    124.5000000000000        232.4041607381821        64.29191001928461        4138.870379117241        266792.7239860995        241.8031071313724       -33.14023992438371    
    125.5000000000000        231.1319003959695        63.78990626516804        4074.697649764391        260631.8626850272        242.0120507427384       -34.09036403402966    
    126.5000000000000        229.9872491513321        63.27995590007986        4010.021894692180        254471.2369278358        242.2309738260723       -35.03931721547499    
    127.5000000000000        228.9477592779869        62.76241851186671        3944.912412784547        248318.9085701846        242.4603330342076       -35.98702941391138    
    128.5000000000000        227.9902566339499        62.23761351433945        3879.432118867871        242182.1406055112        242.7006177885853       -36.93342594558859    
    129.5000000000000        227.0920392510801        61.70586204935712        3813.643306263410        236067.9889547435        242.9523529174066       -37.87842708519210    
    130.5000000000000        226.2302599940627        61.16746716517601        3747.604765746218        229982.9994304532        243.2161015507742       -38.82194761100690    
    131.5000000000000        225.3826290234960        60.62273381422422        3681.374628492052        223933.5072723146        243.4924683001938       -39.76389630282782    
    132.5000000000000        224.5280543820830        60.07197689145583        3615.011071858266        217925.6822964632        243.7821027529100       -40.70417538691029    
    133.5000000000000        223.6457803252729        59.51551479257974        3548.571753567165        211965.4982323721        244.0857033149914       -41.64267992149173    
    134.5000000000000        222.7149532221299        58.95364637055828        3482.110566008561        206058.4013589823        244.4040214408800       -42.57929711553763    
    135.5000000000000        221.7151271191319        58.38667052780429        3415.680445947414        200209.6077322286        244.7378662912998       -43.51390557236590    
    136.5000000000000        220.6264351729934        57.81486556299308        3349.330485050848        194423.8126094008        245.0881098660014       -44.44637444865366    
    137.5000000000000        219.4304744000596        57.23853203645898        3283.111471557080        188705.7276758337        245.4556926627941       -45.37656251801221    
    138.5000000000000        218.1094132066728        56.65795156650705        3217.070627398588        183059.5844641207        245.8416299196937       -46.30431712680652    
    139.5000000000000        216.6475644409566        56.07342917827979        3151.256826287098        177489.6205538225        246.2470185027313       -47.22947302816218    
    140.5000000000000        215.0302326589444        55.48525971793580        3085.716432754759        171999.6991670021        246.6730445079861       -48.15185107811722    
    141.5000000000000        213.2439090752750        54.89373027835190        3020.493690395031        166593.3536677218        247.1209916525766       -49.07125677560294    
    142.5000000000000        211.2762133316900        54.29912000370999        2955.630526397075        161273.7687685920        247.5922505355018       -49.98747862533830    
    143.5000000000000        209.1163677112378        53.70169731231563        2891.166558825035        156043.8049127650        248.0883288550622       -50.90028629975447    
    144.5000000000000        206.7558375519278        53.10173910389774        2827.141097703275        150906.1662039078        248.6108626747026       -51.80942857269064    
    145.5000000000000        204.1876320059168        52.49951804218317        2763.591661281332        145863.2731059683        249.1616288328810       -52.71463099377391    
    146.5000000000000        201.4072387800433        51.89531279957919        2700.555289885626        140917.3916299515        249.7425585941183       -53.61559326807590    
    147.5000000000000        198.4121233946067        51.28939096415351        2638.066447673048        136070.4490660567        250.3557526365165       -54.51198630080140    
    148.5000000000000        195.2026726304449        50.68203165367679        2576.159668264583        131324.2694575430        251.0034974640477       -55.40344886138917    
    149.5000000000000        191.7816899040164        50.07350339795322        2514.866910954957        126680.3451114799        251.6882833175204       -56.28958381550974    
    150.5000000000000        188.1529826697896        49.46406736642584        2454.218192463586        122139.9147430311        252.4128236331560       -57.16995386708722    
    151.5000000000000        184.3230767497999        48.85399382981537        2394.243214551272        117704.0907557415        253.1800760578984       -58.04407674577428    
    152.5000000000000        180.3010520072986        48.24354638900385        2334.969745947682        113373.7391127092        253.9932649702262       -58.91141976850415    
    153.5000000000000        176.0972459931545        47.63298221121615        2276.423585014938        109149.4775144120        254.8559053667361       -59.77139369720751    
    154.5000000000000        171.7244653523139        47.02255806953885        2218.629331307689        105031.7524875816        255.7718278481446       -60.62334580911865    
    155.5000000000000        167.1973424549227        46.41253270893402        2161.610457225532        101020.8370484582        256.7452042606396       -61.46655209221139    
    156.5000000000000        162.5314082776860        45.80315547159753        2105.388344111358        97116.77758697845        257.7805733031483       -62.30020847755703    
    157.5000000000000        157.7439642506159        45.19469148163779        2049.984667638410        93319.56825646764        258.8828650773119       -63.12342102473523    
    158.5000000000000        152.8538061265263        44.58739608403324        1995.418894620573        89628.97191665092        260.0574231095095       -63.93519498862756    
    159.5000000000000        147.8797450572538        43.98153426550779        1941.710180996360        86044.66541950684        261.3100217835964       -64.73442271983771    
    160.5000000000000        142.8418963621062        43.37736173647856        1888.875541816573        82566.11253683704        262.6468763565683       -65.51987039185340    
    161.5000000000000        137.7598517243508        42.77515457632050        1836.932565233572        79192.75591796712        264.0746417549886       -66.29016361283738    
    162.5000000000000        132.6540099811901        42.17517926348107        1785.896771564425        75923.84791883187        265.6003951426349       -67.04377207754646    
    163.5000000000000        127.5437281206190        41.57772024391307        1735.783988758251        72758.60927619218        267.2315958034262       -67.77899355632161    
    164.5000000000000        122.4481651203007        40.98303979215645        1686.606749316981        69695.99220883756        268.9760142311318       -68.49393771614136    
    165.5000000000000        117.3859861782738        40.39142210260346        1638.378337772990        66734.96388295415        270.8416205606873       -69.18651053681670    
    166.5000000000000        112.3742252422562        39.80314260219194        1591.109957993839        63874.31585104702        272.8364208293069       -69.85440043521774    
    167.5000000000000        107.4293857292042        39.21849009637344        1544.812823822708        61112.81608508869        274.9682283999911       -70.49506764740019    
    168.5000000000000        102.5663356527534        38.63773017942577        1499.494753965625        58448.97831437487        277.2443578222055       -71.10573893445988    
    169.5000000000000        97.79870596461619        38.06115803852708        1455.164999961465        55881.39552337978        279.6712303193582       -71.68341024024204    
    170.5000000000000        93.13877486727009        37.48906528824880        1411.831250514891        53408.54304019776        282.2538851083795       -72.22486046665344    
    171.5000000000000        88.59720455506285        36.92172908638280        1369.498850468617        51028.74116079412        284.9954001163129       -72.72667992142770    
    172.5000000000000        84.18323200577618        36.35940169782118        1328.170160708392        48740.13171753088        287.8962403754153       -73.18531704825820    
    173.5000000000000        79.90442378715633        35.80235927555211        1287.848420435607        46540.91231550235        290.9535726175670       -73.59714653085109    
    174.5000000000000        75.76724235130038        35.25085562221799        1248.534154970207        44429.12876624804        294.1606088094807       -73.95856051670303    
    175.5000000000000        71.77668056395275        34.70515907695339        1210.228105385790        42402.85299089387        297.5060654604346       -74.26608234849030    
    176.5000000000000        67.93648787383479        34.16551226536642        1172.928255514771        40460.01993230562        300.9738424784230       -74.51649883206355    
    177.5000000000000        64.24906086259556        33.63215449987614        1136.631444771119        38598.51797801926        304.5430261760777       -74.70700305476852    
    178.5000000000000        60.71530818920957        33.10530247654749        1101.332252178646        36816.14475465797        308.1882975937276       -74.83533584975716    
    179.5000000000000        57.33593627289815        32.58519169620806        1067.025900350050        35110.76237881788        311.8807766087318       -74.89991126332109    
    180.5000000000000        54.11008019834643        32.07202305924183        1033.704509105161        33480.10055018278        315.5892605156749       -74.89991093917213    
    181.5000000000000        51.03634415225689        31.56603198988407        1001.362058082207        31922.02614026143        319.2817392113699       -74.83533488145302    
    182.5000000000000        48.11240982027552        31.06737143869023        969.9864557615249        30434.13879748054        322.9270100064084       -74.70700145447698    
    183.5000000000000        45.33542589497485        30.57624544690466        939.5687040951575        29014.24448828772        326.4961928082054       -74.51649661923307    
    184.5000000000000        42.70174063708047        30.09281563641798        910.0965952906704        27660.03530479952        329.9639686977125       -74.26607954872468    
    185.5000000000000        40.20746071686031        29.61723037325908        881.5570060113655        26369.22038732932        333.3094240344623       -73.95855716039861    
    186.5000000000000        37.84837819602190        29.14960830784037        853.9347880241469        25139.46911989722        336.5164587753074       -73.59714265175006    
    187.5000000000000        35.61960743487035        28.69006307866765        827.2143809270556        23968.48905107390        339.5737894766270       -73.18531268205392    
    188.5000000000000        33.51637593349746        28.23869852927476        801.3797619216715        22854.03297818109        342.4746281477371       -72.72667510452260    
    189.5000000000000        31.53385705196738        27.79561621221345        776.4147013576151        21793.90112516034        345.2161415569612       -72.22485523512890    
    190.5000000000000        29.66696392668071        27.36087495321764        752.3006517259244        20785.85699245863        347.7987947661528       -71.68340462906164    
    191.5000000000000        27.91033753205904        26.93453330449926        729.0192696730777        19827.73858620907        350.2256657251710       -71.10573297689851    
    192.5000000000000        26.25918395489990        26.51665337715279        706.5525756466540        18917.46086937212        352.5017936675506       -70.49506137467341    
    193.5000000000000        24.70810899052950        26.10722347947310        684.8788117816582        18052.84690254138        354.6335998279386       -69.85439387627635    
    194.5000000000000        23.25211248910507        25.70628505682427        663.9795149483703        17231.92224032024        356.6283987626188       -69.18650371827009    
    195.5000000000000        21.88641818968769        25.31384766581690        643.8348097887216        16452.71647438453        358.4940038379160       -68.49393066227566    
    196.5000000000000        20.60620596406902        24.92992496995702        624.4255164374946        15713.35297707154       0.2384311096229001       -67.77898628918319    
    197.5000000000000        19.40666956572295        24.55451121408943        605.7318227328190        15011.99022720171        1.869630675572852       -67.04376461706777    
    198.5000000000000        18.28308069360819        24.18759174801217        587.7339334115303        14346.84861947449        3.395383044811805       -66.29015597698658    
    199.5000000000000        17.23102532598325        23.82912933064124        570.4114842528575        13716.18987897328        4.823147497726834       -65.51986259679499    
    200.5000000000000        16.24634068134963        23.47910485916015        553.7454833354238        13118.38347461340        6.160001194022585       -64.73441478009491    
    201.5000000000000        15.32481125076047        23.13745280139231        537.7152142580628        12551.79289659996        7.412599055913146       -63.93518691723988    
    202.5000000000000        14.46263453899155        22.80411551828098        522.3009617122528        12014.87554574585        8.587156335961105       -63.12341283340796    
    203.5000000000000        13.65600282468141        22.47901761946126        507.4827349204403        11506.13251943860        9.689447413640158       -62.30020017679971    
    204.5000000000000        12.90144122164954        22.16207253399331        493.2406132112233        11024.11994810283        10.72481581109080       -61.46654369146516    
    205.5000000000000        12.19561257687749        21.85318553586410        479.5549693602118        10567.45688277858        11.69819162591694       -60.62333731687147    
    206.5000000000000        11.53536581214307        21.55225879125846        466.4065949105722        10134.82361584858        12.61411355324510       -59.77138512109796    
    207.5000000000000        10.91774958620972        21.25917981850450        453.7762483714325        9724.946834181272        13.47675343571555       -58.91141111541446    
    208.5000000000000        10.33999124835231        20.97384544396790        441.6457919565517        9336.637306458868        14.28994187075507       -58.04406802191308    
    209.5000000000000        9.799490606306996        20.69613726725082        429.9969678665906        8968.742749983980        15.05719385192553       -57.16994507806326    
    210.5000000000000        9.293783560919151        20.42594625614888        418.8125593311312        8620.186614745164        15.78173375491590       -56.28957496639728    
    211.5000000000000        8.820565803581394        20.16315734984238        408.0756990539803        8289.942921760583        16.46651922411324       -55.40343995678571    
    212.5000000000000        8.377687853621156        19.90764116429890        397.7694278363953        7977.017410045206        17.11426369340018       -54.51197734487904    
    213.5000000000000        7.963126122207433        19.65928537897218        387.8781738966304        7680.497636841756        17.72745740144949       -53.61558426462653    
    214.5000000000000        7.575004502294234        19.41795765282086        378.3859980093742        7399.489637797934        18.30838685028447       -52.71462194624947    
    215.5000000000000        7.211550335243189        19.18353363726862        369.2778918044833        7133.161295794934        18.85915271623003       -51.80941948423848    
    216.5000000000000        6.871137363155704        18.95588578231622        360.5392214100892        6880.720515723558        19.38168626218756       -50.90027717324879    
    217.5000000000000        6.552214314598576        18.73488444470862        352.1557701669249        6641.415179812642        19.87776432513840       -49.98746946340808    
    218.5000000000000        6.253338515721103        18.52039979996591        344.1138248107032        6414.534774804075        20.34902296718133       -49.07124758065661    
    219.5000000000000        5.973174221723531        18.31230348274388        336.4002038404565        6199.408840192284        20.79696988538910       -48.15184185236458    
    220.5000000000000        5.710471237703360        18.11046682062473        329.0021747280948        5995.403056828500        21.22299567764032       -47.22946377363398    
    221.5000000000000        5.464075991141895        17.91476556091279        321.9076203792200        5801.922542879577        21.62838406003090       -46.30430784537175    
    222.5000000000000        5.232907408684411        17.72507400586857        315.1047904651450        5618.402988543182        22.01432112770543       -45.37655321139360    
    223.5000000000000        5.015965577252632        17.54126894828759        308.5824351323924        5444.313135077353        22.38190374584050       -44.44636511844151    
    224.5000000000000        4.812322719277487        17.36323058745371        302.3298154631540        5279.153549369392        22.73214715166954       -43.51389622003041    
    225.5000000000000        4.621105981453065        17.19084035204304        296.3366148242027        5122.453148131745        23.06599184228572       -42.57928774243992    
    226.5000000000000        4.441500603229396        17.02397991721788        290.5928883197837        4973.766675721284        23.38430981678249       -41.64267052889380    
    227.5000000000000        4.272750092269520        16.86253111571777        285.0890334924847        4832.672485680868        23.68791023528101       -40.70416597598382    
    228.5000000000000        4.114157578091708        16.70638160641847        279.8159812687350        4698.776747093328        23.97754455166916       -39.76388687466222    
    229.5000000000000        3.965073799323724        16.55541926929961        274.7649833896498        4571.706840406496        24.25391117150604       -38.82193816661654    
    230.5000000000000        3.824896655101742        16.40953723938806        269.9277687353494        4451.114390221497        24.51765968156700       -37.87841762552259    
    231.5000000000000        3.693067983103667        16.26862856842383        265.2963429148895        4336.669149542517        24.76939469292524       -36.93341647152286    
    232.5000000000000        3.569066041433088        16.13258912135186        260.8630771635782        4228.060576338517        25.00967933528443       -35.98701992627492    
    233.5000000000000        3.452412208439834        16.00131906800276        256.6207425410502        4124.997853185939        25.23903843647697       -35.03930771504042    
    234.5000000000000        3.342656806261538        15.87472059065912        252.5624201941967        4027.206915851016        25.45796141760264       -34.09035452152130    
    235.5000000000000        3.239385421291902        15.75269818882325        248.6814940996843        3934.429471319445        25.66690493117927       -33.14023040048157    
    236.5000000000000        3.142216971559790        15.63516231220036        244.9717651633934        3846.425361807522        25.86629526688244       -32.18900115260993    
    237.5000000000000        3.050785967437733        15.52202028037162        241.4271322445075        3762.963874922280        26.05653054694108       -31.23672866556788    
    238.5000000000000        2.964763769602829        15.41318832698971        238.0419865044699        3683.833182383366        26.23798273100199       -30.28347122471812    
    239.5000000000000        2.883842192436209        15.30858364189445        234.8109315906277        3608.832721006898        26.41099944825687       -29.32928379663715    
    240.5000000000000        2.807732957859668        15.20812502448546        231.7287969665836        3537.773109399970        26.57590567281463       -28.37421828817012    
    241.5000000000000        2.736167767008961        15.11173545391139        228.7907126237824        3470.477552629860        26.73300525668114       -27.41832378348233    
    242.5000000000000        2.668903166351284        15.01934302273897        225.9921300473425        3406.781941504327        26.88258233325651       -26.46164676129528    
    243.5000000000000        2.605706823318146        14.93087646174703        223.3286684158157        3346.530734627496        27.02490260295980       -25.50423129426065    
    244.5000000000000        2.546361476263563        14.84626771267787        220.7961869777067        3289.578304765850        27.16021451142640       -24.54611923221656    
    245.5000000000000        2.490665488249928        14.76545027347707        218.3907260702642        3235.787228811869        27.28875032967975       -23.58735037088902    
    246.5000000000000        2.438433301601242        14.68836215278102        216.1085944071748        3185.030101942498        27.41072714474327       -22.62796260743921    
    247.5000000000000        2.389493100984326        14.61494370770764        213.9462929907795        3137.187427975247        27.52634776831917       -21.66799208411330    
    248.5000000000000        2.343686045955966        14.54513911941326        211.9005555963754        3092.148332158395        27.63580157040717       -20.70747332112576    
    249.5000000000000        2.300863811274527        14.47889541540740        209.9683110600889        3049.809416682734        27.73926524405892       -19.74643933979477    
    250.5000000000000        2.260889044702297        14.41615971738200        208.1465924842874        3010.072425675618        27.83690350685518       -18.78492177684759    
    251.5000000000000        2.223635103462186        14.35688330821077        206.4326574656897        2972.846833491993        27.92886974414446       -17.82295099072649    
    252.5000000000000        2.188984547870754        14.30101876247332        204.8238952656623        2938.047525153546        28.01530659858718       -16.86055616064708    
    253.5000000000000        2.156830403407480        14.24852396753441        203.3179445292040        2905.597317727519        28.09634651010359       -15.89776537909010    
    254.5000000000000        2.127071860830968        14.19935696229810        201.9125314122339        2875.423090377552        28.17211220992006       -14.93460573834671    
    255.5000000000000        2.099618987037843        14.15348041783765        200.6056030801030        2847.458719674745        28.24271717204308       -13.97110341168202    
    256.5000000000000        2.073377329006087        14.11087583029105        199.3957118129743        2821.652827034030        28.30826602515869       -13.00728372963169    
    257.5000000000000        2.051323662069814        14.07145908257954        198.2796602846902        2797.919285532377        28.36885492765407       -12.04317125190331    
    258.5000000000000        2.030338578467920        14.03524747566397        197.2571401852421        2776.234132987212        28.42457190818307       -11.07878983531630    
    259.5000000000000        2.011377503675821        14.00219504155955        196.3261601910203        2756.540008648120        28.47549717394665       -10.11416269817791    
    260.5000000000000        1.994387399012028        13.97227698448991        195.4853915707308        2738.795155110864        28.52170338862981       -9.149312481463697    
    261.5000000000000        1.979321253982872        13.94547170359597        194.7336629542974        2722.962696795550        28.56325592172454       -8.184261307144260    
    262.5000000000000        1.966134493283592        13.92175747412205        194.0698579807371        2709.008244054271        28.60021307077402       -7.219030833974546    
    263.5000000000000        1.954508048221482        13.90101150934649        193.4900414798396        2696.838420991594        28.63262625789271       -6.253642311042851    
    264.5000000000000        1.945250302078718        13.88352814158938        193.0022249008023        2686.616858732008        28.66054020174858       -5.288116629358195    
    265.5000000000000        1.937496561130070        13.86898294025786        192.5968452697833        2678.132280495367        28.68399306603737       -4.322474371737832    
    266.5000000000000        1.931504832924768        13.85746924684898        192.2763029705823        2671.430703232306        28.70301658533023       -3.356735861244365    
    267.5000000000000        1.927257670238516        13.84897777069075        192.0401275824161        2666.497823815688        28.71763616903725       -2.390921208410596    
    268.5000000000000        1.924740247683462        13.84350172755768        191.8879747516079        2663.323172533208        28.72787098409564       -1.425050357479320    
    269.5000000000000        1.923942437204771        13.84103633455802        191.8196099361489        2661.899716348635        28.73373401686400      -0.4591431318790614    
    270.5000000000000        1.924862621369654        13.84157991153552        191.8349435054205        2662.224689325114        28.73523211458076       0.5067807208491645    
    271.5000000000000        1.927503751043563        13.84513314293496        191.9340049981693        2664.298936412245        28.73236600662453        1.472701484464538    
    272.5000000000000        1.931868015279233        13.85169600960458        192.1168538481879        2668.124958854884        28.72513030569609        2.438599429570217    
    273.5000000000000        1.937969213400855        13.86127526709880        192.3838019298491        2673.711895047889        28.71351348892455        3.404454769080836    
    274.5000000000000        1.945823190287913        13.87387909117474        192.7352541656763        2681.071958828709        28.69749785878310        4.370247613407021    
    275.5000000000000        1.955449822475980        13.88951755395011        193.1717241139905        2690.220825544791        28.67705948358168        5.335957925146587    
    276.5000000000000        1.966872911420651        13.90820200859651        193.6938156158499        2701.177230390145        28.65216811718357        6.301565473068212    
    277.5000000000000        1.980120252921562        13.92994655249281        194.3022674688398        2713.964003151605        28.62278709746942        7.267049785169149    
    278.5000000000000        1.995228440995263        13.95476813765121        194.9979591191125        2728.608260582829        28.58887322294458        8.232390100579762    
    279.5000000000000        2.012243586906028        13.98268923995415        195.7819922958176        2745.143298636171        28.55037660675249        9.197565320078709    
    280.5000000000000        2.031212654018954        14.01373001117424        196.6554572783470        2763.603378990660        28.50724050721655        10.16255395497259    
    281.5000000000000        2.052190814908729        14.04791496031745        197.6196350907359        2784.028346682933        28.45940113388569        11.12733407407958    
    282.5000000000000        2.075238056091939        14.08526976470018        198.6759043357984        2806.461612577787        28.40678742790078        12.09188324854099    
    283.5000000000000        2.100426153543675        14.12582405098363        199.8258279344125        2830.952207747413        28.34932081533122        13.05617849416844    
    284.5000000000000        2.127827157737734        14.16960565199876        201.0709813139029        2857.550953593262        28.28691493194981        14.02019621101227    
    285.5000000000000        2.157524932485259        14.21665025203482        202.4132472760099        2886.317269949021        28.21947531771859        14.98391211981375    
    286.5000000000000        2.189607777499428        14.26699153381115        203.8545224255403        2917.312640582086        28.14689907904652        15.94730119497844    
    287.5000000000000        2.224169690830409        14.32066668614086        205.3968843862756        2950.604472628899        28.06907451664893        16.91033759367658    
    288.5000000000000        2.261313120014548        14.37771753974655        207.0426321151215        2986.267199123125        27.98588071658711        17.87299458064265    
    289.5000000000000        2.301146241280653        14.43818612837599        208.7941544430495        3024.379407950122        27.89718710179011        18.83524444820952    
    290.5000000000000        2.343788680379876        14.50211984045751        210.6540909575577        3065.027675627991        27.80285294105848        19.79705843106779    
    291.5000000000000        2.389366635945809        14.56956745485887        212.6252149668312        3108.304042993276        27.70272681221583        20.75840661519304    
    292.5000000000000        2.438017641708202        14.64058194600152        214.7105265869598        3154.308391438395        27.59664601570692        21.71925784033007    
    293.5000000000000        2.489889766335808        14.71521988934885        216.9132397420345        3203.148351692515        27.48443593453447        22.67957959536089    
    294.5000000000000        2.545143840152089        14.79353862255889        219.2367011369515        3254.937660667391        27.36590933597751        23.63933790581392    
    295.5000000000000        2.603953516112386        14.87560094028848        221.6845395293670        3309.799833108039        27.24086561003580        24.59849721269578    
    296.5000000000000        2.666510003217301        14.96147246627717        224.2605943670028        3367.866839153834        27.10908993899133        25.55702024173795    
    297.5000000000000        2.733018034092849        15.05122033262531        226.9688829690566        3429.278655295364        26.97035239186347        26.51486786205201    
    298.5000000000000        2.803702218294701        15.14491307570393        229.8136028402163        3494.183583782551        26.82440693684983        27.47199893307740    
    299.5000000000000        2.878803819904130        15.24262336556465        232.7992248508869        3562.740780485209        26.67099036408286        28.42837013857847    
    300.5000000000000        2.958579263917944        15.34442503021405        235.9304082671787        3635.118614579736        26.50982111018280        29.38393580630576    
    301.5000000000000        3.043310642091234        15.45039608316709        239.2121065798072        3711.497605982604        26.34059797513893        30.33864771177743    
    302.5000000000000        3.133299948871411        15.56061657965748        242.6495070995397        3792.069367156375        26.16299872099317        31.29245486445327    
    303.5000000000000        3.228863767142688        15.67516824187404        246.2480290056868        3877.037011872259        25.97667854061691        32.24530327436824    
    304.5000000000000        3.330341938265439        15.79413365563533        250.0133063513461        3966.615198818811        25.78126838355014        33.19713569705984    
    305.5000000000000        3.438098445535564        15.91760190926986        253.9513887376848        4061.035727597128        25.57637312439388        34.14789135435657    
    306.5000000000000        3.552524168133182        16.04566360474219        258.0685778792407        4160.543790672312        25.36156955759447        35.09750562829359    
    307.5000000000000        3.674037046852488        16.17841488284849        262.3715789965161        4265.402485183306        25.13640420060941        36.04590972507814    
    308.5000000000000        3.803086787337703        16.31595469936847        266.8674232624429        4375.891570751419        24.90039088537896        36.99303030563579    
    309.5000000000000        3.940159988379934        16.45838735324246        271.5635654160856        4492.310577021299        24.65300811571871        37.93878907882000    
    310.5000000000000        4.085781661073471        16.60581827738435        276.4677572320044        4614.976403394109        24.39369616567003        38.88310235285959    
    311.5000000000000        4.240517943154576        16.75835871486046        281.5882308879584        4744.229076818585        24.12185389097074        39.82588054003318    
    312.5000000000000        4.404975402791252        16.91611822686992        286.9334380507531        4880.425364425075        23.83683522260614        40.76702760889162    
    313.5000000000000        4.579810079710223        17.07921131193261        292.5123068825221        5023.946721743000        23.53794530784212        41.70644047758555    
    314.5000000000000        4.765721187312702        17.24775079498825        298.3340196908376        5175.194230885207        23.22443626019804        42.64400834097706    
    315.5000000000000        4.963462669417746        17.42185199647249        304.4081829303846        5334.594314725908        22.89550247546163        43.57961192320698    
    316.5000000000000        5.173844021652468        17.60163176898538        310.7448061929032        5502.599192772416        22.55027546605695        44.51312264623628    
    317.5000000000000        5.397730851504220        17.78720923424281        317.3543378820385        5679.688779588190        22.18781816084157        45.44440170355045    
    318.5000000000000        5.636048703698910        17.97870196577095        324.2475397782099        5866.368404319288        21.80711861172799        46.37329902669292    
    319.5000000000000        5.889794705244336        18.17623295919991        331.4357722110998        6063.178271017938        21.40708304242207        47.29965213054207    
    320.5000000000000        6.160022579940193        18.37992702778781        338.9308723981678        6270.691291526264        20.98652816810460        48.22328482123611    
    321.5000000000000        6.447867190219719        18.58991044415250        346.7451622807851        6489.514853499635        20.54417270815221        49.14400574834100    
    322.5000000000000        6.754528904340698        18.80630876254545        354.8913658039281        6720.289481942002        20.07862800717054        50.06160678021425    
    323.5000000000000        7.081281107960066        19.02924878654965        363.3827308245839        6963.694704882922        19.58838767296160        50.97586117848866    
    324.5000000000000        7.429495263232632        19.25885296478627        372.2327878960194        7220.442557714801        19.07181613396436        51.88652154414582    
    325.5000000000000        7.800646441421000        19.49524790471810        381.4557448810086        7491.292217216760        18.52713601377031        52.79331750371928    
    326.5000000000000        8.196287344487226        19.73855630234605        391.0661453742881        7777.040474742036        17.95241421736132        53.69595309971412    
    327.5000000000000        8.618071856395455        19.98890475182118        401.0792324280327        8078.535700059732        17.34554662391728        54.59410384431806    
    328.5000000000000        9.067765669634893        20.24641808667741        411.5107232269817        8396.672513114865        16.70424128604451        55.48741338988281    
    329.5000000000000        9.547254353760682        20.51121824503280        422.3767696255547        8732.392440273743        16.02600004736334        56.37548976347223    
    330.5000000000000        10.05840164080029        20.78339592582020        433.6927199528629        9086.644780740913        15.30809851269218        57.25790110604720    
    331.5000000000000        10.60328546689023        21.06305318067282        445.4749484650372        9460.447558429561        14.54756434183779        58.13417084969513    
    332.5000000000000        11.18405244858194        21.35031885680274        457.7416706114377        9854.920629914701        13.74115389500172        59.00377225891204    
    333.5000000000000        11.80321971282019        21.64532484819778        470.5118257468999        10271.24845334349        12.88532734273927        59.86612225466546    
    334.5000000000000        12.46296269516630        21.94812009509864        483.8012187384762        10710.55189621040        11.97622247645722        60.72057443337401    
    335.5000000000000        13.16615322587607        22.25886427986799        497.6312520983791        11174.18614835815        11.00962762996457        61.56641118790920    
    336.5000000000000        13.91515825359877        22.57761201556309        512.0192199991183        11663.41503352127        9.980954365809717        62.40283483558041    
    337.5000000000000        14.71286574783538        22.90446848500353        526.9852977408456        12179.64903378356        8.885210913832699        63.22895766073737    
    338.5000000000000        15.56225601784669        23.23951765469806        542.5493102329739        12724.33849718491        7.716977800396134        64.04379078988273    
    339.5000000000000        16.46628380581386        23.58283033928453        558.7310397752764        13298.98420457505        6.470387707075586        64.84623183892481    
    340.5000000000000        17.42800609562882        23.93445023266085        575.5495407541130        13905.11439223445        5.139112383149946        65.63505131076707    
    341.5000000000000        18.45063365132905        24.29443883492257        593.0253224632841        14544.36771952112        3.716360443975254        66.40887778399275    
    342.5000000000000        19.53741249385126        24.66285391204963        611.1792842527808        15218.45564579266        2.194891148684680        67.16618202929533    
    343.5000000000000        20.69168780364832        25.03972839324123        630.0316138020872        15929.12218089701       0.5670507796132284        67.90526033120048    
    344.5000000000000        21.91658693061105        25.42506457028254        649.6014001502780        16678.12734855509        358.8248300007543        68.62421749232209    
    345.5000000000000        23.21569671292453        25.81889040171123        669.9096139265415        17467.36985861431        356.9600126213900        69.32095027086135    
    346.5000000000000        24.59216745189178        26.22120281806412        690.9759818789419        18298.75855869495        354.9642776801156        69.99313236305832    
    347.5000000000000        26.04941373866654        26.63200617341334        712.8211705800845        19174.30969977728        352.8294688135006        70.63820249888855    
    348.5000000000000        27.59092699655789        27.05126816544283        735.4641135027489        20096.02793025038        350.5478945963130        71.25335776612421    
    349.5000000000000        29.21946057049550        27.47891269694232        758.9215934892690        21065.88968382131        348.1127322645694        71.83555488465269    
    350.5000000000000        30.93829804400898        27.91498530082310        783.2177017710882        22086.25421249513        345.5185322259701        72.38152274908681    
    351.5000000000000        32.75038742831298        28.35935950394414        808.3669440532603        23159.13273754223        342.7618212714412        72.88779001564765    
    352.5000000000000        34.65817033602287        28.81199033988228        834.3885850900190        24286.80245626895        339.8417870517046        73.35073163276411    
    353.5000000000000        36.66450305474311        29.27281748041186        861.3013883105061        25471.59433694206        336.7610048267633        73.76663774401142    
    354.5000000000000        38.77107385586807        29.74173220920679        889.1212232358478        26715.76848828918        333.5261411790543        74.13180704257090    
    355.5000000000000        40.98002122350521        30.21861508339731        917.8633301053582        28021.61855668107        330.1485425764411        74.44266420827795    
    356.5000000000000        43.29269399491503        30.70334683444157        947.5429177142146        29391.49780721059        326.6445969690259        74.69589749559283    
    357.5000000000000        45.71008150173485        31.19580757549814        978.1749878648707        30827.80522359536        323.0357539986068        74.88860820952161    
    358.5000000000000        48.23224728272692        31.69585126608759        1009.772865512978        32332.92410746182        319.3481132684099        75.01845951055232    
    359.5000000000000        50.85961679255243        32.20334565543235        1042.350467084841        33909.31735927989        315.6115443555969        75.08380891563100    
