 # author: MA Kubiak / Space Research Center PAS Warsaw Poland, contact: mkubiak@cbk.waw.pl                          
 # code version Program.keplerV_ellipt_V2      , Dates: calkV:20/04/2026  ; part_pr:20/04/2026                       
 # czas no T v_mas, kier.naplywu(dl, szer) macierz obrotu (ecl to helio), r, theta, phi(ecl,spher), V_detector(ecl,cart), IBEX_energy_channel
 #     2026.062787000000        0.8088930000000000E-03     9480.000000000000        -11.28000000301609         251.5700000000000         11.95000000000000        0.2459841265748581        0.9692738567985851         0.000000000000000       -0.9615244635393438        0.2440174711049008        0.1261989691358298        0.1223213615382913       -0.3104294319752456E-01    0.9920049496797150        0.9753860000000000         123.5231450000000       -0.1457400000000000E-01    -24.97500000000000        -16.38100000000000        0.4799999999999999E-01 00
 # routs_end= 150.00;    Maxwellian,    elliptOrb=Off                                                                                        
 # Numerical parameters: GridKl=10  GridKf=09  GridKV=05  epsV= 0.0000100  epssJon=.0010000                                                  
 # Numerical parameters: GridKl=10  GridKf=09  GridKV=05  epsV= 0.0000100  epssJon=.0010000; tessel128                                                                                                                                                                                                                                                                                                                                                                                                                                                                 
# Axis to the Sun: alpha_ecl= 299.6440000000000000 delta_Ecl= 0.0940000000000000 delta_Ax= 90.0000000000000000  repoint= 00135
 #  flag_atom: He                                                   
 #  flag_general:                                                   
 #                                                                  
 #                                                                  
  # Ly_a_Profil: zero                                               
  # flag_Itot: zero                                                 
 #  v_SW_Eqtr: speed3D.hybrid2026c_patched.dat                      
 #  n_SW_Eqtr: density3D.hybrid2026c_patched.dat                    
 #  phot_Eqtr: 0.8500000  phion_Helium_T12F107_2026c.dat            
 #  sigma_SW: p+He->H +He+, He + alpha (2 chnls);src:simuLosses.nb  
 #  flag_el:slow  swEqtrElectrons5.2026c.patched.dat                
 #  SW_lati: interpolation                                          
 #  phot_lati: analit pole-flattened after Pryor & Auchere          
 #
 #
 #
 #Spin  flux speed	speed^2 speed^3    long_ecl lat_ecl
   0.5000000000000000        72.47454791067393        32.39155207402693        1054.604847776479        34510.45495360688        198.9969438490320        89.49123844084455    
    1.500000000000000        77.51715324779204        32.94030373943403        1090.617973361420        36292.01900128921        206.0589748936670        88.49705571974721    
    2.500000000000000        82.93925057264286        33.49744638446575        1127.794397446177        38161.90229019866        207.4920619544084        87.49823204044104    
    3.500000000000000        88.77129963115887        34.06279256432302        1166.149108294510        40123.26183809160        208.1074851889701        86.49873700714878    
    4.500000000000000        95.04672287755139        34.63617439405327        1205.697963295746        42179.36510875563        208.4497926921248        85.49901784374872    
    5.500000000000000        101.8001597131403        35.21729852022253        1246.447227935044        44333.02118333295        208.6678699757258        84.49919674970478    
    6.500000000000000        109.0724249682723        35.80599391165019        1288.411482676035        46587.55774394616        208.8190323583372        83.49932075661486    
    7.500000000000000        116.9064394209458        36.40198497162549        1331.596903115416        48945.88892728328        208.9300387504700        82.49941181980348    
    8.500000000000000        125.3488202260431        37.00499154303395        1376.008412734329        51410.90013063769        209.0150591951129        81.49948156487531    
    9.500000000000000        134.4513257581987        37.61474981643160        1421.651132727434        53985.52101423621        209.0822987098717        80.49953672325472    
    10.50000000000000        144.2703792817008        38.23092783771650        1468.523743948236        56672.32812453920        209.1368371482567        79.49958146236186    
    11.50000000000000        154.8682247213229        38.85323866015391        1516.627398005183        59474.07014441321        209.1819877259543        78.49961850024921    
    12.50000000000000        166.3106938446639        39.48133994672312        1565.957468453441        62393.15492803498        209.2200035731753        77.49964968528529    
    13.50000000000000        178.6747627333339        40.11489969680797        1616.508684553163        65431.94484678005        209.2524703112027        76.49967631823066    
    14.50000000000000        192.0403449721679        40.75357452145492        1668.273519705777        68592.66382169873        209.2805362042157        75.49969934105353    
    15.50000000000000        206.4966564997851        41.39696930207168        1721.238369284049        71877.12162164066        209.3050532298376        74.49971945266188    
    16.50000000000000        222.1464997914518        42.04479169587126        1775.396828039586        75287.56844022818        209.3266668561755        73.49973718255382    
    17.50000000000000        239.0949624795707        42.69663207159225        1830.730650893670        78825.44385711469        209.3458750407262        72.49975293921814    
    18.50000000000000        257.4681368144625        43.35211601360167        1887.222881828935        82492.22352578265        209.3630680959165        71.49976704283819    
    19.50000000000000        277.3951574880040        44.01085725730875        1944.853381663351        86289.09123041666        209.3785562891367        70.49977974793363    
    20.50000000000000        299.0265263359163        44.67241856760376        2003.595724851660        90216.74608357192        209.3925893651998        69.49979125937553    
    21.50000000000000        322.5230808292591        45.33639682681959        2063.424228942250        94275.83080045982        209.4053706209728        68.49980174393239    
    22.50000000000000        348.0641080785795        46.00232334374501        2124.305118166440        98466.32702313266        209.4170672269654        67.49981133873723    
    23.50000000000000        375.8491572445161        46.66983591663067        2186.212353094269        102788.6469587320        209.4278179137468        66.49982015759319    
    24.50000000000000        406.0961088353898        47.33846159814403        2249.107435144509        107242.2069352683        209.4377387760627        65.49982829573463    
    25.50000000000000        439.0515376600700        48.00779038857616        2312.955342166289        111826.5164408718        209.4469277113411        64.49983583346830    
    26.50000000000000        474.9775052743080        48.67733763296413        2377.711569971364        116540.2475293580        209.4554678532996        63.49984283899002    
    27.50000000000000        514.1745441026643        49.34665914126538        2443.333018933942        121381.9983363920        209.4634302564394        62.49984937058676    
    28.50000000000000        556.9664719458550        50.01528958875946        2509.772223851745        126349.8744522371        209.4708760154116        61.49985547837524    
    29.50000000000000        603.7126406396075        50.68274379810428        2576.977005346937        131441.4165814774        209.4778579533508        60.49986120568696    
    30.50000000000000        654.8097487812239        51.34855857595387        2644.895263155544        136653.9946320378        209.4844219780996        59.49986659018065    
    31.50000000000000        710.6943490675770        52.01227479633275        2713.472788072632        141984.6025043568        209.4906081801237        58.49987166474299    
    32.50000000000000        771.8439920837078        52.67338419933926        2782.647666436848        147429.4008367876        209.4964517277533        57.49987645822294    
    33.50000000000000        838.7807830623757        53.33140698528398        2852.358502222677        152984.3606407704        209.5019836020996        56.49988099603461    
    34.50000000000000        912.0782050036220        53.98584078869889        2922.538883041786        158644.7998651238        209.5072312041760        55.49988530065536    
    35.50000000000000        992.3577717502066        54.63620443827732        2993.122285472414        164405.7841704456        209.5122188594235        54.49988939203958    
    36.50000000000000        1080.303780567191        55.28200687110427        3064.038730900376        170261.8459645949        209.5169682393162        53.49989328796460    
    37.50000000000000        1176.653353988596        55.92277341532996        3135.217682191515        176207.2149484221        209.5214987155246        52.49989700432116    
    38.50000000000000        1282.208799513639        56.55802521633254        3206.585986865417        182235.6534526791        209.5258276589016        51.49990055535872    
    39.50000000000000        1397.830050331992        57.18729561111908        3278.069479781944        188340.5618594284        209.5299706930674        50.49990395389349    
    40.50000000000000        1524.437185109604        57.81009961254681        3349.589749898146        194514.7124396477        209.5339419104428        49.49990721148561    
    41.50000000000000        1663.017041535810        58.42596434756948        3421.067619377865        200750.5393630340        209.5377540570646        48.49991033859072    
    42.50000000000000        1814.616611484564        59.03442901868988        3492.423342445865        207040.1654630457        209.5414186913256        47.49991334469028    
    43.50000000000000        1980.345173397879        59.63504822149953        3563.577164466015        213375.4593958142        209.5449463208363        46.49991623840378    
    44.50000000000000        2161.368242340156        60.22739253527051        3634.449507133718        219748.0557776577        209.5483465208504        45.49991902758585    
    45.50000000000000        2358.891263745118        60.81103046215981        3704.958904387114        226149.1719763491        209.5516280370906        44.49992171941069    
    46.50000000000000        2574.156202635947        61.38553676199670        3775.023040053354        232569.6994509936        209.5547988753251        43.49992432044549    
    47.50000000000000        2808.429130452817        61.95051381349897        3844.561608837575        239000.4851510360        209.5578663796466        42.49992683671464    
    48.50000000000000        3062.981692282650        62.50556871944926        3913.493607241353        245432.0874339304        209.5608373010872        41.49992927375607    
    49.50000000000000        3339.072974496105        63.05032369174232        3981.738786660581        251854.9233190594        209.5637178579344        40.49993163667067    
    50.50000000000000        3637.919750760057        63.58442225003702        4049.218587709407        258259.3697129162        209.5665137889017        39.49993393016596    
    51.50000000000000        3960.686516380455        64.10753726441098        4115.857445797975        264635.9138726796        209.5692304001247        38.49993615859460    
    52.50000000000000        4308.427862634413        64.61935089173384        4181.580299575301        270974.9206452271        209.5718726068076        37.49993832598853    
    53.50000000000000        4682.063026322100        65.11956363570182        4246.313895655311        277266.7714424670        209.5744449702207        36.49994043608940    
    54.50000000000000        5082.337204078575        65.60790042831904        4309.987833483676        283501.9927193479        209.5769517306477        35.49994249237555    
    55.50000000000000        5509.778561448147        66.08410458426667        4372.533854218653        289671.1949286890        209.5793968367945        34.49994449808612    
    56.50000000000000        5964.647779213866        66.54793634600797        4433.885840336798        295765.0934787926        209.5817839720994        33.49994645624264    
    57.50000000000000        6446.891798551880        66.99917968065319        4493.980869040766        301774.6316169306        209.5841165783226        32.49994836966841    
    58.50000000000000        6956.105373311215        67.43764111820552        4552.759193620819        307690.9955750424        209.5863978767433        31.49995024100586    
    59.50000000000000        7491.474979519441        67.86315166605894        4610.164733838054        313505.6914709103        209.5886308872456        30.49995207273223    
    60.50000000000000        8051.750010936818        68.27556297046232        4666.144609272367        319210.5068058259        209.5908184455407        29.49995386717363    
    61.50000000000000        8635.191591797429        68.67473873266182        4720.648092790736        324797.4204333975        209.5929632187376        28.49995562651793    
    62.50000000000000        9239.562301284619        69.06056165176007        4773.627647088531        330258.7225075416        209.5950677194500        27.49995735282623    
    63.50000000000000        9862.084000145160        69.43292821027423        4825.038358227569        335586.9765479002        209.5971343186027        26.49995904804338    
    64.50000000000000        10499.44143178129        69.79174551826019        4874.837550518077        340774.9895422272        209.5991652570792        25.49996071400762    
    65.50000000000000        11147.77147850206        70.13693044531738        4922.984716167511        345815.8149023003        209.6011626563376        24.49996235245917    
    66.50000000000000        11802.66733286824        70.46841194694602        4969.441932776242        350702.8110948403        209.6031285281053        23.49996396504824    
    67.50000000000000        12459.21858109815        70.78612461762653        5014.173006020987        355429.5612224041        209.6050647832500        22.49996555334235    
    68.50000000000000        13112.04889739094        71.09001114145589        5057.143844168415        359989.9207642344        209.6069732399127        21.49996711883289    
    69.50000000000000        13755.35466256051        71.38002272878060        5098.322569756816        364378.0394772283        209.6088556309817        20.49996866294137    
    70.50000000000000        14383.01563123044        71.65611458755632        5137.678901846481        368588.3030011258        209.6107136109729        19.49997018702499    
    71.50000000000000        14988.64038481432        71.91825177706941        5175.185045032907        372615.4386396492        209.6125487623798        18.49997169238185    
    72.50000000000000        15565.71311048751        72.16641029226687        5210.815872743055        376454.5425042701        209.6143626015452        17.49997318025581    
    73.50000000000000        16107.70331076580        72.40057069789515        5244.548026511760        380100.9881060723        209.6161565841048        16.49997465184095    
    74.50000000000000        16608.20230640715        72.62071431294933        5276.359361113097        383550.3698354908        209.6179321100459        15.49997610828565    
    75.50000000000000        17061.02378039339        72.82682932874683        5306.229861857239        386798.6100599832        209.6196905284191        14.49997755069653    
    76.50000000000000        17460.41907337737        73.01890861590564        5334.141357966566        389841.9350999321        209.6214331417407        13.49997898014208    
    77.50000000000000        17801.16433158338        73.19694371334164        5360.076608759462        392676.7745021549        209.6231612101159        12.49998039765590    
    78.50000000000000        18078.71402984815        73.36092554450164        5384.019447502590        395299.7844795930        209.6248759551124        11.49998180424008    
    79.50000000000000        18289.30163023172        73.51084563384411        5405.954960267833        397707.8705953000        209.6265785634116        10.49998320086803    
    80.50000000000000        18430.06002487530        73.64669244499419        5425.868933157874        399898.1279727893        209.6282701902600        9.499984588487393    
    81.50000000000000        18494.63953351648        73.76865619932062        5443.778108065500        401871.1968079644        209.6299519627454        8.499985968022710    
    82.50000000000000        18495.49946005035        73.87609828272311        5459.577994926202        403614.4050379750        209.6316249829153        7.499987340377999    
    83.50000000000000        18419.40980181660        73.96961440701754        5473.347563517782        405135.5275398109        209.6332903307594        6.499988706439135    
    84.50000000000000        18271.99604410199        74.04896952106712        5485.044244486149        406428.9942734935        209.6349490670720        5.499990067076297    
    85.50000000000000        18055.41400777022        74.11412873656684        5494.656187767442        407492.7617796464        209.6366022362113        4.499991423146168    
    86.50000000000000        17772.76994100090        74.16505730805108        5502.172764888805        408325.0512493326        209.6382508687716        3.499992775494109    
    87.50000000000000        17427.97462595846        74.20171439662549        5507.583602267650        408924.2372508335        209.6398959841821        2.499994124956359    
    88.50000000000000        17024.06683437649        74.22420859344575        5510.901546761088        409291.3930198984        209.6415385932481        1.499995472362078    
    89.50000000000000        16571.26913104777        74.23205005780528        5512.052499196766        409418.1160480755        209.6431797006462       0.4999968185353644    
    90.50000000000000        16070.46608104345        74.22563821564088        5511.094551531690        409310.7447707838        209.6448203073880      -0.5000018357026557    
    91.50000000000000        15529.42214630162        74.20477933350898        5507.999664409192        408966.2367257095        209.6464614132647       -1.500000489531856    
    92.50000000000000        14954.50340528731        74.16942817239737        5502.762912611812        408384.2408847293        209.6481040192859       -2.499999142131154    
    93.50000000000000        14352.19904292207        74.11953751394913        5495.380332508210        407564.6506153978        209.6497491301233       -3.499997792676419    
    94.50000000000000        13728.93522949475        74.05506033215920        5485.849253977054        406507.6410226371        209.6513977565752       -4.499996440338503    
    95.50000000000000        13091.00078474007        73.97595362131220        5474.168899437613        405213.7382201047        209.6530509180617       -5.499995084281220    
    96.50000000000000        12444.41760684194        73.88217397263097        5460.339711938884        403683.7414663401        209.6547096451652       -6.499993723659194    
    97.50000000000000        11794.88328960852        73.77368477094031        5444.364468172741        401918.8507435792        209.6563749822296       -7.499992357615770    
    98.50000000000000        11147.65717945704        73.65044963227230        5426.247279293279        399920.5507894184        209.6580479900327       -8.499990985280805    
    99.50000000000000        10507.52810120219        73.51243770950543        5405.994393508428        397690.7000824212        209.6597297485448       -9.499989605768452    
    100.5000000000000        9878.782517973264        73.35962191243804        5383.613932466461        395231.4991458319        209.6614213597917       -10.49998821817473    
    101.5000000000000        9265.170820737143        73.19198371637988        5359.116615367555        392545.5698176295        209.6631239508364       -11.49998682157513    
    102.5000000000000        8669.880887684192        73.00951369292653        5332.515822612992        389635.9575678608        209.6648386768980       -12.49998541502207    
    103.5000000000000        8095.565982822986        72.81221239575432        5303.827716617619        386506.1406936198        209.6665667246277       -13.49998399754217    
    104.5000000000000        7544.346478536013        72.60008520000959        5273.070454112455        383159.9366820704        209.6683093155597       -14.49998256813342    
    105.5000000000000        7017.837834591453        72.37314891924842        5240.265149092737        379601.6037051890        209.6700677097626       -15.49998112576225    
    106.5000000000000        6517.194297417294        72.13143730732361        5205.436656615657        375835.9203651037        209.6718432097127       -16.49997966936028    
    107.5000000000000        6043.134228407521        71.87499276349378        5168.612276672570        371868.0302128957        209.6736371644174       -17.49997819782091    
    108.5000000000000        5595.982699030068        71.60387005658751        5129.822289749041        367703.4951820826        209.6754509738168       -18.49997670999586    
    109.5000000000000        5175.731675942428        71.31813803142130        5089.100147986753        363348.3058442672        209.6772860934955       -19.49997520469114    
    110.5000000000000        4782.080396758885        71.01788273387365        5046.482852542037        358808.9097045243        209.6791440397414       -20.49997368066298    
    111.5000000000000        4414.485884578693        70.70321535195008        5002.012009802073        354092.3111860814        209.6810263949884       -21.49997213661338    
    112.5000000000000        4072.176412714442        70.37425460279606        4955.731221295153        349205.7770193122        209.6829348136883       -22.49997057118523    
    113.5000000000000        3754.233489542508        70.03115078950259        4907.689467660030        344157.1887600048        209.6848710286604       -23.49996898295714    
    114.5000000000000        3459.599956316350        69.67406192632689        4857.937549310717        338954.6406305275        209.6868368579715       -24.49996737043785    
    115.5000000000000        3187.131754225269        69.30317250116553        4806.530658530054        333606.6995451992        209.6888342124093       -25.49996573205996    
    116.5000000000000        2935.622183961439        68.91868099219465        4753.526534637334        328122.1966187319        209.6908651036153       -26.49996406617343    
    117.5000000000000        2703.831405141727        68.52079547053997        4698.984701991340        322510.1272667437        209.6929316529554       -27.49996237103814    
    118.5000000000000        2490.513233034618        68.10975116854597        4642.968833383716        316779.8858511582        209.6950361012137       -28.49996064481605    
    119.5000000000000        2294.429907287181        67.68580102087085        4585.545276830600        310941.0917005097        209.6971808192081       -29.49995888556250    
    120.5000000000000        2114.366377562495        67.24920666231166        4526.781670572256        305003.4277387663        209.6993683194375       -30.49995709121652    
    121.5000000000000        1949.146042095143        66.80023762325612        4466.746764883512        298976.6123037286        209.7016012688875       -31.49995525959052    
    122.5000000000000        1797.641906166024        66.33918422069999        4405.512027945277        292870.5453101128        209.7038825031361       -32.49995338835857    
    123.5000000000000        1658.779547743416        65.86633976676877        4343.149128899223        286695.0392584860        209.7062150419244       -33.49995147504363    
    124.5000000000000        1531.545790811772        65.38201180061087        4279.731361905790        280459.9526985657        209.7086021063770       -34.49994951700356    
    125.5000000000000        1414.988527998683        64.88652013286028        4215.333245315781        274175.1346567185        209.7110471380879       -35.49994751141539    
    126.5000000000000        1308.215498530066        64.38019299456225        4150.029862202855        267850.3437569301        209.7135538203156       -36.49994545525777    
    127.5000000000000        1210.397341891507        63.86336678505941        4083.896723889138        261495.2240527607        209.7161261015718       -37.49994334529195    
    128.5000000000000        1120.765242135159        63.33637662233429        4017.008492518303        255119.1757251158        209.7187682219304       -38.49994117803995    
    129.5000000000000        1038.608070314184        62.79957019777535        3949.440555892032        248731.4880271794        209.7214847424346       -39.49993894976048    
    130.5000000000000        963.2740841343804        62.25329165073069        3881.267001956067        242341.1492631158        209.7242805780421       -40.49993665642197    
    131.5000000000000        894.1638743254169        61.69791225905366        3812.564326788650        235957.1844846160        209.7271610346213       -41.49993429367222    
    132.5000000000000        830.7301786551873        61.13379639382178        3743.407069120614        229588.2374534874        209.7301318505952       -42.49993185680420    
    133.5000000000000        772.4676262032082        60.56130253560471        3673.867765663490        223242.5536726401        209.7331992439353       -43.49992934071753    
    134.5000000000000        718.9145479995364        59.98081078636822        3604.020400514065        216928.3088515275        209.7363699653290       -44.49992673987487    
    135.5000000000000        669.6560421218792        59.39270483676930        3533.938054268366        210653.3830211190        209.7396513584931       -45.49992404825240    
    136.5000000000000        624.3066888527267        58.79738673160152        3463.694499311524        204425.4931170554        209.7430514287845       -46.49992125928365    
    137.5000000000000        582.5246534772682        58.19522545618688        3393.358157846262        198251.6650077208        209.7465789214753       -47.49991836579517    
    138.5000000000000        543.9893856652075        57.58664121079293        3323.001783628438        192139.0732830527        209.7502434113246       -48.49991535993309    
    139.5000000000000        508.4191614415153        56.97201175737533        3252.691569066349        186094.0965958291        209.7540554053990       -49.49991223307886    
    140.5000000000000        475.5491402960518        56.35175296400983        3182.496348538676        180123.1134537454        209.7580264614919       -50.49990897575205    
    141.5000000000000        445.1437115702980        55.72626546365307        3112.481398883672        174231.9688883708        209.7621693249777       -51.49990557749803    
    142.5000000000000        416.9889233226805        55.09595325910144        3042.710544408653        168426.1599303974        209.7664980875437       -52.49990202675789    
    143.5000000000000        390.8884165292475        54.46124170875736        2973.248208165858        162711.0201720731        209.7710283719960       -53.49989831071679    
    144.5000000000000        366.6699206309629        53.82251106146084        2904.151796361063        157091.0722081731        209.7757775482811       -54.49989441512675    
    145.5000000000000        344.1712083418662        53.18019019458811        2835.482224562600        151570.9248732836        209.7807649870578       -55.49989032409868    
    146.5000000000000        323.2502193949483        52.53465350213336        2767.292413036805        146154.3162114804        209.7860123586671       -56.49988601985715    
    147.5000000000000        303.7728933211037        51.88634344719831        2699.640620641329        140845.2161573637        209.7915439872775       -57.49988148244984    
    148.5000000000000        285.6226275346600        51.23564154238428        2632.576452237393        135646.6919655351        209.7973872724683       -58.49987668940179    
    149.5000000000000        268.6898573954158        50.58296920143198        2566.151708921914        130561.7990218009        209.8035731937282       -59.49987161530156    
    150.5000000000000        252.8772153687071        49.92873650307548        2500.414850772072        125593.1386947491        209.8101369175450       -60.49986623130319    
    151.5000000000000        238.0976489445611        49.27334387014818        2435.411451591180        120742.9259964060        209.8171185322835       -61.49986050452353    
    152.5000000000000        224.2687443059415        48.61720581153588        2371.186284772095        116013.1336245126        209.8245639433806       -62.49985439730779    
    153.5000000000000        211.3205313370765        47.96074042525718        2307.782417535499        111405.4451543258        209.8325259712025       -63.49984786632904    
    154.5000000000000        199.1836452384360        47.30436722951485        2245.240829421772        106921.2246177516        209.8410657071986       -64.49984086147585    
    155.5000000000000        187.8010169763426        46.64846624365892        2183.596659879688        102561.2678509206        209.8502542021471       -65.49983332446740    
    156.5000000000000        177.1134044934823        45.99345962242887        2122.887015821552        98326.37571213371        209.8601745854108       -66.49982518711511    
    157.5000000000000        167.0730043819015        45.33971462049597        2063.141566771586        94216.67778425271        209.8709247492912       -67.49981636912065    
    158.5000000000000        157.6342005015863        44.68762042892553        2004.390476001279        90232.25220643973        209.8826207824577       -68.49980677525976    
    159.5000000000000        148.7553866957096        44.03756862631210        1946.661709824370        86372.88628424627        209.8954014082221       -69.49979629174128    
    160.5000000000000        140.3977517415761        43.38995430113350        1889.981823216193        82638.18812962560        209.9094337883547       -70.49978478144665    
    161.5000000000000        132.5280382521292        42.74512303800298        1834.370945679627        79027.23824407524        209.9249212091028       -71.49977207762501    
    162.5000000000000        125.1138576938362        42.10347020475561        1779.851879683957        75539.22512147433        209.9421134022452       -72.49975797542685    
    163.5000000000000        118.1249040670746        41.46535657137650        1726.442489735273        72172.93761147394        209.9613206189958       -73.49974222035938    
    164.5000000000000        111.5363421291524        40.83115424674681        1674.159883680818        68927.05835055668        209.9829331514567       -74.49972449227295    
    165.5000000000000        105.3220681093269        40.20118696363431        1623.015522149894        65799.87054112137        210.0074489312297       -75.49970438272175    
    166.5000000000000        99.45984877660972        39.57588350097898        1573.027691614989        62790.02733769699        210.0355133929100       -76.49968136226336    
    167.5000000000000        93.92902102949211        38.95550557108632        1524.199477373573        59895.21857363114        210.0679784699698       -77.49965473206338    
    168.5000000000000        88.70843775210106        38.34044950179418        1476.543461887786        57113.69640797843        210.1059923672122       -78.49962355025234    
    169.5000000000000        83.78206960942505        37.73101529757704        1430.062874070460        54443.12545077804        210.1511406241400       -79.49958651620618    
    170.5000000000000        79.13132247398862        37.12749573956714        1384.759310410633        51881.08732456496        210.2056762551150       -80.49954178174985    
    171.5000000000000        74.74066321610954        36.53021555983744        1340.635436706751        49425.22254595721        210.2729123061084       -81.49948662911504    
    172.5000000000000        70.59578733125113        35.93945946438055        1297.689870983311        47072.96291877927        210.3579283716370       -82.49941689131605    
    173.5000000000000        66.68152864143367        35.35553102470713        1255.921398819715        44821.76196529434        210.4689290534728       -83.49932583762853    
    174.5000000000000        62.98723497669811        34.77868086843182        1215.323881309256        42668.82782714570        210.6200836821197       -84.49920184365192    
    175.5000000000000        59.49926250074573        34.20915294320141        1175.890076286674        40611.35775754295        210.8381498373255       -85.49902295632394    
    176.5000000000000        56.20669736659524        33.64720614282066        1137.612795220185        38646.58342734226        211.1804400336065       -86.49874214885533    
    177.5000000000000        53.09905175163998        33.09303137244991        1100.479529296845        36771.51123797503        211.7958326961430       -87.49823723411697    
    178.5000000000000        50.16624224035527        32.54687953482518        1064.481184251640        34983.37380310968        213.2288514589339       -88.49706103220323    
    179.5000000000000        47.39847037802883        32.00889393813868        1029.600911548005        33279.06911889902        220.2906109858019       -89.49124428902678    
    180.5000000000000        44.78698176623102        31.47929702403284        995.8274196935940        31655.87899782816        18.99760747786652       -89.49123444357834    
    181.5000000000000        42.32274380177837        30.95824734100251        963.1433065441415        30110.74880728451        26.05918244918208       -88.49705103390646    
    182.5000000000000        39.99840059659177        30.44586065780391        931.5296929102238        28640.72843494001        27.49218594732901       -87.49822722328224    
    183.5000000000000        37.80596366319962        29.94234139877844        900.9729120894759        27243.16134044247        28.10757439083084       -86.49873213455804    
    184.5000000000000        35.73855939649962        29.44772055179893        871.4479848725464        25914.91783903886        28.44986284918937       -85.49901294060075    
    185.5000000000000        33.78892375151764        28.96212760160420        842.9364616457884        24653.27104807880        28.66792812428625       -84.49919182720662    
    186.5000000000000        31.95157538524427        28.48568762871489        815.4196068164006        23455.55625503865        28.81908224662737       -83.49931582076795    
    187.5000000000000        30.21941446523070        28.01843136920147        788.8732103968824        22318.94159717597        28.93008261076251       -82.49940687419485    
    188.5000000000000        28.58706999648559        27.56042807072967        763.2755690245040        21240.79077680868        29.01509846395101       -81.49947661181959    
    189.5000000000000        27.04873829139717        27.11167325139546        738.6013093950271        20218.40055924152        29.08233436604983       -80.49953176433232    
    190.5000000000000        25.59965239999725        26.67226595242941        714.8310826604879        19249.39928887887        29.13686988860598       -79.49957649869970    
    191.5000000000000        24.23423350237165        26.24214289463129        691.9370365465785        18331.14468987979        29.18201806414777       -78.49961353267908    
    192.5000000000000        22.94864039612974        25.82133956461421        669.8972340824064        17461.32155562030        29.22003189874466       -77.49964471443876    
    193.5000000000000        21.73775108789081        25.40982357701143        648.6866223467025        16637.56876275730        29.25249692655881       -76.49967134459831    
    194.5000000000000        20.59768555880193        25.00759858228147        628.2827050509979        15857.70975712495        29.28056134882836       -75.49969436502435    
    195.5000000000000        19.52428182710037        24.61460789011942        608.6602819616872        15119.53277040174        29.30507709657163       -74.49971447454931    
    196.5000000000000        18.51369456065609        24.23081020961979        589.7957284375487        14420.96873272170        29.32668960265013       -73.49973220261410    
    197.5000000000000        17.56241946260174        23.85614205804613        571.6649157565932        13760.00130245897        29.34589679741296       -72.49974795766353    
    198.5000000000000        16.66679215968498        23.49051080148046        554.2429098301176        13134.65444729960        29.36308897203824       -71.49976205984650    
    199.5000000000000        15.82376730120668        23.13385876246793        537.5073621966577        12543.12338360899        29.37857637704683       -70.49977476365525    
    200.5000000000000        15.03018343953550        22.78608452177451        521.4343819899589        11983.60878735861        29.39260874368909       -69.49978627393880    
    201.5000000000000        14.28320641312699        22.44710263772615        506.0016652620218        11454.43680345635        29.40538935780397       -68.49979675744773    
    202.5000000000000        13.58010599817750        22.11680280399915        491.1864124533644        10953.97589998642        29.41708538084210       -67.49980635130031    
    203.5000000000000        12.91829352348395        21.79507762635869        476.9667360821741        10480.68765157229        29.42783553586212       -66.49981516928747    
    204.5000000000000        12.29529203133983        21.48180409014681        463.3207352604083        10033.08901198293        29.43775591133073       -65.49982330663340    
    205.5000000000000        11.70878638423711        21.17686636922490        450.2276119576242        9609.790510295514        29.44694439938576       -64.49983084363618    
    206.5000000000000        11.15661225807288        20.88012936043310        437.6663583729378        9209.445079324561        29.45548412925679       -63.49983784848435    
    207.5000000000000        10.63663563755956        20.59144835063643        425.6163448167810        8830.770371733302        29.46344615161237       -62.49984437945862    
    208.5000000000000        10.14702060271165        20.31069811508058        414.0584543480200        8472.579049458516        29.47089155781120       -61.49985048667035    
    209.5000000000000        9.685907405356867        20.03772183041218        402.9729378008063        8133.708915384410        29.47787316814399       -60.49985621344639    
    210.5000000000000        9.251613665910995        19.77239434972173        392.3420557468537        7813.103518121173        29.48443688798401       -59.49986159744150    
    211.5000000000000        8.842566054399313        19.51457000104824        382.1478290676537        7509.737328531129        29.49062280564280       -58.49986667153876    
    212.5000000000000        8.457207527765080        19.26410393291622        372.3729777104921        7222.644768414983        29.49646608756274       -57.49987146458414    
    213.5000000000000        8.094156761773000        19.02085279029363        363.0008752519103        6950.914703944670        29.50199771319382       -56.49987600198902    
    214.5000000000000        7.752052326143010        18.78467233799873        354.0154703399631        6693.686850361479        29.50724508208208       -55.49988030622831    
    215.5000000000000        7.429684099755876        18.55542845463107        345.4016681442623        6450.159961760428        29.51223251836744       -54.49988439725433    
    216.5000000000000        7.125842337418543        18.33298335111583        337.1447850892801        6219.574073969625        29.51698169236619       -53.49988829284249    
    217.5000000000000        6.839440348030781        18.11719501277535        329.2304951846817        6001.206617631839        29.52151197471581       -52.49989200888186    
    218.5000000000000        6.569406862279087        17.90792661549809        321.6451827229457        5794.381044025125        29.52584073534398       -51.49989555962042    
    219.5000000000000        6.314750480475117        17.70504341404071        314.3758015199045        5598.460929613705        29.52998359704041       -50.49989895787297    
    220.5000000000000        6.074537596817452        17.50840723191476        307.4096433628159        5412.841635420774        29.53395465147808       -49.49990221519842    
    221.5000000000000        5.847887912166971        17.31788296633841        300.7345697788494        5236.955424880967        29.53776664401878       -48.49990534205139    
    222.5000000000000        5.633991321299725        17.13333596998468        294.3388974952464        5070.266836575091        29.54143113244467       -47.49990834791231    
    223.5000000000000        5.432076509628314        16.95462679907362        288.2111796186104        4912.264996413890        29.54495862381248       -46.49991124139968    
    224.5000000000000        5.241430802961577        16.78162565008836        282.3407205948241        4762.476642093755        29.54835869287243       -45.49991403036745    
    225.5000000000000        5.061379102345594        16.61420084891458        276.7171300781655        4620.452385722121        29.55164008488894       -44.49991672198897    
    226.5000000000000        4.891304090614587        16.45222745518907        271.3306131318254        4485.773382107411        29.55481080521179       -43.49991932283074    
    227.5000000000000        4.730627802264748        16.29558411332010        266.1718435568466        4358.046904581137        29.55787819755153       -42.49992183891659    
    228.5000000000000        4.578809754620559        16.14414975678483        261.2318232889904        4236.901377731206        29.56084901258992       -41.49992427578385    
    229.5000000000000        4.435348755040135        15.99780875411659        256.5020485210280        4121.989863993377        29.56372946829337       -40.49992663853288    
    230.5000000000000        4.299781280724306        15.85644903796538        251.9744254844350        4012.986870053664        29.56652530308040       -39.49992893187071    
    231.5000000000000        4.171676291221727        15.71996092802000        247.6412140507527        3909.586029561741        29.56924182281523       -38.49993116014954    
    232.5000000000000        4.050626417637604        15.58823921828690        243.4950830892550        3811.500716882495        29.57188394245197       -37.49993332740100    
    233.5000000000000        3.936240870826724        15.46118103765223        239.5290243925009        3718.461131412095        29.57445622303033       -36.49993543736624    
    234.5000000000000        3.828159185030423        15.33868620149928        235.7363513073665        3630.213587102345        29.57696290462106       -35.49993749352329    
    235.5000000000000        3.726042286047754        15.22065795352165        232.1107093786780        3546.520117703392        29.57940793573321       -34.49993949911104    
    236.5000000000000        3.629576604698920        15.10700373571460        228.6460871856927        3467.158100854037        29.58179499962273       -33.49994145715062    
    237.5000000000000        3.538469713741154        14.99763357170472        225.3367547747650        3391.918263826397        29.58412753788124       -32.49994337046509    
    238.5000000000000        3.452446992982560        14.89246076875521        222.1772721224438        3320.604307470550        29.58640877163135       -31.49994524169669    
    239.5000000000000        3.371252728658268        14.79140209131810        219.1624844480549        3253.032327142585        29.58864172061213       -30.49994707332229    
    240.5000000000000        3.294648212820239        14.69437760223954        216.2875069074198        3189.029999577430        29.59082922039990       -29.49994886766787    
    241.5000000000000        3.222407584569989        14.60131075893525        213.5477170439930        3128.435971274989        29.59297393797851       -28.49995062692113    
    242.5000000000000        3.154318973881977        14.51212768441474        210.9387234396571        3071.098752348842        29.59507838584548       -27.49995235314287    
    243.5000000000000        3.090183725321435        14.42675705127123        208.4563545206418        3016.876122918115        29.59714493481731       -26.49995404827784    
    244.5000000000000        3.029818563771798        14.34513120343572        206.0966839284963        2965.635367411494        29.59917582567691       -25.49995571416413    
    245.5000000000000        2.973052699110717        14.26718543914699        203.8560010134215        2917.252294399118        29.60117317978900       -24.49995735254173    
    246.5000000000000        2.919725587482942        14.19285790281781        201.7307998954385        2871.610696833893        29.60313900879406       -23.49995896506076    
    247.5000000000000        2.869685535390683        14.12208905291051        199.7177567081778        2828.601577306678        29.60507522347872       -22.49996055328863    
    248.5000000000000        2.822792062256136        14.05482144580663        197.8137178830621        2788.122667508007        29.60698364190903       -21.49996211871655    
    249.5000000000000        2.778917530209791        13.99100214038345        196.0157665124349        2750.079707111838        29.60886599690329       -20.49996366276593    
    250.5000000000000        2.737942227934788        13.93058026439792        194.3211427400759        2714.384424068618        29.61072394291270       -19.49996518679393    
    251.5000000000000        2.699754587301104        13.87350664855553        192.7272283792121        2680.954019856269        29.61255906237046       -18.49996669209845    
    252.5000000000000        2.664253629047364        13.81973513723759        191.2315806082818        2649.711740301734        29.61437287156369       -17.49996817992331    
    253.5000000000000        2.631346251671073        13.76922303952199        189.8319406901992        2620.586909521864        29.61616682607663       -16.49996965146255    
    254.5000000000000        2.600944514003901        13.72193031079623        188.5262050063705        2593.514130617339        29.61794232584872       -15.49997110786437    
    255.5000000000000        2.572969783014737        13.67781927481940        187.3124136268425        2568.432913943227        29.61970071988684       -14.49997255023539    
    256.5000000000000        2.547349639050934        13.63685470181731        186.1887489369445        2545.287524703003        29.62144331066690       -13.49997397964404    
    257.5000000000000        2.524021833694489        13.59900419682243        185.1535445217953        2524.027084795518        29.62317135825704       -12.49997539712381    
    258.5000000000000        2.502929104904313        13.56423724906365        184.2052535470979        2504.604762453275        29.62488608419128       -11.49997680367675    
    259.5000000000000        2.484019772280574        13.53252586610262        183.3424639091187        2486.978002309594        29.62658867512020       -10.49997820027628    
    260.5000000000000        2.467247447772594        13.50384504080986        182.5639088887891        2471.108669150745        29.62828028626280       -9.499979587869907    
    261.5000000000000        2.452567903356907        13.47817138093029        181.8684259839914        2456.962096118732        29.62996204468176       -8.499980967382175    
    262.5000000000000        2.439945965967179        13.45548356784054        181.2549689684526        2444.507298972553        29.63163505240261       -7.499982339717095    
    263.5000000000000        2.429353723873850        13.43576467658303        180.7226718519262        2433.718282078356        29.63330038939559       -6.499983705760449    
    264.5000000000000        2.420768140063594        13.41899855389003        180.2707431937689        2424.571705075779        29.63495911643807       -5.499985066382412    
    265.5000000000000        2.414171947671127        13.40517185881361        179.8985233271690        2417.048075525629        29.63661227787397       -4.499986422439691    
    266.5000000000000        2.409552616038143        13.39427342648129        179.6054651166438        2411.131300738757        29.63826090428559       -3.499987774777550    
    267.5000000000000        2.406899713849003        13.38629515890218        179.3911571058316        2406.809128676739        29.63990601509286       -2.499989124232246    
    268.5000000000000        2.406209889222898        13.38123106664939        179.2552960233724        2404.072547789443        29.64154862109394       -1.499990471632971    
    269.5000000000000        2.407485889628043        13.37907840113493        179.1977202688233        2402.916523520726        29.64318972696072      -0.4999918178037364    
    270.5000000000000        2.410731845157068        13.37983533532478        179.2183418705395        2403.338497005823        29.64483033370250       0.5000068364342964    
    271.5000000000000        2.415957675046778        13.38350208525213        179.3171799738505        2405.339131305101        29.64647144111060        1.500005490260964    
    272.5000000000000        2.423178118718253        13.39008116366565        179.4943678854018        2408.922460286831        29.64811405019667        2.500004142855254    
    273.5000000000000        2.432411172044333        13.39957777490686        179.7501625772927        2414.096060539088        29.64975916563736        3.500002793392992    
    274.5000000000000        2.443677535855094        13.41199872076091        180.0849149235910        2420.870445236259        29.65140779823793        4.500001441044978    
    275.5000000000000        2.457004168617689        13.42735363862936        180.4991054985902        2429.259850011745        29.65306096742786        5.500000084975093    
    276.5000000000000        2.472422379357900        13.44565412951346        180.9933212229513        2439.281770865612        29.65471970380145        6.499998724337892    
    277.5000000000000        2.489966112636824        13.46691483346389        181.5682862361334        2450.957641708083        29.65638505171708        7.499997358276659    
    278.5000000000000        2.509675076290854        13.49115236783319        182.2248330408456        2464.312258502026        29.65805807196921        8.499995985921331    
    279.5000000000000        2.531598941467890        13.51838567913092        182.9639152580566        2479.374124465313        29.65973984454773        9.499994606385950    
    280.5000000000000        2.555795908144979        13.54863598165466        183.7866061546629        2496.175443401365        29.66143147150052        10.49999321876646    
    281.5000000000000        2.582329152416222        13.58192736492946        184.6941182356123        2514.752607962926        29.66313407991539        11.49999182213844    
    282.5000000000000        2.611266637918394        13.61828669208931        185.6878022393042        2535.146242607520        29.66484882503940        12.49999041555417    
    283.5000000000000        2.642679146727912        13.65774320431654        186.7691382156993        2557.401088730666        29.66657689355411        13.49998899804019    
    284.5000000000000        2.676653826382633        13.70032859454846        187.9397421378082        2581.566271744982        29.66831950702769        14.49998756859455    
    285.5000000000000        2.713285333632735        13.74607623673796        189.2013453618713        2607.694926383949        29.67007792556566        15.49998612618355    
    286.5000000000000        2.752677907480371        13.79502306328727        190.5558513286002        2635.845520816902        29.67185345168477        16.49998466973867    
    287.5000000000000        2.794942645526260        13.84720767035558        192.0052844492107        2666.080864213934        29.67364743443625        17.49998319815340    
    288.5000000000000        2.840199681615786        13.90267271432523        193.5518641405684        2698.469866811854        29.67546127380774        18.49998171027927    
    289.5000000000000        2.888576918889426        13.96146194325222        195.1979231090106        2733.085903344270        29.67729642543562        19.49998020492219    
    290.5000000000000        2.940208604122448        14.02362343031675        196.9460040085612        2770.009044538205        29.67915440566339        20.49997868083840    
    291.5000000000000        2.995239359236826        14.08920750740378        198.7988062128931        2809.325106876317        29.68103679698508        21.49997713672973    
    292.5000000000000        3.053824164865409        14.15826879111158        200.7592478824029        2851.127151335708        29.68294525391749        22.49997557123893    
    293.5000000000000        3.116140445416646        14.23086244769115        202.8303661954893        2895.513572227981        29.68488150934957        23.49997398294461    
    294.5000000000000        3.182374752238738        14.30704664530019        205.0153921626225        2942.589904069898        29.68684738142344        24.49997237035530    
    295.5000000000000        3.252735593505141        14.38688268375067        207.3177621678226        2992.469346166521        29.68884478100754        25.49997073190345    
    296.5000000000000        3.327436435438248        14.47043644947040        209.7411651319743        3045.274009198361        29.69087571983039        26.49996906593895    
    297.5000000000000        3.406712911244798        14.55777808073915        212.2895422627414        3101.135241983553        29.69294231935136        27.49996737072151    
    298.5000000000000        3.490813269141619        14.64898050274146        214.9670503008618        3160.193095351439        29.69504682045518        28.49996564441286    
    299.5000000000000        3.580010750870239        14.74411859362501        217.7780467445251        3222.596365234359        29.69719159406781        29.49996388506824    
    300.5000000000000        3.674596953651989        14.84327033037822        220.7271332875824        3288.503943945437        29.69937915280461        30.49996209062648    
    301.5000000000000        3.774886037736092        14.94651473998172        223.8191013312310        3358.083919023526        29.70161216377619        31.49996025889970    
    302.5000000000000        3.881210926742596        15.05393192514502        227.0589387909947        3431.514050332613        29.70389346269541        32.49995838756185    
    303.5000000000000        3.993930757494157        15.16560477362787        230.4518960802022        3508.983832766613        29.70622606944841        33.49995647413567    
    304.5000000000000        4.113430528681041        15.28162213695296        234.0035933302856        3590.697428084579        29.70861320531639        34.49995451597865    
    305.5000000000000        4.240117933157153        15.40207366246152        237.7198695821642        3676.870601979942        29.71105831206201        35.49995251026760    
    306.5000000000000        4.374431987479223        15.52705416283757        241.6069322618949        3767.734824078197        29.71356507312598        36.49995045398095    
    307.5000000000000        4.516836780100433        15.65666411566706        245.6713889837111        3863.538703556387        29.71613743721702        37.49994834387948    
    308.5000000000000        4.667838227982165        15.79100532756532        249.9201195376288        3964.545487317684        29.71877964462188        38.49994617648497    
    309.5000000000000        4.827970088920088        15.93018296227509        254.3603523882820        4071.035524088862        29.72149625661429        39.49994394805573    
    310.5000000000000        4.997836991430616        16.07431026186845        258.9998529784973        4183.312189848231        29.72429218840209        40.49994165455973    
    311.5000000000000        5.178054150452930        16.22349456456728        263.8464309756236        4301.689146695247        29.72717274612503        41.49993929164443    
    312.5000000000000        5.369325480278246        16.37786242057609        268.9088662908352        4426.516463069111        29.73014366850118        42.49993685460225    
    313.5000000000000        5.572364841198063        16.53752753706642        274.1957666945317        4558.150316408176        29.73321117382319        43.49993433833225    
    314.5000000000000        5.787971756234103        16.70261942025457        279.7166335638845        4696.983376354631        29.73638201312857        44.49993173729660    
    315.5000000000000        6.017007221500553        16.87326226685272        285.4810958085974        4843.424371335977        29.73966353051648        45.49992904547083    
    316.5000000000000        6.260386716052538        17.04958614313872        291.4993550677102        4997.911916704355        29.74306373176203        46.49992625628769    
    317.5000000000000        6.519059307491738        17.23171013745239        297.7815966372326        5160.899696533513        29.74659136259583        47.49992336257313    
    318.5000000000000        6.794121585368011        17.41977625853743        304.3392145361325        5332.890511429494        29.75025599828029        48.49992035647242    
    319.5000000000000        7.086679901186893        17.61390832882326        311.1833531967313        5514.398166791584        29.75406814643585        49.49991722936601    
    320.5000000000000        7.397986384608768        17.81425351712479        318.3264359646143        5705.990689616336        29.75803936546656        50.49991397177256    
    321.5000000000000        7.729306018065333        18.02093869527991        325.7805825110350        5908.248107869365        29.76218240142182        51.49991057323635    
    322.5000000000000        8.082085902619635        18.23411539646460        333.5592895875359        6121.810704383776        29.76651134673677        52.49990702219714    
    323.5000000000000        8.457839665840359        18.45392613520704        341.6762228443353        6347.347607849119        29.77104182504805        53.49990330583890    
    324.5000000000000        8.858164442904210        18.68050807951770        350.1453482095716        6585.561445260154        29.77579120722712        54.49989940991202    
    325.5000000000000        9.284887031958936        18.91401340289889        358.9817452546644        6837.214221643024        29.78077886496616        55.49989531852572    
    326.5000000000000        9.739878737644981        19.15459801880368        368.2012023440587        7103.117556675091        29.78602646976376        56.49989101390275    
    327.5000000000000        10.22511834469526        19.40238261828856        377.8186582632013        7384.087529723805        29.79155834708953        57.49988647608865    
    328.5000000000000        10.74294898148579        19.65754608509897        387.8520383564723        7681.064600637837        29.79740189799020        58.49988168260598    
    329.5000000000000        11.29553416489393        19.92019385341566        398.3168369433060        7994.947501308309        29.80358810361560        59.49987660804072    
    330.5000000000000        11.88555304878237        20.19050683420318        409.2323428436989        8326.790909290030        29.81015213234131        60.49987122354378    
    331.5000000000000        12.51555806595087        20.46859754903537        420.6156274353509        8677.618430360330        29.81713407468653        61.49986549622841    
    332.5000000000000        13.18868295258147        20.75463112057190        432.4866548684674        9048.586767525010        29.82457983855723        62.49985938843592    
    333.5000000000000        13.90791692381762        21.04873243435543        444.8643984747883        9440.866024576568        29.83254224716368        63.49985285683471    
    334.5000000000000        14.67688773750616        21.35105701422398        457.7698275844944        9855.736417909358        29.84108239524761        64.49984585130795    
    335.5000000000000        15.49894480803505        21.66173909089826        471.2237939815023        10294.52643247675        29.85027133741973        65.49983831356862    
    336.5000000000000        16.37830388293296        21.98091006198707        485.2476728439495        10758.63125691798        29.86019220753118        66.49983017542081    
    337.5000000000000        17.31893168293921        22.30869919058765        499.8635537522406        11249.52613091933        29.87094290317348        67.49982135655755    
    338.5000000000000        18.32561886080498        22.64521977701478        515.0936802931485        11768.75447324743        29.88263951929502        68.49981176174443    
    339.5000000000000        19.40291245942838        22.99058497673073        530.9606899574367        12317.91927289730        29.89542078671816        69.49980127717802    
    340.5000000000000        20.55632896871205        23.34492643081698        547.4894151777553        12898.78553732794        29.90945387627226        70.49978976572501    
    341.5000000000000        21.79117513160776        23.70830296315244        564.7013958718561        13513.04327555988        29.92494208523285        71.49977706061668    
    342.5000000000000        23.11410479520393        24.08083441226081        582.6222949536560        14162.61656682698        29.94213515894129        72.49976295698144    
    343.5000000000000        24.53080748059152        24.46260759609862        601.2767583745590        14849.45753925726        29.96134336548097        73.49974720029908    
    344.5000000000000        26.04903697027163        24.85366080181487        620.6877373219248        15575.52713011208        29.98295701820269        74.49972947038549    
    345.5000000000000        27.67572484928708        25.25410228308128        640.8824432078369        16343.02487344738        30.00747407585615        75.49970935875088    
    346.5000000000000        29.41924203201715        25.66395560359297        661.8846069678337        17154.10025779986        30.03554000828202        76.49968633589562    
    347.5000000000000        31.28823241531014        26.08328699877944        683.7206072804872        18011.07747285059        30.06800679555761        77.49965970290991    
    348.5000000000000        33.29191836403194        26.51211675418210        706.4153049048382        18916.31300764338        30.10602270542767        78.49962851782244    
    349.5000000000000        35.44071623105150        26.95047887123209        729.9948226706153        19872.29608177623        30.15117336451568        79.49959147986829    
    350.5000000000000        37.74568820469711        27.39835608744755        754.4830243266019        20881.50728413895        30.20571191132541        80.49954674067220    
    351.5000000000000        40.21820244083816        27.85575067029310        779.9054108275453        21946.58438666876        30.27295157498703        81.49949158217066    
    352.5000000000000        42.87075140082091        28.32261397556564        806.2850712178139        23070.14927352740        30.35797223198175        82.49942183692457    
    353.5000000000000        45.71702911156370        28.79893633048009        833.6477606268935        24255.02973978606        30.46897894183282        83.49933077347538    
    354.5000000000000        48.77202341607398        29.28465358089542        862.0165020756606        25504.02589236397        30.62014183077813        84.49920676614992    
    355.5000000000000        52.05203005537220        29.77972082040713        891.4157933438788        26820.09519918770        30.83821999453761        85.49902785947170    
    356.5000000000000        55.57391601128222        30.28404858987721        921.8677116249336        28206.17569116371        31.18052923571380        86.49874702144561    
    357.5000000000000        59.35563497080495        30.79750534170100        953.3916684771873        29665.15874536906        31.79595668955596        87.49824205127491    
    358.5000000000000        63.41804947929962        31.31999933744117        986.0096920341659        31200.14756807747        33.22905901587050        88.49706571804194    
    359.5000000000000        67.78354798082260        31.85139797619836        1019.741192244178        32814.20162550337        40.29127462901947        89.49124828627076    
