 # author: MA Kubiak / Space Research Center PAS Warsaw Poland, contact: mkubiak@cbk.waw.pl                          
 # code version Program.keplerV_ellipt_V2      , Dates: calkV:20/04/2026  ; part_pr:20/04/2026                       
 # czas no T v_mas, kier.naplywu(dl, szer) macierz obrotu (ecl to helio), r, theta, phi(ecl,spher), V_detector(ecl,cart), IBEX_energy_channel
 #     2026.082036000000        0.8088930000000000E-03     9480.000000000000        -11.28000000301609         251.5700000000000         11.95000000000000        0.2459841265748581        0.9692738567985851         0.000000000000000       -0.9615244635393438        0.2440174711049008        0.1261989691358298        0.1223213615382913       -0.3104294319752456E-01    0.9920049496797150        0.9760299999999999         130.6384100000000       -0.3052000000000000E-02    -22.77800000000000        -19.30300000000000        0.4900000000000001E-01 00
 # routs_end= 150.00;    Maxwellian,    elliptOrb=Off                                                                                        
 # Numerical parameters: GridKl=10  GridKf=09  GridKV=05  epsV= 0.0000100  epssJon=.0010000                                                  
 # Numerical parameters: GridKl=10  GridKf=09  GridKV=05  epsV= 0.0000100  epssJon=.0010000; tessel128                                                                                                                                                                                                                                                                                                                                                                                                                                                                 
# Axis to the Sun: alpha_ecl= 306.7290000000000000 delta_Ecl= 0.0940000000000000 delta_Ax= 90.0000000000000000  repoint= 00142
 #  flag_atom: He                                                   
 #  flag_general:                                                   
 #                                                                  
 #                                                                  
  # Ly_a_Profil: zero                                               
  # flag_Itot: zero                                                 
 #  v_SW_Eqtr: speed3D.hybrid2026c_patched.dat                      
 #  n_SW_Eqtr: density3D.hybrid2026c_patched.dat                    
 #  phot_Eqtr: 0.8500000  phion_Helium_T12F107_2026c.dat            
 #  sigma_SW: p+He->H +He+, He + alpha (2 chnls);src:simuLosses.nb  
 #  flag_el:slow  swEqtrElectrons5.2026c.patched.dat                
 #  SW_lati: interpolation                                          
 #  phot_lati: analit pole-flattened after Pryor & Auchere          
 #
 #
 #
 #Spin  flux speed	speed^2 speed^3    long_ecl lat_ecl
   0.5000000000000000        45.06939135956998        32.25230674421043        1045.483846711034        34060.10932992355        206.0819438490319        89.49123844084455    
    1.500000000000000        48.17038913245545        32.79993599467132        1081.269290969408        35822.70081358002        213.1439748936670        88.49705571974721    
    2.500000000000000        51.50218761250945        33.35598382592100        1118.215224650998        37672.98288308730        214.5770619544084        87.49823204044104    
    3.500000000000000        55.08416293467929        33.92031026585721        1156.340039229156        39614.27829827434        215.1924851889701        86.49873700714878    
    4.500000000000000        58.93630846272368        34.49267112429335        1195.654361030405        41649.56696721139        215.5347926921248        85.49901784374872    
    5.500000000000000        63.08055058845482        35.07287692323546        1236.172121642920        43782.06746695357        215.7528699757258        84.49919674970478    
    6.500000000000000        67.54145466405085        35.66069087135250        1277.903338486799        46014.85144445470        215.9040323583371        83.49932075661486    
    7.500000000000000        72.34424870369011        36.25582815038641        1320.853602483760        48350.78927306111        216.0150387504699        82.49941181980348    
    8.500000000000000        77.51847788775048        36.85808036856193        1365.033333535105        50793.06694198385        216.1000591951128        81.49948156487531    
    9.500000000000000        83.09643096339128        37.46712345459289        1410.443423533958        53344.37510206589        216.1672987098717        80.49953672325472    
    10.50000000000000        89.11210689043497        38.08267737548066        1457.086873729344        56007.54360537787        216.2218371482567        79.49958146236186    
    11.50000000000000        95.60488628975789        38.70445872559744        1504.965394585393        58785.35592742082        216.2669877259542        78.49961850024918    
    12.50000000000000        102.6157797817530        39.33211572132617        1554.074160856776        61680.22671839981        216.3050035731753        77.49964968528529    
    13.50000000000000        110.1937569758316        39.96537088710217        1604.412831466021        64694.83890564184        216.3374703112027        76.49967631823066    
    14.50000000000000        118.3889288889345        40.60388523807003        1655.974933987308        67831.51217862417        216.3655362042156        75.49969934105353    
    15.50000000000000        127.2590452663950        41.24729711930379        1708.750155337981        71092.28477654941        216.3900532298375        74.49971945266188    
    16.50000000000000        136.8684993664076        41.89529902157987        1762.731535956010        74479.40660663007        216.4116668561755        73.49973718255382    
    17.50000000000000        147.2863611225729        42.54744118917120        1817.898070703473        77994.17649620716        216.4308750407262        72.49975293921814    
    18.50000000000000        158.5915207583105        43.20341409669776        1874.238974917235        81638.50227123701        216.4480680959165        71.49976704283819    
    19.50000000000000        170.8699772124006        43.86276314616714        1931.728996379014        85413.28381383767        216.4635562891367        70.49977974793363    
    20.50000000000000        184.2175369758586        44.52512798666814        1990.349370553448        89319.78897809512        216.4775893651997        69.49979125937553    
    21.50000000000000        198.7438194602931        45.19013293365163        2050.077926087382        93358.96997462225        216.4903706209728        68.49980174393239    
    22.50000000000000        214.5652663542967        45.85735226112983        2110.886060850763        97531.25563332725        216.5020672269654        67.49981133873723    
    23.50000000000000        231.8187031161066        46.52636523246588        2172.743217975044        101836.8123238821        216.5128179137467        66.49982015759319    
    24.50000000000000        250.6499584768098        47.19674570251811        2235.616105346474        106275.4892967283        216.5227387760627        65.49982829573460    
    25.50000000000000        271.2264879943355        47.86807201367268        2299.469837223264        110846.9062030595        216.5319277113410        64.49983583346830    
    26.50000000000000        293.7330171392665        48.53989366590734        2364.264264176990        115550.1421190052        216.5404678532995        63.49984283899002    
    27.50000000000000        318.3753046949828        49.21177797254570        2429.958844064924        120384.1071438013        216.5484302564394        62.49984937058676    
    28.50000000000000        345.3837917938429        49.88326203130389        2496.507610491802        125347.1339296984        216.5558760154115        61.49985547837524    
    29.50000000000000        375.0150719438441        50.55388636609119        2563.862280866104        130437.1801212878        216.5628579533507        60.49986120568696    
    30.50000000000000        407.5564315886375        51.22317754922174        2631.970948911250        135651.7504654642        216.5694219780996        59.49986659018065    
    31.50000000000000        443.3260927554524        51.89063875555227        2700.776503639532        140987.7172790091        216.5756081801237        58.49987166474299    
    32.50000000000000        482.6779325233286        52.55578120742339        2770.220327449670        146441.6297503862        216.5814517277533        57.49987645822294    
    33.50000000000000        526.0066287161807        53.21813260334991        2840.243123489170        152009.7641221861        216.5869836020995        56.49988099603461    
    34.50000000000000        573.7506020798437        53.87719915101194        2910.780684122043        157687.7558533954        216.5922312041759        55.49988530065536    
    35.50000000000000        626.3945565636957        54.53247027707521        2981.764466883353        163470.6400877461        216.5972188594235        54.49988939203958    
    36.50000000000000        684.4735672386840        55.18344280846632        3053.124110575709        169353.0369168598        216.6019682393161        53.49989328796460    
    37.50000000000000        748.5803492392794        55.82961434925479        3124.786815525582        175329.0953297331        216.6064987155246        52.49989700432116    
    38.50000000000000        819.3659079812552        56.47048769850104        3196.678085306102        181392.5677089367        216.6108276589016        51.49990055535872    
    39.50000000000000        897.5468066864418        57.10557297681699        3268.721941630749        187536.8151016849        216.6149706930674        50.49990395389349    
    40.50000000000000        983.9076744855400        57.73437183741982        3340.838999437594        193754.6193693296        216.6189419104428        49.49990721148559    
    41.50000000000000        1079.302934619143        58.35639143332443        3412.948206571873        200038.3356011107        216.6227540570646        48.49991033859072    
    42.50000000000000        1184.658006033118        58.97112791633482        3484.965116493923        206379.7488728972        216.6264186913255        47.49991334469028    
    43.50000000000000        1300.979205616418        59.57810450857267        3556.806341588530        212770.4568466717        216.6299463208363        46.49991623840378    
    44.50000000000000        1429.344554969174        60.17683786215731        3628.385814213797        219201.5516805820        216.6333465208504        45.49991902758586    
    45.50000000000000        1570.907259770278        60.76688343594047        3699.620386092280        225664.1329185573        216.6366280370906        44.49992171941069    
    46.50000000000000        1726.889162552903        61.34777900474150        3770.422955923179        232148.6710312422        216.6397988753250        43.49992432044549    
    47.50000000000000        1898.570106165109        61.91907626712858        3840.706466907443        238645.3818462125        216.6428663796466        42.49992683671464    
    48.50000000000000        2087.285192161166        62.48033495831026        3910.383398777011        245144.1951220086        216.6458373010872        41.49992927375607    
    49.50000000000000        2294.411608821300        63.03114839387938        3979.369127605076        251635.0817861599        216.6487178579343        40.49993163667067    
    50.50000000000000        2521.347796014570        63.57112513718229        4047.579822004541        258107.8716261152        216.6515137889016        39.49993393016596    
    51.50000000000000        2769.497603023824        64.09990903539624        4114.935275343712        264552.5491587112        216.6542304001246        38.49993615859459    
    52.50000000000000        3040.232494218817        64.61714848263517        4181.355040570923        270958.8877087684        216.6568726068076        37.49993832598852    
    53.50000000000000        3334.862638617326        65.12252633148589        4246.762468310203        277316.8571407410        216.6594449702206        36.49994043608940    
    54.50000000000000        3654.604328901628        65.61573541143585        4311.081739774810        283616.3561330992        216.6619517306477        35.49994249237555    
    55.50000000000000        4000.531683410296        66.09649390193556        4374.240065347787        289847.4474493783        216.6643968367945        34.49994449808612    
    56.50000000000000        4373.529931495924        66.56454549733053        4436.167871925794        296000.3956536013        216.6667839720994        33.49994645624264    
    57.50000000000000        4774.248982784181        67.01966157565062        4496.799329000691        302065.7456990153        216.6691165783226        32.49994836966841    
    58.50000000000000        5203.046971311678        67.46164225082981        4556.072610390819        308034.3648164718        216.6713978767433        31.49995024100586    
    59.50000000000000        5659.931662524969        67.89030659881983        4613.928780607605        313897.3540652108        216.6736308872456        30.49995207273223    
    60.50000000000000        6144.489632209625        68.30549949694317        4670.312843679118        319646.1718240226        216.6758184455407        29.49995386717363    
    61.50000000000000        6655.860176491405        68.70709540595959        4725.174458030996        325272.7318633407        216.6779632187375        28.49995562651793    
    62.50000000000000        7192.668784130149        69.09498257253163        4778.465826913262        330769.1971719134        216.6800677194500        27.49995735282623    
    63.50000000000000        7752.991805805093        69.46906689984085        4830.142352834273        336128.0650739165        216.6821343186027        26.49995904804338    
    64.50000000000000        8334.298514715527        69.82926871215092        4880.162285960190        341342.1460586978        216.6841652570791        25.49996071400762    
    65.50000000000000        8933.452493408129        70.17552431461966        4928.487034479596        346404.6114353219        216.6861626563375        24.49996235245917    
    66.50000000000000        9546.682445258622        70.50778172768317        4975.080603397525        351308.9435082191        216.6881285281052        23.49996396504824    
    67.50000000000000        10169.59934484851        70.82599277044540        5019.908569506485        356048.8421138159        216.6900647832499        22.49996555334235    
    68.50000000000000        10797.18380637159        71.13012413653523        5062.939695442258        360618.4062578192        216.6919732399127        21.49996711883289    
    69.50000000000000        11423.85950296518        71.42014861157587        5104.144690881001        365012.0082507306        216.6938556309816        20.49996866294137    
    70.50000000000000        12043.53847949967        71.69604526307936        5143.496286640384        369224.3114946337        216.6957136109729        19.49997018702499    
    71.50000000000000        12649.72303246569        71.95780462922647        5180.970028145171        373250.3662776346        216.6975487623798        18.49997169238185    
    72.50000000000000        13235.58103446547        72.20541921899766        5216.542897231649        377085.4643881631        216.6993626015451        17.49997318025581    
    73.50000000000000        13794.10396473929        72.43889275729316        5250.194691004048        380725.2978868702        216.7011565841048        16.49997465184095    
    74.50000000000000        14318.23346534389        72.65823347312580        5281.907044783465        384165.8563974374        216.7029321100459        15.49997610828565    
    75.50000000000000        14801.03787895314        72.86345019328931        5311.662862040416        387403.3689130048        216.7046905284190        14.49997755069653    
    76.50000000000000        15235.85243055743        73.05455293348487        5339.446425290610        390434.3223436534        216.7064331417407        13.49997898014208    
    77.50000000000000        15616.47832776244        73.23155843876980        5365.244201995019        393255.5530777866        216.7081612101159        12.49998039765590    
    78.50000000000000        15937.32223285453        73.39447935329474        5389.043242765410        395864.0725627230        216.7098759551124        11.49998180424007    
    79.50000000000000        16193.59613242412        73.54332205959788        5410.830868128261        398257.0362633851        216.7115785634115        10.49998320086803    
    80.50000000000000        16381.39883925704        73.67809359691897        5430.595692133286        400431.8601599641        216.7132701902600        9.499984588487395    
    81.50000000000000        16497.86346909612        73.79879724898731        5448.326948329322        402386.1461440900        216.7149519627453        8.499985968022710    
    82.50000000000000        16541.23604466422        73.90542490313506        5464.013351374974        404117.5570539067        216.7166249829152        7.499987340377999    
    83.50000000000000        16510.89652651577        73.99796442048485        5477.644203156004        405623.9433439509        216.7182903307593        6.499988706439136    
    84.50000000000000        16407.39855108573        74.07639532905803        5489.208728584569        406903.2681228466        216.7199490670720        5.499990067076296    
    85.50000000000000        16220.38259249982        74.14125260558674        5498.779687913082        407962.9118298811        216.7216022362113        4.499991423146168    
    86.50000000000000        15988.92227022132        74.19082820940343        5506.098411668770        408773.5104080665        216.7232508687715        3.499992775494109    
    87.50000000000000        15680.56911329691        74.22676361343173        5511.404087370036        409361.2120142932        216.7248959841821        2.499994124956358    
    88.50000000000000        15312.12341911388        74.24845696079937        5514.604412816131        409715.4140470529        216.7265385932481        1.499995472362078    
    89.50000000000000        14889.07735963979        74.25586711396247        5515.691452896623        409835.0333678512        216.7281797006462       0.4999968185353644    
    90.50000000000000        14417.51156392242        74.24894034668748        5514.656572718028        409719.0368935842        216.7298203073879      -0.5000018357026556    
    91.50000000000000        13903.96994118293        74.22762744433101        5511.493064764811        409366.7445604868        216.7314614132647       -1.500000489531856    
    92.50000000000000        13355.30110080778        74.19187432846863        5506.194710823624        408777.6635677719        216.7331040192858       -2.499999142131154    
    93.50000000000000        12778.48078684668        74.14162464567958        5498.756210015866        407951.5406751400        216.7347491301233       -3.499997792676419    
    94.50000000000000        12180.44470107125        74.07681825869156        5489.172958134105        406888.3372582997        216.7363977565752       -4.499996440338503    
    95.50000000000000        11567.97240881637        73.99739872183554        5477.442184417799        405588.3580326558        216.7380509180616       -5.499995084281221    
    96.50000000000000        10947.55834131147        73.90331153719565        5463.562711677686        404052.2252318515        216.7397096451651       -6.499993723659194    
    97.50000000000000        10325.28715585304        73.79450029640728        5447.534394553653        402280.8157393871        216.7413749822296       -7.499992357615768    
    98.50000000000000        9706.749306215674        73.67091447625857        5429.359295060183        400275.3922699134        216.7430479900327       -8.499990985280805    
    99.50000000000000        9097.013868124352        73.53250987630122        5409.041761683930        398037.6116068798        216.7447297485448       -9.499989605768452    
    100.5000000000000        8500.532668281174        73.37923895660253        5386.586970705101        395569.3569696259        216.7464213597917       -10.49998821817473    
    101.5000000000000        7921.139451929479        73.21106726353040        5362.003418118253        392873.0188942000        216.7481239508363       -11.49998682157513    
    102.5000000000000        7362.042916215467        73.02797249328546        5335.302736167965        389951.4667805803        216.7498386768980       -12.49998541502207    
    103.5000000000000        6825.813332115406        72.82993543223643        5306.498349561838        386807.8961291894        216.7515667246277       -13.49998399754217    
    104.5000000000000        6314.437934150395        72.61694647463223        5275.606448312637        383445.9338386290        216.7533093155596       -14.49998256813342    
    105.5000000000000        5829.340524101158        72.38900956562951        5242.646524268850        379869.6888148547        216.7550677097625       -15.49998112576225    
    106.5000000000000        5371.442071577273        72.14613848091409        5207.640798611265        376083.6820245299        216.7568432097127       -16.49997966936028    
    107.5000000000000        4941.194510145191        71.88836635378567        5170.615601871354        372092.9920977559        216.7586371644174       -17.49997819782091    
    108.5000000000000        4538.634903696627        71.61573787593065        5131.600152581942        367903.1079729377        216.7604509738167       -18.49997670999586    
    109.5000000000000        4163.456367705153        71.32831573557181        5090.627437073874        363520.0141802496        216.7622860934955       -19.49997520469114    
    110.5000000000000        3815.060159776519        71.02618418948478        5047.734682940726        358950.2329756701        216.7641440397414       -20.49997368066298    
    111.5000000000000        3492.601496047381        70.70944430894912        5002.962565231564        354200.7216259314        216.7660263949883       -21.49997213661338    
    112.5000000000000        3195.045035624609        70.37822258462784        4956.356383980741        349278.9883730060        216.7679348136883       -22.49997057118523    
    113.5000000000000        2921.214836325144        70.03266311142585        4907.964787448665        344192.9333802842        216.7698710286604       -23.49996898295714    
    114.5000000000000        2669.832682067094        69.67293146560040        4857.840228215791        338950.8826244348        216.7718368579715       -24.49996737043785    
    115.5000000000000        2439.556448903083        69.29921909519101        4806.039507518693        333561.6328681018        216.7738342124093       -25.49996573205996    
    116.5000000000000        2229.012407136975        68.91173449978314        4752.622372732097        328034.2818951112        216.7758651036153       -26.49996406617343    
    117.5000000000000        2036.828192413437        68.51070591311876        4697.651789389077        322378.2421554866        216.7779316529554       -27.49996237103814    
    118.5000000000000        1861.644464677628        68.09638420922124        4641.194170089666        316603.2421420917        216.7800361012137       -28.49996064481605    
    119.5000000000000        1702.141929579819        67.66904088897587        4583.318947916877        310719.2631082780        216.7821808192080       -29.49995888556250    
    120.5000000000000        1557.049975858157        67.22894587215940        4524.095445760185        304736.2046620270        216.7843683194375       -30.49995709121653    
    121.5000000000000        1425.164278160609        66.77639381767521        4463.596333342329        298664.2220790664        216.7866012688875       -31.49995525959052    
    122.5000000000000        1305.343157242407        66.31168804851517        4401.895311619954        292513.4743092213        216.7888825031361       -32.49995338835857    
    123.5000000000000        1196.520569462225        65.83514782573812        4339.067943185107        286294.1908215020        216.7912150419244       -33.49995147504363    
    124.5000000000000        1097.701205740709        65.34710406531731        4275.190959952459        280016.5884896620        216.7936021063770       -34.49994951700356    
    125.5000000000000        1007.966132264372        64.84789341699559        4210.341327821303        273690.7625340053        216.7960471380879       -35.49994751141539    
    126.5000000000000        926.4667343820989        64.33786374050602        4144.596896887593        267326.7428549113        216.7985538203155       -36.49994545525777    
    127.5000000000000        852.4253050360950        63.81736385269414        4078.034883627292        260934.3276223835        216.8011261015718       -37.49994334529195    
    128.5000000000000        785.1308719704616        63.28674674223013        4010.732298695170        254523.1270585879        216.8037682219304       -38.49994117803995    
    129.5000000000000        723.9344967180496        62.74638450152680        3942.767673823810        248102.7124429277        216.8064847424346       -39.49993894976047    
    130.5000000000000        668.2488937952942        62.19664993633574        3874.218618348229        241682.3742373981        216.8092805780421       -40.49993665642196    
    131.5000000000000        617.5391066223809        61.63791252511983        3805.161255699077        235271.0653610777        216.8121610346212       -41.49993429367222    
    132.5000000000000        571.3205146565575        61.07055616218929        3735.672278074626        228877.5817870135        216.8151318505952       -42.49993185680420    
    133.5000000000000        529.1573027845950        60.49495240352912        3665.825586076996        222510.2487536750        216.8181992439353       -43.49992934071753    
    134.5000000000000        490.6545440167680        59.91148841744154        3595.695694091174        216177.2363790825        216.8213699653290       -44.49992673987487    
    135.5000000000000        455.4587334675002        59.32056128039748        3525.356925080067        209886.4804617268        216.8246513584931       -45.49992404825240    
    136.5000000000000        423.2488789778860        58.72256041422727        3454.881114294138        203645.4627565596        216.8280514287844       -46.49992125928365    
    137.5000000000000        393.7396489146781        58.11785929579295        3384.336729850117        197461.1472874123        216.8315789214753       -47.49991836579517    
    138.5000000000000        366.6681587833516        57.50688085908104        3313.796340775777        191340.6259097535        216.8352434113246       -48.49991535993309    
    139.5000000000000        341.8059689667654        56.88999136899702        3243.324264469951        185290.0453025636        216.8390554053990       -49.49991223307886    
    140.5000000000000        318.9422467290600        56.26761513941751        3172.989744767250        179315.7505174568        216.8430264614919       -50.49990897575205    
    141.5000000000000        297.8898496642905        55.64013811255622        3102.855985351640        173423.3560893758        216.8471693249776       -51.49990557749803    
    142.5000000000000        278.4810068346976        55.00799565858823        3032.989926281725        167618.5689122466        216.8514980875437       -52.49990202675789    
    143.5000000000000        260.5622601368236        54.37158524647495        2963.452215975709        161906.3341120785        216.8560283719960       -53.49989831071679    
    144.5000000000000        243.9980048829900        53.73129983697833        2894.301239665174        156291.2035543382        216.8607775482810       -54.49989441512675    
    145.5000000000000        228.6656256841570        53.08753026781153        2825.593074668009        150777.3171731920        216.8657649870577       -55.49989032409868    
    146.5000000000000        214.4541468764196        52.44067698778164        2757.382874337633        145368.5344420264        216.8710123586670       -56.49988601985715    
    147.5000000000000        201.2660512256233        51.79114911312124        2689.724824818000        140068.4437132755        216.8765439872775       -57.49988148244984    
    148.5000000000000        189.0122871195745        51.13933748446208        2622.669087418886        134880.1124735809        216.8823872724683       -58.49987668940179    
    149.5000000000000        177.6120377449295        50.48566023755488        2556.266843852135        129806.5149223987        216.8885731937282       -59.49987161530156    
    150.5000000000000        166.9948560644355        49.83053716927681        2490.566972452930        124850.2310200333        216.8951369175449       -60.49986623130319    
    151.5000000000000        157.0933830701249        49.17436723309127        2425.614428646964        120013.3850754638        216.9021185322835       -61.49986050452353    
    152.5000000000000        147.8505522103528        48.51756772029339        2361.453694156687        115297.8776100044        216.9095639433805       -62.49985439730779    
    153.5000000000000        139.2127262202067        47.86051922963234        2298.123639194547        110705.0380166982        216.9175259712025       -63.49984786632904    
    154.5000000000000        131.1304578665522        47.20362522893977        2235.663318425392        106236.0580370903        216.9260657071986       -64.49984086147585    
    155.5000000000000        123.5622158718650        46.54729347546034        2174.110086883969        101891.8579067089        216.9352542021470       -65.49983332446740    
    156.5000000000000        116.4679489965685        45.89186613383964        2113.493172846610        97672.65343403559        216.9451745854107       -66.49982518711511    
    157.5000000000000        109.8120334915602        45.23777972863605        2053.848611618023        93579.01243680819        216.9559247492912       -67.49981636912065    
    158.5000000000000        103.5629707059378        44.58540532190442        1995.204300023930        89610.81425894206        216.9676207824577       -68.49980677525976    
    159.5000000000000        97.69081518742227        43.93512724133335        1937.587564906747        85767.80401868737        216.9804014082221       -69.49979629174128    
    160.5000000000000        92.16984317999290        43.28732636072365        1881.023259310273        82049.44705899259        216.9944337883546       -70.49978478144665    
    161.5000000000000        86.97581285537501        42.64237523988093        1825.533686237931        78454.95656201117        217.0099212091027       -71.49977207762501    
    162.5000000000000        82.08599061266747        42.00065752377431        1771.140287385512        74983.41192361254        217.0271134022451       -72.49975797542685    
    163.5000000000000        77.48161836227018        41.36251962597606        1717.859479169843        71633.49808219798        217.0463206189958       -73.49974222035938    
    164.5000000000000        73.14303239830325        40.72834239989552        1665.708798695244        68403.90907657669        217.0679331514566       -74.49972449227295    
    165.5000000000000        69.05361975873204        40.09846568847244        1614.700728270109        65292.97715689708        217.0924489312297       -75.49970438272175    
    166.5000000000000        65.19789030575018        39.47325072847446        1564.847804868056        62298.99317458995        217.1205133929100       -76.49968136226336    
    167.5000000000000        61.56146619116819        38.85302635861310        1516.158490003327        59419.97690217062        217.1529784699697       -77.49965473206338    
    168.5000000000000        58.13138697886949        38.23813528129076        1468.640665264192        56653.88022968387        217.1909923672122       -78.49962355025234    
    169.5000000000000        54.89430233542789        37.62889822141348        1422.299219396270        53998.47523408524        217.2361406241400       -79.49958651620618    
    170.5000000000000        51.83940012215356        37.02560229527521        1377.135018532895        51451.29185812586        217.2906762551149       -80.49954178174985    
    171.5000000000000        48.95632152923236        36.42857481643417        1333.150902461274        49009.98749226351        217.3579123061083       -81.49948662911504    
    172.5000000000000        46.23536317152116        35.83810397385303        1290.345537870741        46671.99335049722        217.4429283716370       -82.49941689131605    
    173.5000000000000        43.66647721434888        35.25445308938777        1248.714743775177        44434.60661907629        217.5539290534728       -83.49932583762853    
    174.5000000000000        41.24153384360373        34.67789086868422        1208.253566804294        42295.10206587920        217.7050836821196       -84.49920184365192    
    175.5000000000000        38.95296443845834        34.10868590729853        1168.956454497455        40250.77306947518        217.9231498373254       -85.49902295632394    
    176.5000000000000        36.79251464004722        33.54705841285426        1130.813354338365        38298.70147264710        218.2654400336064       -86.49874214885533    
    177.5000000000000        34.75350279212778        32.99319705471687        1093.811753227477        36435.91095142419        218.8808326961429       -87.49823723411697    
    178.5000000000000        32.82934119147306        32.44738040081177        1057.944224254584        34659.71715037908        220.3138514589338       -88.49706103220323    
    179.5000000000000        31.01384323710974        31.90972925647915        1023.192392455078        32966.95031536541        227.3756109858019       -89.49124428902678    
    180.5000000000000        29.30063863323580        31.38046889792067        989.5450810491498        31354.90295975264        26.08260747786649       -89.49123444357834    
    181.5000000000000        27.68471207570828        30.85975455632875        956.9847672721447        29820.53036272864        33.14418244918203       -88.49705103390646    
    182.5000000000000        26.16046343744786        30.34774962765029        925.4954743337620        28361.02318010779        34.57718594732897       -87.49822722328224    
    183.5000000000000        24.72286802918383        29.84456190276032        895.0573071113946        26973.43231741544        35.19257439083080       -86.49873213455804    
    184.5000000000000        23.36764755259363        29.35037247270567        865.6546088154090        25655.07447876788        35.53486284918932       -85.49901294060075    
    185.5000000000000        22.08950361325701        28.86519694052976        837.2620626684696        24402.91907534258        35.75292812428620       -84.49919182720662    
    186.5000000000000        20.88504422887113        28.38918806683668        809.8623053710179        23214.35961989250        35.90408224662733       -83.49931582076795    
    187.5000000000000        19.74962245896450        27.92237016015186        783.4309683615202        22086.57726423682        36.01508261076247       -82.49940687419485    
    188.5000000000000        18.67962585469818        27.46481859893599        757.9466228674081        21016.95167158850        36.10009846395096       -81.49947661181959    
    189.5000000000000        17.67146750230589        27.01652038252651        733.3833581883792        20002.76423942242        36.16733436604979       -80.49953176433232    
    190.5000000000000        16.72159578997491        26.57754664561762        709.7203701140504        19041.59442262768        36.22186988860594       -79.49957649869970    
    191.5000000000000        15.82698084530664        26.14786805618639        686.9316005595418        18130.87962212723        36.26701806414773       -78.49961353267908    
    192.5000000000000        14.98449682252778        25.72750211174619        664.9942139378282        17268.27956718038        36.30503189874462       -77.49964471443876    
    193.5000000000000        14.19105672188520        25.31643748775335        643.8843548633504        16451.49186156671        36.33749692655877       -76.49967134459831    
    194.5000000000000        13.44427534109136        24.91465118820440        623.5779100996702        15678.27495633120        36.36556134882832       -75.49969436502435    
    195.5000000000000        12.74101169902666        24.52209073508597        604.0501726612562        14946.45504747560        36.39007709657159       -74.49971447454931    
    196.5000000000000        12.07904485971335        24.13873304460916        585.2783532177298        14253.99839489080        36.41168960265010       -73.49973220261410    
    197.5000000000000        11.45596204433865        23.76450817511925        567.2380461298287        13598.88712462668        36.43089679741292       -72.49974795766353    
    198.5000000000000        10.86955275281023        23.39935719667366        549.9061017146025        12979.22288538979        36.44808897203820       -71.49976205984650    
    199.5000000000000        10.31749251144133        23.04318432881272        533.2582681479121        12393.13541364143        36.46357637704679       -70.49977476365525    
    200.5000000000000        9.798010342832649        22.69588821288148        517.2706891465502        11838.83427722437        36.47760874368905       -69.49978627393880    
    201.5000000000000        9.308936942001020        22.35737168044636        501.9206372961424        11314.64103537570        36.49038935780394       -68.49979675744773    
    202.5000000000000        8.848706789636767        22.02751338361221        487.1847700290112        10818.90975961082        36.50208538084205       -67.49980635130031    
    203.5000000000000        8.415458411486972        21.70621144537964        473.0416058384351        10350.12678797172        36.51283553586209       -66.49981516928747    
    204.5000000000000        8.007738637796653        21.39334803497412        459.4694611807415        9906.820835126036        36.52275591133070       -65.49982330663340    
    205.5000000000000        7.623935806989146        21.08880092870494        446.4473912714340        9487.607424542748        36.53194439938571       -64.49983084363618    
    206.5000000000000        7.262676816077150        20.79243754016294        433.9544660111852        9091.145186327492        36.54048412925675       -63.49983784848435    
    207.5000000000000        6.922627206990989        20.50414233072747        421.9714697233972        8716.207744249634        36.54844615161233       -62.49984437945862    
    208.5000000000000        6.602459978737487        20.22377330092267        410.4785202804878        8361.585478691841        36.55589155781116       -61.49985048667035    
    209.5000000000000        6.301063758424597        19.95120240522401        399.4571693419168        8026.164609583490        36.56287316814394       -60.49985621344640    
    210.5000000000000        6.017203158463158        19.68628179999480        388.8887011848919        7708.860684727201        36.56943688798398       -59.49986159744150    
    211.5000000000000        5.749907104887554        19.42888173360729        378.7558826199751        7408.678071794678        36.57562280564275       -58.49986667153876    
    212.5000000000000        5.498102907984787        19.17883704670234        369.0405944986882        7124.628338589360        36.58146608756270       -57.49987146458414    
    213.5000000000000        5.260904097539465        18.93602353935998        359.7270678785771        6855.832422800598        36.58699771319378       -56.49987600198902    
    214.5000000000000        5.037389823266507        18.70028037072860        350.7985815599920        6601.412647376554        36.59224508208204       -55.49988030622831    
    215.5000000000000        4.826765752069077        18.47148460609493        342.2405704490942        6360.589180107365        36.59723251836741       -54.49988439725433    
    216.5000000000000        4.628222799345789        18.24946730045568        334.0371332959795        6132.568886193978        36.60198169236615       -53.49988829284249    
    217.5000000000000        4.441062055229172        18.03411174150230        326.1750316693144        5916.666730809248        36.60651197471577       -52.49989200888184    
    218.5000000000000        4.264575795948834        17.82525875266269        318.6398089218457        5712.184677287204        36.61084073534394       -51.49989555962042    
    219.5000000000000        4.098138757600911        17.62278187571309        311.4188088126447        5518.501911914075        36.61498359704036       -50.49989895787297    
    220.5000000000000        3.941142834253738        17.42653848373191        304.4992031747681        5335.013821498545        36.61895465147803       -49.49990221519842    
    221.5000000000000        3.793023964190164        17.23639069224163        297.8688048384404        5161.154825344067        36.62276664401875       -48.49990534205139    
    222.5000000000000        3.653250593633368        17.05220539813714        291.5160388878818        4996.395752487710        36.62643113244463       -47.49990834791230    
    223.5000000000000        3.521321799653409        16.87384397740201        285.4295295581014        4840.230571202180        36.62995862381244       -46.49991124139968    
    224.5000000000000        3.396781422199025        16.70118169628159        279.5988132843205        4692.195306117552        36.63335869287240       -45.49991403036745    
    225.5000000000000        3.279196975931658        16.53409064959465        274.0136679405859        4551.847545504466        36.63664008488890       -44.49991672198897    
    226.5000000000000        3.168159672912703        16.37244390673392        268.6642645994247        4418.769959205025        36.63981080521176       -43.49991932283074    
    227.5000000000000        3.063293651256203        16.21612139147170        263.5413547184925        4292.574102106899        36.64287819755149       -42.49992183891659    
    228.5000000000000        2.964243624548801        16.06500309193467        258.6360074366410        4172.892233779319        36.64584901258988       -41.49992427578385    
    229.5000000000000        2.870678317321250        15.91897321389336        253.9397443366085        4059.380081359084        36.64872946829334       -40.49992663853288    
    230.5000000000000        2.782287704772890        15.77792115982672        249.4445532009807        3951.716184406735        36.65152530308038       -39.49992893187071    
    231.5000000000000        2.698778588001280        15.64173460739147        245.1426336333369        3849.594445149404        36.65424182281519       -38.49993116014954    
    232.5000000000000        2.619877871666632        15.51030783590334        241.0266692925876        3752.730414048939        36.65688394245193       -37.49993332740100    
    233.5000000000000        2.545330201043967        15.38353654906584        237.0896373499113        3660.855673609453        36.65945622303029       -36.49993543736624    
    234.5000000000000        2.474901034880786        15.26132327759650        233.3249703977960        3573.721108753066        36.66196290462102       -35.49993749352329    
    235.5000000000000        2.408369707644496        15.14357204239919        229.7263672767689        3491.091565022963        36.66440793573317       -34.49993949911104    
    236.5000000000000        2.345526348762986        15.03018721470430        226.2877437874985        3412.744060149555        36.66679499962270       -33.49994145715062    
    237.5000000000000        2.286178113723426        14.92107852141763        223.0033852795038        3338.471008107679        36.66912753788120       -32.49994337046509    
    238.5000000000000        2.230143848301437        14.81615849422176        219.8678522966715        3268.077403059956        36.67140877163131       -31.49994524169669    
    239.5000000000000        2.177253847195409        14.71534332708760        216.8759959190818        3201.380674868205        36.67364172061209       -30.49994707332229    
    240.5000000000000        2.127350206468457        14.61855272981180        214.0229440729972        3138.209953653973        36.67582922039986       -29.49994886766787    
    241.5000000000000        2.080285088587083        14.52570877769986        211.3040554089098        3078.404558412548        36.67797393797847       -28.49995062692113    
    242.5000000000000        2.035922269155575        14.43673819547295        208.7149798032671        3021.814999721444        36.68007838584544       -27.49995235314287    
    243.5000000000000        1.994133400973081        14.35156984725008        206.2515740091654        2968.300712179142        36.68214493481727       -26.49995404827784    
    244.5000000000000        1.954798474632554        14.27013687385980        203.9099576498991        2917.730983242663        36.68417582567687       -25.49995571416413    
    245.5000000000000        1.917803812966703        14.19237230485706        201.6863695913765        2869.981305102559        36.68617317978896       -24.49995735254173    
    246.5000000000000        1.883043973781812        14.11821326223682        199.5772914822480        2824.935992764538        36.68813900879402       -23.49995896506076    
    247.5000000000000        1.850421505179336        14.04760010178017        197.5794154740867        2782.487202304725        36.69007522347868       -22.49996055328863    
    248.5000000000000        1.819846000146801        13.98047685685506        195.6896489681403        2742.534749511740        36.69198364190898       -21.49996211871655    
    249.5000000000000        1.791233833185328        13.91679022375746        193.9050799258423        2704.985146045630        36.69386599690325       -20.49996366276593    
    250.5000000000000        1.764506583099766        13.85648866708954        192.2229434978426        2669.750625716271        36.69572394291266       -19.49996518679393    
    251.5000000000000        1.739591973254710        13.79952364574821        190.6406537695210        2636.749679560784        36.69755906237043       -18.49996669209845    
    252.5000000000000        1.716423566207199        13.74584972317045        189.1558028295581        2605.906879553183        36.69937287156366       -17.49996817992332    
    253.5000000000000        1.694940264971826        13.69542379828411        187.7661314963165        2577.152026068724        36.70116682607659       -16.49996965146255    
    254.5000000000000        1.675085722482464        13.64820620944620        186.4695577496590        2550.420636826323        36.70294232584868       -15.49997110786437    
    255.5000000000000        1.656807017608428        13.60415978020948        185.2641449924778        2525.653121356717        36.70470071988680       -14.49997255023539    
    256.5000000000000        1.640057044264928        13.56324915456860        184.1480814821268        2502.794259248306        36.70644331066686       -13.49997397964404    
    257.5000000000000        1.624792074494405        13.52544175557218        183.1197029397322        2481.793544828152        36.70817135825700       -12.49997539712381    
    258.5000000000000        1.610973305039738        13.49070737346009        182.1774778307590        2462.604771999075        36.70988608419124       -11.49997680367675    
    259.5000000000000        1.598565591539543        13.45901878017522        181.3200231294296        2445.186304286899        36.71158867512016       -10.49997820027628    
    260.5000000000000        1.587433328587763        13.43033746996191        180.5457120850550        2429.492937285117        36.71328028626276       -9.499979587869907    
    261.5000000000000        1.577861170019006        13.40468016982149        179.8544776470706        2415.512587350303        36.71496204468173       -8.499980967382173    
    262.5000000000000        1.569511949823099        13.38198672832002        179.2442256985007        2403.193147698647        36.71663505240257       -7.499982339717096    
    263.5000000000000        1.562468830148187        13.36225217393837        178.7144172900120        2392.515432303902        36.71830038939554       -6.499983705760449    
    264.5000000000000        1.556712830351834        13.34546028007709        178.2642622370770        2383.456273076393        36.71995911643803       -5.499985066382412    
    265.5000000000000        1.552228215589040        13.33159652729059        177.8930701747474        2375.995643107713        36.72161227787393       -4.499986422439690    
    266.5000000000000        1.548651271170040        13.32066750893835        177.6007764724389        2370.127351405925        36.72326090428555       -3.499987774777549    
    267.5000000000000        1.547038347171012        13.31261314963769        177.3855700898921        2365.810898323271        36.72490601509282       -2.499989124232246    
    268.5000000000000        1.546321503664178        13.30747882476422        177.2485335254372        2363.065372096267        36.72654862109390       -1.499990471632971    
    269.5000000000000        1.546855536828406        13.30524337827387        177.1890079538061        2361.875672644327        36.72818972696068      -0.4999918178037363    
    270.5000000000000        1.548642683238358        13.30590488376011        177.2069016131532        2362.239148989294        36.72983033370247       0.5000068364342964    
    271.5000000000000        1.551689522825708        13.30946379672320        177.3022385082434        2364.156527329694        36.73147144111056        1.500005490260963    
    272.5000000000000        1.556005152129873        13.31592403091657        177.4751880179319        2367.632524204319        36.73311405019664        2.500004142855254    
    273.5000000000000        1.561600985971530        13.32529090545089        177.7260065058836        2372.674599375988        36.73475916563733        3.500002793392992    
    274.5000000000000        1.568491625736621        13.33757184785089        178.0550579516402        2379.293415132056        36.73640779823789        4.500001441044978    
    275.5000000000000        1.576698434387118        13.35277652854531        178.4628194579137        2387.502994914239        36.73806096742781        5.500000084975093    
    276.5000000000000        1.586243322305942        13.37091711276956        178.9498881179388        2397.320872097712        36.73971970380141        6.499998724337892    
    277.5000000000000        1.597148824217137        13.39200871879764        179.5169957404936        2408.768451201176        36.74138505171705        7.499997358276659    
    278.5000000000000        1.609441039394680        13.41606735559309        180.1649514995531        2421.869819802487        36.74305807196917        8.499995985921331    
    279.5000000000000        1.623151415503780        13.44311196565518        180.8947008592714        2436.653043311196        36.74473984454769        9.499994606385950    
    280.5000000000000        1.638314228753796        13.47316463240264        181.7073339635982        2453.150412771723        36.74643147150048        10.49999321876646    
    281.5000000000000        1.654968635174609        13.50624972657567        182.6040618621261        2471.397968099815        36.74813407991535        11.49999182213844    
    282.5000000000000        1.673158043226558        13.54239404704290        183.5862242439339        2491.435764703242        36.74984882503936        12.49999041555417    
    283.5000000000000        1.692929112351693        13.58162687576223        184.6552907083246        2513.307920557641        36.75157689355407        13.49998899804019    
    284.5000000000000        1.714336423141250        13.62398026784177        185.8128762710799        2537.063131355458        36.75331950702765        14.49998756859456    
    285.5000000000000        1.737439094456607        13.66948959847112        187.0607568423279        2562.755034612429        36.75507792556562        15.49998612618355    
    286.5000000000000        1.762301335846968        13.71819100111759        188.4007997484239        2590.440832298075        36.75685345168473        16.49998466973867    
    287.5000000000000        1.788996982344082        13.77012378675748        189.8350377793746        2620.183029885946        36.75864743443621        17.49998319815340    
    288.5000000000000        1.817605460343501        13.82532908377603        191.3656327648777        2652.048753760877        36.76046127380771        18.49998171027927    
    289.5000000000000        1.848209889562311        13.88385062708506        192.9949028096204        2686.110491771063        36.76229642543559        19.49998020492219    
    290.5000000000000        1.880897171098679        13.94573415641514        194.7253087127359        2722.445935136941        36.76415440566334        20.49997868083840    
    291.5000000000000        1.915762033042989        14.01102892713889        196.5595027525492        2761.139215281948        36.76603679698504        21.49997713672973    
    292.5000000000000        1.952907460608771        14.07978655459511        198.5002993097742        2802.280422946961        36.76794525391745        22.49997557123893    
    293.5000000000000        1.992442453587132        14.15206218511673        200.5507143795477        2845.966671427778        36.76988150934954        23.49997398294462    
    294.5000000000000        2.034484852011690        14.22791428683023        202.7139672909744        2892.302393481959        36.77184738142340        24.49997237035530    
    295.5000000000000        2.079154792137263        14.30740337757463        204.9934453905065        2941.398698529382        36.77384478100750        25.49997073190345    
    296.5000000000000        2.126581960653046        14.39059533305193        207.3928131655844        2993.376159393297        36.77587571983036        26.49996906593895    
    297.5000000000000        2.176910445511644        14.47755781228413        209.9159094827182        3048.362703197118        36.77794231935133        27.49996737072151    
    298.5000000000000        2.230295000013542        14.56836420288772        212.5668766587786        3106.496888721872        36.78004682045513        28.49996564441285    
    299.5000000000000        2.286903776623556        14.66308735166469        215.3499774661841        3167.924031109478        36.78219159406778        29.49996388506823    
    300.5000000000000        2.346918396816518        14.76180376252388        218.2697346598260        3232.799818579475        36.78437915280456        30.49996209062648    
    301.5000000000000        2.410536542169139        14.86459391694382        221.3309505195783        3301.291154820839        36.78661216377615        31.49996025889970    
    302.5000000000000        2.477960021471358        14.97153682655058        224.5385388577795        3373.572432101207        36.78889346269537        32.49995838756185    
    303.5000000000000        2.549406407713111        15.08271704197645        227.8977574670949        3449.831510501971        36.79122606944837        33.49995647413567    
    304.5000000000000        2.625121294629840        15.19822846577462        231.4143453840728        3530.273589396070        36.79361320531635        34.49995451597864    
    305.5000000000000        2.705351321559579        15.31815752845961        235.0939924009292        3615.108862281110        36.79605831206197        35.49995251026760    
    306.5000000000000        2.790384066860674        15.44260394376067        238.9430243015431        3704.569766254011        36.79856507312594        36.49995045398095    
    307.5000000000000        2.880511078517705        15.57166103809043        242.9677683947343        3798.895881838356        36.80113743721697        37.49994834387948    
    308.5000000000000        2.976053718695093        15.70543261834252        247.1751179107169        3898.348428719610        36.80377964462185        38.49994617648497    
    309.5000000000000        3.077359192626815        15.84402760936748        251.5723719792013        4003.207035313557        36.80649625661425        39.49994394805573    
    310.5000000000000        3.184791743349014        15.98755233457068        256.1670026125478        4113.764862662159        36.80929218840205        40.49994165455973    
    311.5000000000000        3.298753906930658        16.13611951856763        260.9669591310874        4230.336754935548        36.81217274612499        41.49993929164443    
    312.5000000000000        3.419675713842209        16.28984366627988        265.9805354906112        4353.256887938617        36.81514366850114        42.49993685460225    
    313.5000000000000        3.548021204389543        16.44884347960729        271.2164693160996        4482.882212078848        36.81821117382314        43.49993433833225    
    314.5000000000000        3.684287071174271        16.61323489275220        276.6837165867018        4619.587510823659        36.82138201312853        44.49993173729660    
    315.5000000000000        3.829003336665898        16.78313944674094        282.3917601577158        4763.774479839135        36.82466353051644        45.49992904547083    
    316.5000000000000        3.982725397111840        16.95868366621076        288.3505989405978        4915.872365893219        36.82806373176199        46.49992625628771    
    317.5000000000000        4.146058810866814        17.13999457942623        294.5706123621622        5076.335631320218        36.83159136259579        47.49992336257313    
    318.5000000000000        4.319653778778708        17.32720733529403        301.0628557914609        5245.653206316279        36.83525599828025        48.49992035647242    
    319.5000000000000        4.504213864203652        17.52045620100931        307.8387570844052        5424.341662306590        36.83906814643581        49.49991722936600    
    320.5000000000000        4.700495551213169        17.71988076129889        314.9103662388688        5612.953525251732        36.84303936546652        50.49991397177256    
    321.5000000000000        4.909308542396248        17.92562230916978        322.2902465125974        5812.075882690463        36.84718240142178        51.49991057323635    
    322.5000000000000        5.131514744717768        18.13782770724152        329.9916249720218        6022.335835784740        36.85151134673674        52.49990702219714    
    323.5000000000000        5.368093735454832        18.35665037657359        338.0284796074814        6244.405364279555        36.85604182504801        53.49990330583889    
    324.5000000000000        5.620023773793388        18.58223994536263        346.4151741741770        6478.993005523298        36.86079120722708        54.49989940991202    
    325.5000000000000        5.888457739511728        18.81474859094436        355.1666788775982        6726.850714064662        36.86577886496612        55.49989531852572    
    326.5000000000000        6.174512368347316        19.05431272867236        364.2979345339957        6988.758862222068        36.87102646976372        56.49989101390275    
    327.5000000000000        6.479518449732107        19.30109800925189        373.8256638050120        7265.582909603995        36.87655834708950        57.49988647608865    
    328.5000000000000        6.804751242599751        19.55521565717153        383.7648621803547        7558.163587889828        36.88240189799016        58.49988168260598    
    329.5000000000000        7.151792978279840        19.81685313059801        394.1344762375324        7867.504892938892        36.88858810361556        59.49987660804072    
    330.5000000000000        7.522043778950102        20.08610022642225        404.9497394167471        8194.520898350211        36.89515213234127        60.49987122354377    
    331.5000000000000        7.917408935268713        20.36318299397635        416.2326131116451        8540.389173259418        36.90213407468649        61.49986549622841    
    332.5000000000000        8.339451964357954        20.64814419526095        427.9975738981257        8906.075499697994        36.90957983855719        62.49985938843592    
    333.5000000000000        8.790361463232914        20.94123802396077        440.2692667053420        9292.932102584260        36.91754224716364        63.49985285683471    
    334.5000000000000        9.272031797380787        21.24249374770793        453.0629393600573        9702.037659202839        36.92608239524758        64.49984585130795    
    335.5000000000000        9.786851582138286        21.55214139432386        466.4035913685273        10134.84963651289        36.93527133741969        65.49983831356862    
    336.5000000000000        10.33716698487053        21.87025124429402        480.3098304905394        10592.66171967283        36.94519220753114        66.49983017542081    
    337.5000000000000        10.92561149917662        22.19696156887583        494.8039477581367        11076.94207140198        36.95594290317344        67.49982135655755    
    338.5000000000000        11.55491168966479        22.53240708306543        509.9090438331159        11589.25095494388        36.96763951929498        68.49981176174443    
    339.5000000000000        12.22817457160235        22.87668834595590        525.6472295581113        12131.16776870156        36.98042078671812        69.49980127717802    
    340.5000000000000        12.94828192343140        23.22989951895479        542.0411223536457        12704.35349475203        36.99445387627222        70.49978976572501    
    341.5000000000000        13.71927359442230        23.59216918792923        559.1158289827190        13310.62623210603        37.00994208523281        71.49977706061668    
    342.5000000000000        14.54413460102688        23.96355202793806        576.8935707636015        13951.76454168051        37.02713515894124        72.49976295698144    
    343.5000000000000        15.42739358165847        24.34415458797470        595.3997933041595        14629.73315341512        37.04634336548094        73.49974720029908    
    344.5000000000000        16.37301764495497        24.73404226760193        614.6588106226403        15346.53439163688        37.06795701820266        74.49972947038549    
    345.5000000000000        17.38555250246758        25.13326590612804        634.6947322590978        16104.23084906403        37.09247407585611        75.49970935875088    
    346.5000000000000        18.47005689120232        25.54188688378024        655.5330473773091        16905.02104375209        37.12054000828198        76.49968633589562    
    347.5000000000000        19.63155468278642        25.95996748985332        677.1999362799129        17751.20998530761        37.15300679555757        77.49965970290991    
    348.5000000000000        20.87617659232506        26.38752565761180        699.7200103931925        18645.12690364411        37.19102270542764        78.49962851782244    
    349.5000000000000        22.20949076415640        26.82461425742362        723.1202110290787        19589.27334105897        37.23617336451564        79.49959147986829    
    350.5000000000000        23.63872271658742        27.27120192061697        747.4237165198244        20586.09203362407        37.29071191132536        80.49954674067220    
    351.5000000000000        25.17030105897855        27.72731956796982        772.6574222944170        21638.25647028473        37.35795157498699        81.49949158217066    
    352.5000000000000        26.81251566777357        28.19295264278949        798.8464895322542        22748.46970878970        37.44297223198171        82.49942183692457    
    353.5000000000000        28.57321211921652        28.66801460249009        826.0121141622894        23919.34040558575        37.55397894183279        83.49933077347538    
    354.5000000000000        30.46136920843841        29.15251260262619        854.1814526084015        25153.83422436752        37.70514183077809        84.49920676614992    
    355.5000000000000        32.48694790696088        29.64634537550271        883.3755624396294        26454.73417153723        37.92321999453758        85.49902785947170    
    356.5000000000000        34.66020157486377        30.14945305346430        913.6181986953663        27825.03369285682        38.26552923571376        86.49874702144561    
    357.5000000000000        36.99216066778547        30.66171477780545        944.9295738349026        29267.65147904623        38.88095668955593        87.49824205127491    
    358.5000000000000        39.49538708162323        31.18304424742942        977.3320204204483        30785.68686768791        40.31405901587046        88.49706571804194    
    359.5000000000000        42.18300218439834        31.71328172827126        1010.843237206431        32382.10069133784        47.37627462901943        89.49124828627076    
