 # author: MA Kubiak / Space Research Center PAS Warsaw Poland, contact: mkubiak@cbk.waw.pl                          
 # code version Program.keplerV_ellipt_V2      , Dates: calkV:20/04/2026  ; part_pr:20/04/2026                       
 # czas no T v_mas, kier.naplywu(dl, szer) macierz obrotu (ecl to helio), r, theta, phi(ecl,spher), V_detector(ecl,cart), IBEX_energy_channel
 #     2025.977928000000        0.8088930000000000E-03     9480.000000000000        -11.28000000301609         251.5700000000000         11.95000000000000        0.2459841265748581        0.9692738567985851         0.000000000000000       -0.9615244635393438        0.2440174711049008        0.1261989691358298        0.1223213615382913       -0.3104294319752456E-01    0.9920049496797150        0.9753760000000000         92.18755200000000       -0.3163700000000000E-01    -29.76300000000000        -1.241000000000000       -0.1799999999999999E-01 00
 # routs_end= 150.00;    Maxwellian,    elliptOrb=Off                                                                                        
 # Numerical parameters: GridKl=10  GridKf=09  GridKV=05  epsV= 0.0000100  epssJon=.0010000                                                  
 # Numerical parameters: GridKl=10  GridKf=09  GridKV=05  epsV= 0.0000100  epssJon=.0010000; tessel128                                                                                                                                                                                                                                                                                                                                                                                                                                                                 
# Axis to the Sun: alpha_ecl= 268.1680000000000000 delta_Ecl= 0.0760000000000000 delta_Ax= 90.0000000000000000  repoint= 00087
 #  flag_atom: He                                                   
 #  flag_general:                                                   
 #                                                                  
 #                                                                  
  # Ly_a_Profil: zero                                               
  # flag_Itot: zero                                                 
 #  v_SW_Eqtr: speed3D.hybrid2026c_patched.dat                      
 #  n_SW_Eqtr: density3D.hybrid2026c_patched.dat                    
 #  phot_Eqtr: 0.8500000  phion_Helium_T12F107_2026c.dat            
 #  sigma_SW: p+He->H +He+, He + alpha (2 chnls);src:simuLosses.nb  
 #  flag_el:slow  swEqtrElectrons5.2026c.patched.dat                
 #  SW_lati: interpolation                                          
 #  phot_lati: analit pole-flattened after Pryor & Auchere          
 #
 #
 #
 #Spin  flux speed	speed^2 speed^3    long_ecl lat_ecl
   0.5000000000000000        543.6370717851123        33.05916608901275        1098.818991359935        36718.20972224822        169.5254187343178        89.49425462271908    
    1.500000000000000        579.3600467433592        33.60070288362192        1135.069456947952        38547.84885265372        175.2681590737869        88.49807383552223    
    2.500000000000000        617.4429924703314        34.14994941537800        1172.430849597130        40463.98941151163        176.4278520739910        87.49884329509096    
    3.500000000000000        658.0403090218476        34.70673228735296        1210.916441494825        42469.57082980582        176.9256085678619        86.49917347617766    
    4.500000000000000        701.2887715324549        35.27079456095797        1250.532873912017        44567.22094724557        177.2024225776183        85.49935708332924    
    5.500000000000000        747.3537225223274        35.84192157585179        1291.288911499342        46759.71608250820        177.3787623818690        84.49947404320221    
    6.500000000000000        796.3880922225093        36.41981959497131        1333.186874660993        49049.52040323400        177.5009892717218        83.49955511042570    
    7.500000000000000        848.5650361138036        37.00424458923938        1376.231754503966        51439.27238204841        177.5907447459106        82.49961464026400    
    8.500000000000000        904.0578894585118        37.59484804122835        1420.419669870039        53931.12857767094        177.6594879600736        81.49966023350822    
    9.500000000000000        963.0487304797541        38.19136143362321        1465.751655563682        56527.53789111457        177.7138538619969        80.49969629096840    
    10.50000000000000        1025.728069167944        38.79347441570703        1512.224335079682        59230.69945246009        177.7579501020257        79.49972553710896    
    11.50000000000000        1092.282620898196        39.40081693635697        1559.828389801488        62042.45772685048        177.7944557308337        78.49974974883170    
    12.50000000000000        1162.929669735965        40.01312400127813        1608.561558954862        64965.07761760834        177.8251925850138        77.49977013447356    
    13.50000000000000        1237.850331499172        40.62993712768409        1658.403781717983        67999.66903462587        177.8514427486139        76.49978754437390    
    14.50000000000000        1317.277150210945        41.25099893597618        1709.350969846208        71148.36609334951        177.8741346622502        75.49980259431568    
    15.50000000000000        1401.409217452195        41.87584598134865        1761.379088415742        74411.93478517736        177.8939571951416        74.49981574118567    
    16.50000000000000        1490.477371236248        42.50419614540414        1814.478450979991        77792.04883688751        177.9114322389859        73.49982733112302    
    17.50000000000000        1584.699212797866        43.13560280878377        1868.623497609735        81289.29559307320        177.9269624138664        72.49983763116060    
    18.50000000000000        1684.302941595226        43.76969498134796        1923.792806909903        84904.42164965451        177.9408633027256        71.49984685060447    
    19.50000000000000        1789.514122046782        44.40608722152527        1979.962382873170        88637.95754938999        177.9533857679725        70.49985515583533    
    20.50000000000000        1900.565674794092        45.04436102101363        2037.102969796360        92489.96329324559        177.9647317366608        69.49986268077812    
    21.50000000000000        2017.683507592989        45.68412856999863        2095.186246194049        96460.46826758882        177.9750655806626        68.49986953444970    
    22.50000000000000        2141.094173895002        46.32496858230776        2154.178717018421        100549.0258271478        177.9845224622361        67.49987580649406    
    23.50000000000000        2271.015997087171        46.96647620224363        2214.046421443887        104755.0371277800        177.9932145488802        66.49988157130424    
    24.50000000000000        2407.671977766692        47.60822898081665        2274.751604533988        109077.4987403798        178.0012357062348        65.49988689113484    
    25.50000000000000        2551.257704672812        48.24982415883090        2336.256269328326        113515.2449818153        178.0086650868058        64.49989181848224    
    26.50000000000000        2701.991303050220        48.89083266656230        2398.517899689359        118066.6416841818        178.0155699061780        63.49989639792588    
    27.50000000000000        2860.041201849091        49.53084656641464        2461.493765044192        122729.8672105836        178.0220076135313        62.49990066756774    
    28.50000000000000        3025.594932964852        50.16945525637536        2525.138978457654        127502.7885035023        178.0280276052252        61.49990466016896    
    29.50000000000000        3198.785710424810        50.80621544011115        2589.403066540415        132382.6624849467        178.0336725898755        60.49990840405510    
    30.50000000000000        3379.756149837629        51.44073899650944        2654.239196996260        137366.8522341288        178.0389796849055        59.49991192384356    
    31.50000000000000        3568.603252413785        52.07260529294710        2719.595172209702        142452.1234063923        178.0439813042451        58.49991524103213    
    32.50000000000000        3765.412238327831        52.70141878582210        2785.419380996372        147635.0968168074        178.0487058821600        57.49991837447925    
    33.50000000000000        3970.227723133848        53.32677738685032        2851.657616526649        152911.9992422069        178.0531784674530        56.49992134079800    
    34.50000000000000        4183.049251117352        53.94826793976448        2918.252575363181        158278.6139605945        178.0574212143379        55.49992415468166    
    35.50000000000000        4403.857857224621        54.56552212762507        2985.149854690692        163730.7541199794        178.0614537903621        54.49992682917429    
    36.50000000000000        4632.577901984492        55.17815109739661        3052.291120528180        169263.7206844602        178.0652937172847        53.49992937589681    
    37.50000000000000        4869.097105029241        55.78578217046351        3119.618059104794        174872.6136283340        178.0689566574271        52.49993180523690    
    38.50000000000000        5113.248943214664        56.38804279293392        3187.070730865996        180552.1989929838        178.0724566554098        51.49993412650934    
    39.50000000000000        5364.815503974806        56.98456653942726        3254.588279185014        186296.9647403815        178.0758063431820        50.49993634809196    
    40.50000000000000        5623.534821452279        57.57500863662027        3322.110792262842        192101.2817245934        178.0790171146890        49.49993847754156    
    41.50000000000000        5889.075753679990        58.15901458200282        3389.575807526996        197959.1059007310        178.0820992752997        48.49994052169290    
    42.50000000000000        6161.047589534174        58.73624680990961        3456.921444749427        203864.2491774624        178.0850621701517        47.49994248674397    
    43.50000000000000        6438.993253399173        59.30636271613484        3524.083913069627        209810.1623891283        178.0879142948063        46.49994437832922    
    44.50000000000000        6722.392218717538        59.86903681365647        3591.000277415858        215790.1899965957        178.0906633909977        45.49994620158317    
    45.50000000000000        7010.661495614982        60.42394648762766        3657.606785837915        221797.4186145218        178.0933165297708        44.49994796119554    
    46.50000000000000        7303.150344563539        60.97078262270163        3723.840306686757        227824.8182372276        178.0958801839041        43.49994966145925    
    47.50000000000000        7599.142993052189        61.50924511012269        3789.637848593090        233865.2014617556        178.0983602912010        42.49995130631238    
    48.50000000000000        7897.855859280182        62.03903513580886        3854.935662964336        239911.1428161192        178.1007623099656        41.49995289937502    
    49.50000000000000        8198.430000648936        62.55986755442166        3919.670913753192        245955.1449338322        178.1030912677693        40.49995444398160    
    50.50000000000000        8499.951747627068        63.07146016950815        3983.780396758511        251989.5224807949        178.1053518044404        39.49995594320938    
    51.50000000000000        8801.419868856483        63.57353968363304        4047.201405109496        258006.4941178059        178.1075482100613        38.49995739990364    
    52.50000000000000        9101.785484215250        64.06584020933298        4109.871583944083        263998.1719911961        178.1096844586400        37.49995881670004    
    53.50000000000000        9399.945263647553        64.54810910659636        4171.729842909586        269956.6653753329        178.1117642380239        36.49996019604445    
    54.50000000000000        9694.741564592778        65.02009188418057        4232.714439129558        275873.8982610457        178.1137909765375        35.49996154021063    
    55.50000000000000        9984.978226726345        65.48155005595292        4292.765422545978        281741.8608555219        178.1157678667606        34.49996285131596    
    56.50000000000000        10269.41888419924        65.93225354925811        4351.823718073054        287552.5278868037        178.1176978867999        33.49996413133561    
    57.50000000000000        10546.80166863909        66.37198409881911        4409.831666218725        293297.9226646522        178.1195838193620        32.49996538211512    
    58.50000000000000        10815.85830035288        66.80053214357461        4466.732720816833        298970.0997710408        178.1214282688912        31.49996660538186    
    59.50000000000000        11075.33358838432        67.21770444660700        4522.472560941825        304561.2679077144        178.1232336770012        30.49996780275513    
    60.50000000000000        11323.98647716373        67.62331485088573        4576.997927751511        310063.6830310229        178.1250023363989        29.49996897575551    
    61.50000000000000        11560.60797701367        68.01718192113563        4630.256368985605        315469.6312497165        178.1267364034742        28.49997012581319    
    62.50000000000000        11784.03902961579        68.39913338278832        4682.196938100830        320771.5129093085        178.1284379097053        27.49997125427546    
    63.50000000000000        11993.18252038249        68.76899981981974        4732.769356155481        325961.7619202278        178.1301087720126        26.49997236241368    
    64.50000000000000        12187.00068507286        69.12661654234499        4781.924347100812        331032.8914387400        178.1317508021765        25.49997345142949    
    65.50000000000000        12364.52945474944        69.47182005952266        4829.613215722283        335977.4603528611        178.1333657154204        24.49997452246042    
    66.50000000000000        12524.88998763875        69.80444943314791        4875.788086157508        340788.1066536097        178.1349551382486        23.49997557658522    
    67.50000000000000        12667.29644773730        70.12435213958587        4920.402780136043        345457.6492916798        178.1365206156191        22.49997661482856    
    68.50000000000000        12791.04614126609        70.43137670341991        4963.411829130515        349978.9922804804        178.1380636175189        21.49997763816533    
    69.50000000000000        12895.53058155310        70.72537512045277        5004.770873937133        354345.1767876587        178.1395855450071        20.49997864752476    
    70.50000000000000        12980.24160615989        71.00620688919101        5044.437267291347        358549.4521033146        178.1410877357776        19.49997964379405    
    71.50000000000000        13044.76198907910        71.27373726750668        5082.369898849085        362585.2682454714        178.1425714692929        18.49998062782173    
    72.50000000000000        13088.80389633910        71.52784153275164        5118.529853228269        366446.3553236881        178.1440379715321        17.49998160042092    
    73.50000000000000        13112.18624252034        71.76840109781519        5152.879907087160        370126.6786974663        178.1454884193915        16.49998256237215    
    74.50000000000000        13114.83365212193        71.99530656901288        5185.385006005502        373620.4979009979        178.1469239447748        15.49998351442611    
    75.50000000000000        13096.82261105182        72.20845159250318        5216.011413274707        376922.2817329454        178.1483456384027        14.49998445730619    
    76.50000000000000        13058.33291613466        72.40774047459841        5244.727887493454        380026.8476192646        178.1497545533724        13.49998539171084    
    77.50000000000000        12999.68738123606        72.59308002502200        5271.504518102960        382929.2400192922        178.1511517084907        12.49998631831572    
    78.50000000000000        12921.33329528396        72.76438411691743        5296.313448226904        385624.8188730552        178.1525380914065        11.49998723777587    
    79.50000000000000        12823.81641865728        72.92156673636136        5319.127856631923        388109.1505534143        178.1539146615624        10.49998815072760    
    80.50000000000000        12707.84000768699        73.06454938039028        5339.923116535551        390378.1462612234        178.1552823529856        9.499989057790371    
    81.50000000000000        12574.19690481770        73.19325659567616        5358.676141725642        392427.9926783617        178.1566420769361        8.499989959568543    
    82.50000000000000        12423.78140316447        73.30761596028209        5375.365425334086        394255.1631509354        178.1579947244288        7.499990856653057    
    83.50000000000000        12257.55704961591        73.40755975058967        5389.971298876104        395856.4499830814        178.1593411686442        6.499991749622996    
    84.50000000000000        12076.56343298798        73.49302359141053        5402.475752940177        397228.9487149380        178.1606822672430        5.499992639047179    
    85.50000000000000        11881.91432664704        73.56394937976407        5412.862914711761        398370.1178629983        178.1620188645969        4.499993525485616    
    86.50000000000000        11674.75198875935        73.62028087963054        5421.118391530596        399277.7069726893        178.1633517939491        3.499994409490892    
    87.50000000000000        11456.23790100847        73.66197013408917        5427.230245502005        399949.8689234313        178.1646818795156        2.499995291609649    
    88.50000000000000        11227.55225105471        73.68897592569586        5431.188787072062        400385.1404188134        178.1660099385397        1.499996172383900    
    89.50000000000000        10989.88306184725        73.70126521181439        5432.986812101995        400582.4718013091        178.1673367833093       0.4999970523523332    
    90.50000000000000        10744.40074265916        73.69881021926112        5432.619164436289        400541.1780935352        178.1686632231489      -0.5000020679482908    
    91.50000000000000        10492.25757496197        73.68158789772643        5430.082666167344        400260.9327017907        178.1699900663962       -1.500001187981866    
    92.50000000000000        10234.57410788622        73.64958106287317        5425.376292801925        399741.7874852750        178.1713181223735       -2.500000307211675    
    93.50000000000000        9972.463651533319        73.60278198989214        5418.501725079319        398984.2359360622        178.1726482033640       -3.499999425098996    
    94.50000000000000        9706.984016072020        73.54118887153190        5409.462808230844        397989.1506502178        178.1739811266040       -4.499998541101824    
    95.50000000000000        9439.143735670061        73.46480645959042        5398.265656701249        396757.7951831270        178.1753177163001       -5.499997654673571    
    96.50000000000000        9169.920288861194        73.37364796662281        5384.918922812242        395291.8512984810        178.1766588056839       -6.499996765261629    
    97.50000000000000        8900.207048762355        73.26772908373864        5369.432884081930        393593.3130918795        178.1780052391127       -7.499995872306017    
    98.50000000000000        8630.864653491615        73.14707940894969        5351.821162845089        391664.6795195041        178.1793578742307       -8.499994975237938    
    99.50000000000000        8362.704292686232        73.01173408094235        5332.099442913603        389508.8048801261        178.1807175841991       -9.499994073478341    
    100.5000000000000        8096.451433701249        72.86173473208051        5310.285574333572        387128.9041662045        178.1820852600107       -10.49999316643630    
    101.5000000000000        7832.794096358456        72.69713159376970        5286.399913671046        384528.5917311086        178.1834618129010       -11.49999225350750    
    102.5000000000000        7572.354845513889        72.51798623254474        5260.465675353713        381711.9116795709        178.1848481768697       -12.49999133407252    
    103.5000000000000        7315.676744214804        72.32436215409975        5232.507492130241        378683.1697616564        178.1862453113291       -13.49999040749508    
    104.5000000000000        7063.253810938117        72.11633221128916        5202.552507054100        375447.0511931872        178.1876542038945       -14.49998947312019    
    105.5000000000000        6815.524275864322        71.89398042902680        5170.630608092339        372008.6395760495        178.1890758733363       -15.49998853027223    
    106.5000000000000        6572.872768459675        71.65739682894983        5136.773585662532        368373.3116663666        178.1905113727116       -16.49998757825282    
    107.5000000000000        6335.622384998674        71.40667880059543        5101.015313011814        364546.7514785597        178.1919617926976       -17.49998661633861    
    108.5000000000000        6104.059551920043        71.14194103600141        5063.393142718684        360535.0939228638        178.1934282651509       -18.49998564377899    
    109.5000000000000        5878.403674755554        70.86330048636997        5023.945653718218        356344.6680015872        178.1949119669168       -19.49998465979348    
    110.5000000000000        5658.833211012195        70.57088491386222        4982.713835762716        351982.1159899951        178.1964141239192       -20.49998366356904    
    111.5000000000000        5445.481595949926        70.26483738290366        4939.741686858281        347454.4489827870        178.1979360155611       -21.49998265425723    
    112.5000000000000        5238.441456580677        69.94530736771101        4895.074848126254        342768.8863149714        178.1994789794722       -22.49998163097091    
    113.5000000000000        5037.759242469363        69.61246114260655        4848.762006252497        337932.9935500051        178.2010444166425       -23.49998059278098    
    114.5000000000000        4843.445201364573        69.26647263599534        4800.853534190928        332954.5274560847        178.2026337969847       -24.49997953871261    
    115.5000000000000        4655.478771782371        68.90752564742181        4751.401717575925        327841.4470386013        178.2042486653767       -25.49997846774124    
    116.5000000000000        4473.810165106785        68.53581480886355        4700.460822112847        322601.9100561746        178.2058906482368       -26.49997737878830    
    117.5000000000000        4298.359740407622        68.15154261948879        4648.086550840472        317244.1990978214        178.2075614606961       -27.49997627071628    
    118.5000000000000        4129.032368008866        67.75492017659457        4594.336145950509        311776.7291080620        178.2092629144353       -28.49997514232373    
    119.5000000000000        3965.705419438560        67.34616049532706        4539.267303002396        306207.9146149878        178.2109969262681       -29.49997399233946    
    120.5000000000000        3808.253414824370        66.92549574434258        4482.940519420676        300546.4072494513        178.2127655275578       -30.49997281941626    
    121.5000000000000        3656.535790186962        66.49316116846593        4425.416768420259        294800.8410575285        178.2145708745703       -31.49997162212415    
    122.5000000000000        3510.399810842310        66.04939789688721        4366.757798877715        288979.8524822035        178.2164152598795       -32.49997039894276    
    123.5000000000000        3369.686598300154        65.59444888122817        4307.025529633261        283092.0111600810        178.2183011249557       -33.49996914825288    
    124.5000000000000        3234.237995416104        65.12857448266682        4246.284046751755        277146.0096336977        178.2202310740885       -34.49996786832742    
    125.5000000000000        3103.901415968738        64.65204211089096        4184.598108286367        271150.5010955107        178.2222078898181       -35.49996655732107    
    126.5000000000000        2978.511647127001        64.16511257459602        4122.031266486752        265113.9044176937        178.2242345500711       -36.49996521325887    
    127.5000000000000        2857.906118645049        63.66806859398393        4058.649521724688        259044.7550583853        178.2263142472328       -37.49996383402368    
    128.5000000000000        2741.926561659884        63.16119292963298        3994.518400769721        252951.4113956809        178.2284504094179       -38.49996241734210    
    129.5000000000000        2630.415662596303        62.64477160863304        3929.703248204322        246842.0717763815        178.2306467242458       -39.49996096076846    
    130.5000000000000        2523.212009658336        62.11909853968417        3864.269782197424        240724.8241650507        178.2329071654782       -40.49995946166749    
    131.5000000000000        2420.170422798292        61.58448359952396        3798.284928675736        234607.7086148494        178.2352360229296       -41.49995791719427    
    132.5000000000000        2321.140818592413        61.04124851893007        3731.816282658482        228498.6660556123        178.2376379361374       -42.49995632427188    
    133.5000000000000        2225.975652245386        60.48970509835832        3664.929293576432        222405.2672260300        178.2401179323566       -43.49995467956634    
    134.5000000000000        2134.535293216521        59.93018598380804        3597.690887857863        216335.0348445110        178.2426814695461       -44.49995297945805    
    135.5000000000000        2046.675254870660        59.36303076825650        3530.167792687844        210295.2943748750        178.2453344851325       -45.49995122000938    
    136.5000000000000        1962.262187862981        58.78857317685737        3462.424908851065        204293.0223832111        178.2480834514826       -46.49994939692797    
    137.5000000000000        1881.160055463222        58.20719498825297        3394.531406251511        198335.3664942732        178.2509354391898       -47.49994750552474    
    138.5000000000000        1803.239201513519        57.61921410383434        3326.547774365020        192428.5257629578        178.2538981894930       -48.49994554066578    
    139.5000000000000        1728.371427581899        57.02501549970116        3258.540846460613        186579.0479157364        178.2569801974087       -49.49994349671738    
    140.5000000000000        1656.438641979684        56.42496694497850        3190.573973179096        180792.9759372952        178.2601908074736       -50.49994136748238    
    141.5000000000000        1587.320852338018        55.81944007187300        3122.709486436936        175076.0679535065        178.2635403243932       -51.49993914612684    
    142.5000000000000        1520.906415970945        55.20882145702284        3055.009559445407        169433.8459688669        178.2670401413782       -52.49993682509500    
    143.5000000000000        1457.089140692749        54.59347419293040        2987.532361093390        163871.3138840224        178.2707028895618       -53.49993439601011    
    144.5000000000000        1395.756582894179        53.97381293078813        2920.339669648441        158393.5445416355        178.2745426126563       -54.49993184955855    
    145.5000000000000        1336.815099496039        53.35020029326243        2853.486151380729        153004.8513271780        178.2785749719693       -55.49992917535403    
    146.5000000000000        1280.162247343154        52.72305183418491        2787.029972450464        147709.6026671371        178.2828174881246       -56.49992636177716    
    147.5000000000000        1225.710920721140        52.09276858625348        2721.026201036315        142511.7457045155        178.2872898273943       -57.49992339578554    
    148.5000000000000        1173.378778886620        51.45971771372622        2655.524121191994        137414.5540187818        178.2920141425548       -58.49992026268780    
    149.5000000000000        1123.059151084143        50.82435445237330        2590.580611591135        132421.7322426385        178.2970154807824       -59.49991694587307    
    150.5000000000000        1074.712073419128        50.18704038900236        2526.240387343827        127535.8205078841        178.3023222744964       -60.49991342648537    
    151.5000000000000        1028.217763771426        49.54817602193539        2462.550782027891        122759.4277943703        178.3079669355205       -61.49990968302966    
    152.5000000000000        983.5425853845961        48.90819447879289        2399.559789385616        118094.9960840714        178.3139865788661       -62.49990569089181    
    153.5000000000000        940.5879450627993        48.26744466403282        2337.305497990834        113544.0980544334        178.3204239103731       -63.49990142174995    
    154.5000000000000        899.3159177206973        47.62638255567833        2275.834259253854        109108.7406290281        178.3273283231907       -64.49989684284722    
    155.5000000000000        859.6398784115139        46.98537664041822        2215.181826228119        104790.0016654347        178.3347572627650       -65.49989191608661    
    156.5000000000000        821.5282151768585        46.34483048915308        2155.385325027661        100588.9193724136        178.3427779403131       -66.49988659689451    
    157.5000000000000        784.9014059300202        45.70511686585353        2096.477381578387        96506.10546077523        178.3514695031985       -67.49988083278144    
    158.5000000000000        749.7296168161029        45.06662885633826        2038.489953358162        92541.96082936374        178.3609258109649       -68.49987456150093    
    159.5000000000000        715.9415638611348        44.42978723446228        1981.456216369325        88696.89749602150        178.3712590238291       -69.49986770866964    
    160.5000000000000        683.5089434608756        43.79498780892703        1925.404351035509        84970.82518268889        178.3826042952788       -70.49986018465530    
    161.5000000000000        652.3788798305394        43.16254296911161        1870.353869559791        81363.02027858631        178.3951259865265       -71.49985188045532    
    162.5000000000000        622.5043781322664        42.53289647964716        1816.333745574013        77873.28006864102        178.4090260115397       -72.49984266216227    
    163.5000000000000        593.8482341832330        41.90638141545900        1763.361584633879        74500.58409228903        178.4245552164834       -73.49983236341716    
    164.5000000000000        566.3737464095130        41.28340688834749        1711.459475982348        71244.11577358739        178.4420291638844       -74.49982077494126    
    165.5000000000000        540.0280042391256        40.66431612373945        1660.642620428036        68102.58463148546        178.4618504478082       -75.49980762973654    
    166.5000000000000        514.7953643861986        40.04943704823601        1610.922936365007        65074.42208021693        178.4845409262699       -76.49979258170903    
    167.5000000000000        490.6161783033673        39.43916607625137        1562.316542476100        62158.28921989952        178.5107894240952       -77.49977517403154    
    168.5000000000000        467.4657121307696        38.83381374142925        1514.831044976639        59352.29403713153        178.5415243221717       -78.49975479100121    
    169.5000000000000        445.3095063903856        38.23373641018436        1468.476060966399        56654.63122667002        178.5780276222377       -79.49973058238938    
    170.5000000000000        424.1116137535560        37.63921329038941        1423.254233090969        54063.09613979194        178.6221210442125       -80.49970134001607    
    171.5000000000000        403.8394291780837        37.05054408657266        1379.168035799385        51575.44244217093        178.6764834677128       -81.49966528721018    
    172.5000000000000        384.4628721212516        36.46807596195631        1336.222960788172        49189.63475544894        178.7452222817869       -82.49961969985999    
    173.5000000000000        365.9470324203330        35.89208768773537        1294.417451532675        46903.20528538818        178.8349720141595       -83.49956017772423    
    174.5000000000000        348.2589086139898        35.32277523365772        1253.743527928335        44713.38819859226        178.9571910995255       -84.49947912099107    
    175.5000000000000        331.3755168184607        34.76046690446261        1214.201563688652        42617.88264178072        179.1335196868460       -85.49936217623777    
    176.5000000000000        315.2649056293192        34.20535560102411        1175.781585656934        40613.87284639647        179.4103162127765       -86.49917859275638    
    177.5000000000000        299.8971974442301        33.65770073427313        1138.477495217882        38698.78382536228        179.9080416962954       -87.49884845397831    
    178.5000000000000        285.2498075728363        33.11766836778700        1102.276136626830        36869.72170857732        181.0676647459027       -88.49807909154343    
    179.5000000000000        271.2883720114294        32.58548823397256        1067.168109496062        35124.03277171283        186.8101105173859       -89.49426032750144    
    180.5000000000000        257.9891344159786        32.06136843922263        1033.142886062089        33459.11174721872        349.5260600271152       -89.49425042333729    
    181.5000000000000        245.3298323233836        31.54544669475295        1000.182941748253        31871.93755604745        355.2683545955282       -88.49806908646615    
    182.5000000000000        233.2822005956768        31.03790552604343        968.2753161702733        30359.90506189212        356.4279652808810       -87.49883844069423    
    183.5000000000000        221.8161539888575        30.53888298012671        937.4032962576814        28920.24445058418        356.9256873507886       -86.49916857720760    
    184.5000000000000        210.9165300682275        30.04847664544327        907.5475765980523        27550.13874093643        357.2024824710452       -85.49935215975653    
    185.5000000000000        200.5558546859686        29.56681949910969        878.6909058550248        26246.93322471347        357.3788103466178       -84.49946910403776    
    186.5000000000000        190.7117775483987        29.09396364542651        850.8115598563621        25007.86216571995        357.5010290225645       -83.49955016049944    
    187.5000000000000        181.3611588380797        28.63003667443467        823.8920727953894        23830.40847087966        357.5907784980434       -82.49960968246477    
    188.5000000000000        172.4844329429901        28.17500187139321        797.9057339443154        22711.73446970645        357.6595171404239       -81.49965526970109    
    189.5000000000000        164.0580327489481        27.72902172835729        772.8377982418339        21649.60829631636        357.7138794435336       -80.49969132242717    
    190.5000000000000        156.0646105268961        27.29203297402506        748.6604528926641        20641.29248568030        357.7579727778464       -79.49972056474233    
    191.5000000000000        148.4813200749986        26.86408036836428        725.3529938290123        19684.45744808752        357.7944760121085       -78.49974477331052    
    192.5000000000000        141.2935366896033        26.44518212738920        702.8931878155742        18776.76548920117        357.8252108595338       -77.49976515630723    
    193.5000000000000        134.4797646581281        26.03531077618155        681.2570891518247        17915.89917847047        357.8514593175426       -76.49978256395833    
    194.5000000000000        128.0245988427801        25.63445181741665        660.4218635513937        17099.65605489549        357.8741497641397       -75.49979761196469    
    195.5000000000000        121.9098283857216        25.24260895847278        640.3661713778699        16325.96825403148        357.8939710221667       -74.49981075715222    
    196.5000000000000        116.1194298781654        24.85967191676613        621.0633809513594        15592.63385619130        357.9114449482371       -73.49982234561396    
    197.5000000000000        110.6367303526616        24.48568099306588        602.4951901795057        14897.84542080814        357.9269741354032       -72.49983264434731    
    198.5000000000000        105.4477598810089        24.12047200483583        584.6335293385367        14239.48856472003        357.9408741454451       -71.49984186263043    
    199.5000000000000        100.5366053580073        23.76409808574809        567.4619955069323        13615.96286198224        357.9533958239671       -70.49985016682199    
    200.5000000000000        95.88924693351083        23.41632588510159        550.9503716193655        13025.20454100826        357.9647410845097       -69.49985769082909    
    201.5000000000000        91.49350604679877        23.07723862033349        535.0851517375796        12465.85075787722        357.9750742879552       -68.49986454365413    
    202.5000000000000        87.33466972495312        22.74658415230952        519.8365848589723        11935.97853166271        357.9845305875327       -67.49987081492921    
    203.5000000000000        83.40166998291969        22.42436071519558        505.1883164071187        11434.23441583075        357.9932221432544       -66.49987657903753    
    204.5000000000000        79.68188864160234        22.11041183163257        491.1168107072786        10959.04267772988        358.0012428145000       -65.49988189822547    
    205.5000000000000        76.16480070013596        21.80464238942936        477.6024178644774        10509.03044345442        358.0086717485009       -64.49988682498237    
    206.5000000000000        72.83834752018781        21.50692711569215        464.6246682970372        10082.84233971515        358.0155761563664       -63.49989140388182    
    207.5000000000000        69.69373601912505        21.21715530148883        452.1644176145660        9679.216444519745        358.0220134834539       -62.49989567302077    
    208.5000000000000        66.71980621365343        20.93519570132151        440.2023207302639        9296.931836113850        358.0280331228392       -61.49989966515595    
    209.5000000000000        63.90826055488684        20.66093158739170        428.7202679009421        8934.850272606682        358.0336777803012       -60.49990340860930    
    210.5000000000000        61.24955555382081        20.39421953508038        417.6996649922364        8591.860354927989        358.0389845707999       -59.49990692799489    
    211.5000000000000        58.73556529972802        20.13493282925217        407.1232378636936        8266.931796574381        358.0439859061161       -58.49991024480769    
    212.5000000000000        56.35817567020926        19.88293819287022        396.9740815014036        7959.084461898457        358.0487102186320       -57.49991337790367    
    213.5000000000000        54.10983835579169        19.63810061913862        387.2357648414846        7667.386607766958        358.0531825554929       -56.49991634389369    
    214.5000000000000        51.98336507174339        19.40027606900574        377.8920902065101        7390.947872573313        358.0574250694482       -55.49991915746909    
    215.5000000000000        49.97200687161053        19.16933642138565        368.9280815686109        7128.946979815772        358.0614574267470       -54.49992183167229    
    216.5000000000000        48.06932947620725        18.94514235120332        360.3288209542363        6880.592730352726        358.0652971479930       -53.49992437812261    
    217.5000000000000        46.26937851329036        18.72755876763394        352.0800898042576        6645.142839916785        358.0689598944766       -52.49992680720638    
    218.5000000000000        44.56642493447229        18.51644769941523        344.1680464303005        6421.891663246304        358.0724597098948       -51.49992912823719    
    219.5000000000000        42.95513338297533        18.31167628536408        336.5795453399015        6210.178722631506        358.0758092253677       -50.49993134959176    
    220.5000000000000        41.43047200330186        18.11311510666330        329.3020341560165        6009.383404358887        358.0790198340944       -49.49993347882587    
    221.5000000000000        39.98763777434051        17.92063147442204        322.3232671238034        5818.914765574949        358.0821018407700       -48.49993552277346    
    222.5000000000000        38.62215207720043        17.73409663117302        315.6315747910827        5638.218211725303        358.0850645899224       -47.49993748763164    
    223.5000000000000        37.32976178743932        17.55338344277818        309.2157525950642        5466.770745661700        358.0879165765599       -46.49993937903416    
    224.5000000000000        36.10651867854469        17.37836756721534        303.0650867915899        5304.080379442584        358.0906655419145       -45.49994120211491    
    225.5000000000000        34.94868494526200        17.20892614071215        297.1692862655966        5149.682923882733        358.0933185565731       -44.49994296156298    
    226.5000000000000        33.85268746564727        17.04493983737856        291.5185419173243        5003.142489596830        358.0958820928967       -43.49994466167069    
    227.5000000000000        32.81520713148836        16.88629179325686        286.1034654598682        4864.048555740736        358.0983620883071       -42.49994630637568    
    228.5000000000000        31.83312122487315        16.73286719017429        280.9150612904086        4732.014253944207        358.1007640007585       -41.49994789929758    
    229.5000000000000        30.90348741183767        16.58455467270264        275.9447623493639        4606.676391210884        358.1030928575019       -40.49994944377035    
    230.5000000000000        30.02358509734654        16.44124798641834        271.1844723011300        4487.695658664589        358.1053532980710       -39.49995094287086    
    231.5000000000000        29.19082577748605        16.30284224751681        266.6264077545502        4374.751254450991        358.1075496122769       -38.49995239944406    
    232.5000000000000        28.40275362767243        16.16923539761465        262.2631395643693        4267.541313642489        358.1096857738783       -37.49995381612531    
    233.5000000000000        27.65706192873355        16.04032635843205        258.0875182763571        4165.780306227227        358.1117654704919       -36.49995519536010    
    234.5000000000000        26.95160839915927        15.91601760151613        254.0927494933564        4069.200295584349        358.1137921302300       -35.49995653942194    
    235.5000000000000        26.28436485695676        15.79621448928987        250.2723575799713        3977.549326866973        358.1157689454755       -34.49995785042803    
    236.5000000000000        25.65340972277432        15.68082588099310        246.6201930300476        3890.590981854729        358.1176988941530       -33.49995913035315    
    237.5000000000000        25.05696462259635        15.56976405634125        243.1304207020391        3808.103575441578        358.1195847588009       -32.49996038104272    
    238.5000000000000        24.49338083677777        15.46294538965700        239.7975266711867        3729.879692719875        358.1214291437071       -31.49996160422390    
    239.5000000000000        23.96108952929214        15.36028695269178        236.6161992699407        3655.722819526851        358.1232344903402       -30.49996280151573    
    240.5000000000000        23.45863648857874        15.26171088800882        233.5814606123014        3585.450100937049        358.1250030912728       -29.49996397443867    
    241.5000000000000        22.98465006780351        15.16714131648491        230.6885552741743        3518.889151247355        358.1267371027694       -28.49996512442276    
    242.5000000000000        22.53786049239532        15.07650552417065        227.9329808807130        3455.878435998611        358.1284385561923       -27.49996625281508    
    243.5000000000000        22.11708077364126        14.98973420351132        225.3104873330544        3396.266887715572        358.1301093683538       -26.49996736088688    
    244.5000000000000        21.72119852653286        14.90676134896285        222.8170658179637        3339.913317691104        358.1317513509339       -25.49996844983968    
    245.5000000000000        21.34917094994725        14.82752392485006        220.4489294558779        3286.685607799707        358.1333662190626       -24.49996952081085    
    246.5000000000000        21.00002477594800        14.75196022291614        218.2024499449009        3236.458795014982        358.1349555991573       -23.49997057487904    
    247.5000000000000        20.67285447316383        14.68001124326284        216.0741985309854        3189.115886391924        358.1365210360952       -22.49997161306885    
    248.5000000000000        20.36681573801817        14.61162173303073        214.0609737940176        3144.548306265322        358.1380639997884       -21.49997263635500    
    249.5000000000000        20.08112228829885        14.54673937019563        212.1597695087767        3102.654893440974        358.1395858912259       -20.49997364566667    
    250.5000000000000        19.81504520850389        14.48531445390735        210.3677580446464        3063.341265803184        358.1410880480370       -19.49997464189100    
    251.5000000000000        19.56790987908483        14.42730020723378        208.6822955640632        3026.519771084561        358.1425717496244       -18.49997562587638    
    252.5000000000000        19.33908780330787        14.37265168525517        207.1008830203838        2992.108391323924        358.1440382219110       -17.49997659843588    
    253.5000000000000        19.12801096101060        14.32132760626766        205.6212194609100        2960.031848413491        358.1454886417420       -16.49997756035002    
    254.5000000000000        18.93413899639187        14.27328703839077        204.2410921210040        2930.218816797545        358.1469241409733       -15.49997851236932    
    255.5000000000000        18.75698562217876        14.22849209260033        202.9584583955167        2902.603758489089        358.1483458102819       -14.49997945521717    
    256.5000000000000        18.59611362956317        14.18690782886776        201.7714396397089        2877.126660460061        358.1497547027245       -13.49998038959201    
    257.5000000000000        18.45114777105562        14.14850424630412        200.6783799529588        2853.734303182563        358.1511518370710       -12.49998131616936    
    258.5000000000000        18.32173836529938        14.11325144943046        199.6776900660304        2832.376433407370        358.1525382009368       -11.49998223560426    
    259.5000000000000        18.20758077275134        14.08112262521849        198.7679383543852        2813.007836719409        358.1539147537335       -10.49998314853303    
    260.5000000000000        18.10840986234047        14.05209321032793        197.9478229248913        2795.587610355621        358.1552824294607       -9.499984055574997    
    261.5000000000000        18.02399615295927        14.02614044856179        197.2161557794181        2780.078722725409        358.1566421393538       -8.499984957334535    
    262.5000000000000        17.95413846422795        14.00324274174384        196.5718408534322        2766.447437774075        358.1579947744053       -7.499985854402595    
    263.5000000000000        17.89277081776592        13.98327906318074        196.0110129718414        2754.602101625564        358.1593412077764       -6.499986747358154    
    264.5000000000000        17.85747203493195        13.96654304160469        195.5416734025397        2744.706486842905        358.1606822971108       -5.499987636770051    
    265.5000000000000        17.83046309183072        13.95271462301899        195.1544098486347        2736.552772384195        358.1620188867661       -4.499988523198315    
    266.5000000000000        17.81761084570444        13.94188775546925        194.8516544151217        2730.187985294149        358.1633518099735       -3.499989407195440    
    267.5000000000000        17.81889255130899        13.93405333759408        194.6329526488904        2725.598329065360        358.1646818909396       -2.499990289308089    
    268.5000000000000        17.83432036570418        13.92920466220998        194.4979731432577        2722.773797907834        358.1660099469007       -1.499991170078309    
    269.5000000000000        17.86393684472014        13.92733652542846        194.4464785273524        2721.707464340289        358.1673367901399      -0.4999920500447023    
    270.5000000000000        17.90782841856802        13.92844817461934        194.4784163812029        2722.397587914508        358.1686632299795       0.5000070702559343    
    271.5000000000000        17.96612299207901        13.93254282832544        194.5939034985786        2724.847229809075        358.1699900747573        1.500006190287457    
    272.5000000000000        18.03896828123193        13.93962227425755        194.7930613029025        2729.060472590559        358.1713181337976        2.500005309513221    
    273.5000000000000        18.12656456842999        13.94969268199750        195.0761935629144        2735.046518850065        358.1726482193885        3.500004427394460    
    274.5000000000000        18.22914126582986        13.96276111253428        195.4436804408538        2742.817269210202        358.1739811487732        4.500003543389123    
    275.5000000000000        18.34697679301269        13.97883764135309        195.8960448379681        2752.388890092508        358.1753177461680        5.500002656950687    
    276.5000000000000        18.48036843816784        13.99793480655932        196.4339340784754        2763.781369340822        358.1766588448161        6.500001767526483    
    277.5000000000000        18.62965581426453        14.02006787024558        197.0581302263233        2777.018815892317        358.1780052890894        7.500000874556467    
    278.5000000000000        18.79520286604941        14.04525215366640        197.7694691391490        2792.127619133300        358.1793579366485        8.499999977471937    
    279.5000000000000        18.97746632285111        14.07350895260348        198.5690252963734        2809.140810705481        358.1807176606744        9.499999075693728    
    280.5000000000000        19.17693273386620        14.10485929375842        199.4579216109958        2828.093716027306        358.1820853521819        10.49999816863086    
    281.5000000000000        19.39413295218018        14.13932831125490        200.4374655210036        2849.027162104537        358.1834619224314        11.49999725567909    
    282.5000000000000        19.62964347086314        14.17694067556026        201.5090087299255        2871.984256886089        358.1848483054503        12.49999633621889    
    283.5000000000000        19.88410025203564        14.21772630951416        202.6741274921724        2897.014698862810        358.1862454606814        13.49999540961389    
    284.5000000000000        20.15817852858817        14.26171697930132        203.9345191872375        2924.172438896021        358.1876543757739        14.49999447520919    
    285.5000000000000        20.45262202044026        14.30894724096036        205.2920346494256        2953.516533432966        358.1890760695351        15.49999353232903    
    286.5000000000000        20.76821741450713        14.35945318396578        206.7486441933504        2985.110506527171        358.1905115950623        16.49999258027494    
    287.5000000000000        21.10585084873733        14.41327377784249        208.3064819534652        3019.023481928346        358.1919620430768        17.49999161832363    
    288.5000000000000        21.46648451280934        14.47045081518833        209.9678495096212        3055.330439356891        358.1934285454827        18.49999064572435    
    289.5000000000000        21.85113689927777        14.53102758503121        211.7351755472354        3094.111339334275        358.1949122791767        19.49998966169651    
    290.5000000000000        22.26088327868852        14.59505203582382        213.6111204109650        3135.453786704583        358.1964144701384        20.49998866542712    
    291.5000000000000        22.69689115796447        14.66257386475686        215.5984901574185        3179.451168387902        358.1979363978309        21.49998765606756    
    292.5000000000000        23.16041795380966        14.73364392939503        217.7002215079300        3226.202456879769        358.1994793999488        22.49998663273061    
    293.5000000000000        23.65285055363593        14.80831748419975        219.9194936388521        3275.815172200628        358.2010448775516        23.49998559448715    
    294.5000000000000        24.17566779732469        14.88665364602942        222.2597144656799        3328.405216463328        358.2026343006273        24.49998454036219    
    295.5000000000000        24.73045509612495        14.96871151000414        224.7244017346563        3384.094219132734        358.2042492141346        25.49998346933105    
    296.5000000000000        25.31891068669301        15.05455564120053        227.3173698410587        3443.014425525338        358.2058912445786        26.49998238031509    
    297.5000000000000        25.94286318533224        15.14425214733618        230.0426044256139        3505.305778986512        358.2075621071836        27.49998127217668    
    298.5000000000000        26.60428569982238        15.23787167772631        232.9043722903617        3571.119047347021        358.2092636137311        28.49998014371415    
    299.5000000000000        27.30529510857181        15.33548594166326        235.9071130119702        3640.613406080761        358.2109976811425        29.49997899365628    
    300.5000000000000        28.04815627852913        15.43717157739340        239.0555755891273        3713.960216399738        358.2127663408974        30.49997782065567    
    301.5000000000000        28.83531830330475        15.54300727683489        242.3547352523047        3791.341402285503        358.2145717493868        31.49997662328212    
    302.5000000000000        29.66938680399659        15.65307459041070        245.8098256395036        3872.950568650549        358.2164161993191        32.49997540001515    
    303.5000000000000        30.55316042477405        15.76745855762768        249.4263716823229        3958.994335683091        358.2183021323095        33.49997414923535    
    304.5000000000000        31.48965112282384        15.88624760091055        253.2101965558021        4049.692993335223        358.2202321528041        34.49997286921536    
    305.5000000000000        32.48204225480872        16.00953207589641        257.1673834439018        4145.280029462879        358.2222090435113        35.49997155810973    
    306.5000000000000        33.53383493134846        16.13740667906610        261.3043726266334        4246.005279666201        358.2242357825399        36.49997021394322    
    307.5000000000000        34.64873014303261        16.26996731901755        265.6278610579347        4352.132782687196        358.2263155624719        37.49996883459841    
    308.5000000000000        35.83072811747391        16.40731467427824        270.1449416417028        4463.945141134599        358.2284518116344        38.49996741780165    
    309.5000000000000        37.08407679988487        16.54955281964220        274.8630688004268        4581.743333124241        358.2306482178773        39.49996596110699    
    310.5000000000000        38.41327077838085        16.69678552473098        279.7899383358107        4705.844130910556        358.2329087552118        40.49996446187874    
    311.5000000000000        39.82328696848233        16.84912294827595        284.9337487213498        4836.588148415563        358.2352377137236        41.49996291727171    
    312.5000000000000        41.31930788937618        17.00668027012875        290.3031596833270        4974.339354258214        358.2376397332446        42.49996132420858    
    313.5000000000000        42.90698301722820        17.16956639211280        295.9069042614910        5119.475585067888        358.2401198413504        43.49995967935487    
    314.5000000000000        44.59247983314951        17.33790451643150        301.7545480077499        5272.410069730011        358.2426834963496        44.49995797909061    
    315.5000000000000        46.38229414581074        17.51181410802439        307.8558514505436        5433.575153403444        358.2453366360505        45.49995621947765    
    316.5000000000000        48.28358721958963        17.69141761885271        314.2210550235659        5603.431851779652        358.2480857332376        46.49995439622300    
    317.5000000000000        50.30394961291341        17.87683759046523        320.8607138812866        5782.464111650021        358.2509378589619        47.49995250463704    
    318.5000000000000        52.45144405456689        18.06821022200093        327.7863756923973        5971.203888258547        358.2539007549648        48.49995053958524    
    319.5000000000000        54.73502993683991        18.26565300147496        335.0091796765457        6170.186494641197        358.2569829168157        49.49994849543303    
    320.5000000000000        57.16371987194616        18.46930434106300        342.5415443682674        6380.005314800459        358.2601936896610        50.49994636598257    
    321.5000000000000        59.74839483823960        18.67930966058644        350.3966331016853        6601.297446525856        358.2635433788799        51.49994414439901    
    322.5000000000000        62.49887763289987        18.89576779190874        358.5861170928920        6834.673971451960        358.2670433784295        52.49994182312550    
    323.5000000000000        65.42805905644467        19.11886293744829        367.1257265092640        7080.897387453479        358.2707063202722        53.49993939378430    
    324.5000000000000        68.54707485263312        19.34868208314581        376.0276065792380        7340.641112162340        358.2745462490433        54.49993684706057    
    325.5000000000000        71.87106169449541        19.58540114190775        385.3081362966270        7614.738578725250        358.2785788270818        55.49993417256656    
    326.5000000000000        75.41293031514574        19.82914693267162        394.9822336943046        7904.007296827360        358.2828215761670        56.49993135868147    
    327.5000000000000        79.18872679715722        20.08004363873716        405.0651360726403        8209.301128322517        358.2872941638689        57.49992839236113    
    328.5000000000000        83.21559910447793        20.33827062508881        415.5751999713401        8531.612751933350        358.2920187444285        58.49992525891222    
    329.5000000000000        87.51040835580154        20.60392369698704        426.5275968617043        8871.859815756503        358.2970203666798        59.49992194172172    
    330.5000000000000        92.09327979523157        20.87715759531641        437.9408675593454        9231.113094133036        358.3023274649252        60.49991842193116    
    331.5000000000000        96.98478334584193        21.15812267389911        449.8338047880000        9610.484742737437        358.3079724531378        61.49991467804262    
    332.5000000000000        102.2059729387493        21.44691262190408        462.2234987997587        10011.07558103419        358.3139924487923        62.49991068543881    
    333.5000000000000        107.7831647364464        21.74370816161596        475.1315471039827        10434.18149869034        358.3204301605654        63.49990641579404    
    334.5000000000000        113.7384840463424        22.04857751556681        488.5751271515295        10880.99200519334        358.3273349848902        64.49990183634708    
    335.5000000000000        120.1019300303648        22.36168288606712        502.5763983639893        11352.91778381257        358.3347643710349        65.49989690899598    
    336.5000000000000        126.8999934445141        22.68313505761051        517.1559138838368        11851.36622791250        358.3427855346923        66.49989158916121    
    337.5000000000000        134.1663538450102        23.01302744808853        532.3340146652796        12377.78729695681        358.3514776285007        67.49988582434625    
    338.5000000000000        141.9316217266650        23.35147490669086        548.1328570378284        12933.75499691931        358.3609345182636        68.49987955229648    
    339.5000000000000        150.2348004721238        23.69856690056089        564.5739954768220        13520.87640526069        358.3712683716848        69.49987269861867    
    340.5000000000000        159.1097465812822        24.05440458178036        581.6803492218385        14140.87339420882        358.3826143512808        70.49986517366862    
    341.5000000000000        168.5993091349613        24.41906938462590        599.4745381842400        14795.51810224882        358.3951368292543        71.49985686842933    
    342.5000000000000        178.7463286545137        24.79263086697693        617.9792180963057        15486.64820399289        358.4090377330859        72.49984764897555    
    343.5000000000000        189.5975072487132        25.17515404642414        637.2176321170152        16216.19617385564        358.4245679257451        73.49983734892614    
    344.5000000000000        201.1997896011596        25.56669643315075        657.2130879867717        16986.15913888364        358.4420429909214        74.49982575897464    
    345.5000000000000        213.6054286751993        25.96730551782740        677.9892161033257        17798.62675880315        358.4618655497114        75.49981261208750    
    346.5000000000000        226.8708071888111        26.37701786363333        699.5695988642960        18655.75776434273        358.4845574952144        76.49979756212456    
    347.5000000000000        241.0525040129214        26.79588408421863        721.9792558196001        19559.84852294369        358.5108076986338        77.49978015219786    
    348.5000000000000        256.2167160697959        27.22388445267388        745.2398791118744        20513.13355843484        358.5415446034684        78.49975976652242    
    349.5000000000000        272.4290821591759        27.66103286634728        769.3755352279525        21518.02580843407        358.5780502980847        79.49973555475599    
    350.5000000000000        289.7599643197208        28.10732698747339        794.4099251080980        22577.00429190384        358.6221466257815        80.49970630855725    
    351.5000000000000        308.2866032021568        28.56275108698334        820.3663662312249        23692.61132148526        358.6765126481034        81.49967025101728    
    352.5000000000000        328.0861959917458        29.02722628662226        847.2648986511778        24867.32589246057        358.7452560339717        82.49962465765914    
    353.5000000000000        349.2440047462709        29.50070770412577        875.1278209974433        26103.80625676829        358.8350117650716        83.49956512765046    
    354.5000000000000        371.8517987756774        29.98316699044724        903.9788715739890        27404.86493359822        358.9572390643718        84.49948406015540    
    355.5000000000000        396.0060129165880        30.47445904793529        933.8346629349958        28773.05779409558        359.1335795804194        85.49936709981024    
    356.5000000000000        421.8049478779768        30.97449261163531        964.7152159074590        30211.17623135336        359.4103949959476        86.49918349172619    
    357.5000000000000        449.3548416354611        31.48312841352775        996.6377607609481        31721.96546674155        359.9081549036720        87.49885330837451    
    358.5000000000000        478.7607063377610        32.00022037036040        1029.618544615765        33308.17251770993        1.067870286953096        88.49808384059764    
    359.5000000000000        510.1471214956669        32.52564672274893        1063.675851471027        34972.74591675247        6.810761842168357        89.49426452686674    
