 # author: MA Kubiak / Space Research Center PAS Warsaw Poland, contact: mkubiak@cbk.waw.pl                          
 # code version Program.keplerV_ellipt_V2      , Dates: calkV:20/04/2026  ; part_pr:20/04/2026                       
 # czas no T v_mas, kier.naplywu(dl, szer) macierz obrotu (ecl to helio), r, theta, phi(ecl,spher), V_detector(ecl,cart), IBEX_energy_channel
 #     2026.005325000000        0.8088930000000000E-03     9480.000000000000        -11.28000000301609         251.5700000000000         11.95000000000000        0.2459841265748581        0.9692738567985851         0.000000000000000       -0.9615244635393438        0.2440174711049008        0.1261989691358298        0.1223213615382913       -0.3104294319752456E-01    0.9920049496797150        0.9749380000000000         102.2880890000000       -0.3515299999999999E-01    -29.05200000000000        -6.376000000000000       -0.2000000000000000E-02 00
 # routs_end= 150.00;    Maxwellian,    elliptOrb=Off                                                                                        
 # Numerical parameters: GridKl=10  GridKf=09  GridKV=05  epsV= 0.0000100  epssJon=.0010000                                                  
 # Numerical parameters: GridKl=10  GridKf=09  GridKV=05  epsV= 0.0000100  epssJon=.0010000; tessel128                                                                                                                                                                                                                                                                                                                                                                                                                                                                 
# Axis to the Sun: alpha_ecl= 278.1790000000000000 delta_Ecl= 0.0760000000000000 delta_Ax= 105.0000000000000000  repoint= 00097
 #  flag_atom: He                                                   
 #  flag_general:                                                   
 #                                                                  
 #                                                                  
  # Ly_a_Profil: zero                                               
  # flag_Itot: zero                                                 
 #  v_SW_Eqtr: speed3D.hybrid2026c_patched.dat                      
 #  n_SW_Eqtr: density3D.hybrid2026c_patched.dat                    
 #  phot_Eqtr: 0.8500000  phion_Helium_T12F107_2026c.dat            
 #  sigma_SW: p+He->H +He+, He + alpha (2 chnls);src:simuLosses.nb  
 #  flag_el:slow  swEqtrElectrons5.2026c.patched.dat                
 #  SW_lati: interpolation                                          
 #  phot_lati: analit pole-flattened after Pryor & Auchere          
 #
 #
 #
 #Spin  flux speed	speed^2 speed^3    long_ecl lat_ecl
   0.5000000000000000        105.6516548649435        31.83042911647173        1018.254258617182        32735.57707836829        100.0351670893398        74.91589770844415    
    1.500000000000000        111.5852810587630        32.34336752351782        1051.317446394538        34341.85900291087        103.7314360107809        74.85125538813755    
    2.500000000000000        117.8791135071051        32.86403482854364        1085.414064672965        36024.73252588978        107.3803508182100        74.72279164369401    
    3.500000000000000        124.5559738667301        33.39226477984861        1120.556785681074        37786.81752568924        110.9529471018193        74.53209724388449    
    4.500000000000000        131.6399397054330        33.92785281174840        1156.755313067401        39630.63605553837        114.4238392182406        74.28143797571930    
    5.500000000000000        139.1556378314528        34.47062093897635        1194.020610381718        41558.81974210327        117.7720674612889        73.97362858327051    
    6.500000000000000        147.1322250382354        35.02030490673772        1232.356965706396        43573.68822760166        120.9815067251784        73.61189068199982    
    7.500000000000000        155.5949781322797        35.57664406923048        1271.768291201710        45677.57995593354        124.0408676071023        73.19970937488061    
    8.500000000000000        164.5775165048784        36.13942072014539        1312.260663796024        47872.97399582202        126.9433718933730        72.74070053025872    
    9.500000000000000        174.1115311734121        36.70831546923799        1353.831803903573        50161.90980569075        129.6862078499374        72.23849673184081    
    10.50000000000000        184.2301047146337        37.28307840336809        1396.483585902897        52546.67297870327        132.2698697698494        71.69665586934363    
    11.50000000000000        194.9701619900927        37.86338972540037        1440.211526429378        55029.19587249228        134.6974690591566        71.11859296208198    
    12.50000000000000        206.3711466302632        38.44894390594764        1485.011106729438        57611.41002458315        136.9740798262449        70.50753344196272    
    13.50000000000000        218.4711353191367        39.03942340624283        1530.875572438283        60295.10480640983        139.1061575423091        69.86648477600284    
    14.50000000000000        231.3170108000574        39.63447208749911        1577.793800410077        63081.79426945587        141.1010489887992        69.19822279392402    
    15.50000000000000        244.9522854086161        40.23375789424925        1625.755096487628        65972.98709421029        142.9665969356689        68.50528914708528    
    16.50000000000000        259.4251581966290        40.83691630231441        1674.744526261757        68969.89196135974        144.7108336201785        67.78999671988161    
    17.50000000000000        274.7850867651327        41.44359926126648        1724.747011479339        72073.66766957867        146.3417520902523        67.05444035730808    
    18.50000000000000        291.0876166945293        42.05340728366373        1775.741538048181        75285.04590913816        147.8671425828363        66.30051083848076    
    19.50000000000000        308.3869700242528        42.66598398940554        1827.708737681786        78604.77941349949        149.2944811896986        65.52991054452427    
    20.50000000000000        326.7416348950601        43.28091404753387        1880.622633059808        82033.13355932491        150.6308592410556        64.74416970791759    
    21.50000000000000        346.2124532028797        43.89780754414264        1934.457443444541        85570.29061654219        151.8829435025397        63.94466248118940    
    22.50000000000000        366.8618687653376        44.51625939551865        1989.184215447721        89216.13006543313        153.0569590519225        63.13262233142762    
    23.50000000000000        388.7570452234776        45.13584985683067        2044.770663462946        92970.19680993144        154.1586883648876        62.30915646527919    
    24.50000000000000        411.9649418415976        45.75616919380375        2101.183479095971        96831.85484382049        155.1934815926850        61.47525913053099    
    25.50000000000000        436.5550449189178        46.37680435664223        2158.386969981177        100800.1740325775        156.1662742265846        60.63182373783705    
    26.50000000000000        462.6008433328314        46.99735452651286        2216.344697804608        104874.0494059486        157.0816093213578        59.77965381075050    
    27.50000000000000        490.1747349747531        47.61736242751886        2275.012606574986        109051.6775686148        157.9436622181753        58.91947281289631    
    28.50000000000000        519.3505018649875        48.23643261993333        2334.350646835209        113331.4045658885        158.7562662988703        58.05193292485188    
    29.50000000000000        550.2022698571878        48.85414018028536        2394.313763447069        117711.0467890892        159.5229387513173        57.17762285533740    
    30.50000000000000        582.8048302822334        49.47004951620416        2454.853868564519        122188.0388231507        160.2469056594759        56.29707477551452    
    31.50000000000000        617.2329071346157        50.08375047227253        2515.923377789584        126759.6843191097        160.9311259768619        55.41077046432319    
    32.50000000000000        653.5597198493305        50.69482639918336        2577.472033190671        131422.9081977211        161.5783141196610        54.51914674880579    
    33.50000000000000        691.8559701891478        51.30287220385608        2639.448832110943        136174.4034206963        162.1909610420367        53.62260031762304    
    34.50000000000000        732.1878242668573        51.90746710383468        2701.799183848826        141010.3993466543        162.7713537443803        52.72149197936592    
    35.50000000000000        774.6187451650466        52.50821434513420        2764.469153892548        145926.9933111867        163.3215932253271        51.81615043041158    
    36.50000000000000        819.2066772670307        53.10470942792471        2827.402124926264        150919.8792317822        163.8436109279166        50.90687559033318    
    37.50000000000000        866.0044634880753        53.69656664666387        2890.541742809663        155984.5853811774        164.3391837550168        49.99394155648289    
    38.50000000000000        915.0533235346475        54.28339302278810        2953.829037131399        161116.2275924446        164.8099477433388        49.07759922344724    
    39.50000000000000        966.3875695527474        54.86481465593364        3017.205574759685        166309.7842170188        165.2574104921771        48.15807860768074    
    40.50000000000000        1020.031638893884        55.44045996572687        3080.611603987045        171559.9348791738        165.6829624447407        47.23559091276879    
    41.50000000000000        1075.997663154785        56.00996439645368        3143.986661027587        176861.1121705690        166.0878871182664        46.31033036644092    
    42.50000000000000        1134.281717564453        56.57297079814193        3207.269666030625        182207.5091295010        166.4733703752421        45.38247585661806    
    43.50000000000000        1194.863699863819        57.12912471049957        3270.398473035038        187593.0426117998        166.8405088228745        44.45219239039361    
    44.50000000000000        1257.706636458471        57.67809136083656        3333.311936535616        193011.5365204847        167.1903174220254        43.51963239687640    
    45.50000000000000        1322.753629770718        58.21953333351848        3395.947445648621        198456.5138307849        167.5237363806263        42.58493689221968    
    46.50000000000000        1389.923738055115        58.75312122122291        3458.242157644434        203921.3003035899        167.8416374003607        41.64823652288334    
    47.50000000000000        1459.116688430652        59.27854216991194        3520.134211842904        209399.1471788671        168.1448293393503        40.70965250118947    
    48.50000000000000        1530.204740532477        59.79549230858188        3581.561890632462        214883.1588438877        168.4340633478247        39.76929744549636    
    49.50000000000000        1603.033997364778        60.30368590637041        3642.464860365991        220366.4154996238        168.7100375283580        38.82727613580468    
    50.50000000000000        1677.421327656507        60.80283524854504        3702.781797167984        225841.7615001011        168.9734011672527        37.88368619429080    
    51.50000000000000        1753.159356661288        61.29266621544419        3762.452397977199        231301.9982873956        169.2247585790542        36.93861869911277    
    52.50000000000000        1830.006435024023        61.77291385581402        3821.416907113041        236739.8465040790        169.4646726019841        35.99215873883220    
    53.50000000000000        1907.692923388031        62.24332152919313        3879.616078314813        242147.9485225136        169.6936677782655        35.04438591391982    
    54.50000000000000        1985.920578699404        62.70364256628936        3936.991577899846        247518.9249190257        169.9122332498662        34.09537479104922    
    55.50000000000000        2064.367501571128        63.15365613961288        3993.488043476445        252845.5753828537        170.1208253970701        33.14519531521498    
    56.50000000000000        2142.686885570381        63.59315056060881        4049.051078567785        258120.6993684918        170.3198702444905        32.19391318412805    
    57.50000000000000        2220.506626491806        64.02191291473568        4103.626014944020        263336.9868397751        170.5097656566179        31.24159018883003    
    58.50000000000000        2297.441096947625        64.43974729956483        4157.160345675808        268487.2633326268        170.6908833427398        30.28828452402010    
    59.50000000000000        2373.080711631649        64.84646378288136        4209.602364648232        273564.3663772900        170.8635706890446        29.33405107119523    
    60.50000000000000        2446.999467298767        65.24186442282920        4260.899392334368        278560.9788829470        171.0281524339088        28.37894165736031    
    61.50000000000000        2518.762289966308        65.62577124012421        4311.001523483470        283470.0077400012        171.1849322007414        27.42300529176036    
    62.50000000000000        2587.939880283491        65.99801194413467        4359.859855753778        288284.4223552013        171.3341939013081        26.46628838282129    
    63.50000000000000        2654.094536736875        66.35841616360634        4407.426025715003        292997.2149711914        171.4762030211525        25.50883493725012    
    64.50000000000000        2716.788737447103        66.70682247727697        4453.653211659525        297601.5103706489        171.6112077975674        24.55068674303845    
    65.50000000000000        2775.591290829592        67.04307954352262        4498.496337838202        302090.5946713524        171.7394402995236        23.59188353792982    
    66.50000000000000        2830.085008274071        67.36703551339207        4541.910709795720        306457.7867956206        171.8611174180270        22.63246316475047    
    67.50000000000000        2879.862985887062        67.67854747508494        4583.853352650462        310696.5835126133        171.9764417745347        21.67246171485909    
    68.50000000000000        2924.538695256654        67.97746900124248        4624.281327737378        314800.4918333456        172.0856025543057        20.71191366084538    
    69.50000000000000        2963.753049844860        68.26366977797885        4663.154516881867        318763.3286392470        172.1887762708847        19.75085197949447    
    70.50000000000000        2997.184013014609        68.53702917656121        4700.434808536139        322579.1471398553        172.2861274673091        18.78930826593477    
    71.50000000000000        3024.546308920715        68.79744045238874        4736.086701842314        326242.3051815414        172.3778093590771        17.82731283979853    
    72.50000000000000        3045.595873894255        69.04479528951633        4770.075239493374        329747.2612682357        172.4639644234252        16.86489484414599    
    73.50000000000000        3060.139964697051        69.27899640539222        4802.367759699885        333088.7605256599        172.5447249390110        15.90208233783394    
    74.50000000000000        3068.033784825167        69.49995088482801        4832.933047529930        336261.7575860252        172.6202134796997        14.93890238194756    
    75.50000000000000        3069.189561086740        69.70757124489843        4861.741526087188        339261.4442565863        172.6905433657811        13.97538112085983    
    76.50000000000000        3063.579181257905        69.90177542528393        4888.765299531310        342083.2617769392        172.7558190756178        13.01154385843266    
    77.50000000000000        3051.239562099528        70.08248376153637        4913.977743880678        344722.8621757572        172.8161366204194        12.04741512983133    
    78.50000000000000        3032.268436995840        70.24961546268301        4937.353004524878        347176.0573742493        172.8715838845658        11.08301876938474    
    79.50000000000000        3006.814874752516        70.40310136549114        4958.867879732874        349439.0302278890        172.9222409336499        10.11837797488932    
    80.50000000000000        2975.091390852829        70.54286696259155        4978.499412688430        351508.0806090604        172.9681802921807        9.153515368724452    
    81.50000000000000        2937.356114969458        70.66884006226853        4996.226019957265        353379.7523199662        173.0094671926778        8.188453056120336    
    82.50000000000000        2893.911433911416        70.78095376797356        5012.027926044290        355050.8828306349        173.0461597976903        7.223212680894982    
    83.50000000000000        2841.736802018459        70.87725081949617        5025.616963140912        356489.7109878755        173.0783093960951        6.257815478956910    
    84.50000000000000        2791.321159928598        70.96335274972159        5037.786412363797        357780.2413203432        173.1059605748619        5.292282329851592    
    85.50000000000000        2732.970836820054        71.03351878038340        5047.710974483930        358833.4889228421        173.1291513673118        4.326633806613910    
    86.50000000000000        2670.488901575833        71.08958658385998        5055.646787136448        359676.2401741543        173.1479133787527        3.360890224175537    
    87.50000000000000        2604.321674830810        71.13150860523568        5061.582414625012        360306.7856228538        173.1622718902329        2.395071686564898    
    88.50000000000000        2534.927547331322        71.15924345588917        5065.508468712715        360723.7562379234        173.1722459410205        1.429198133127461    
    89.50000000000000        2462.765899469657        71.17275501510957        5067.417487286405        360926.1118524079        173.1778483902911       0.4632893839869422    
    90.50000000000000        2388.294464940274        71.17200969123753        5067.303567034352        360913.1048453205        173.1790859583797      -0.5026348150379455    
    91.50000000000000        2311.969515140684        71.15698139002181        5065.163079566407        360684.3578012382        173.1759592478359       -1.468554747851009    
    92.50000000000000        2234.235568029485        71.12765030643622        5060.994513015829        360239.8479941221        173.1684627444002       -2.434450683622392    
    93.50000000000000        2155.523782311219        71.08399918503768        5054.797918457119        359579.8456739511        173.1565847979043       -3.400302832251637    
    94.50000000000000        2076.252859014884        71.02601903542138        5046.575768327544        358705.0101308239        173.1403075829803       -4.366091299542591    
    95.50000000000000        1996.812275266642        70.95370633661682        5036.332526879691        357616.3394659365        173.1196070393452       -5.331796041880120    
    96.50000000000000        1917.571559848576        70.86706139084249        5024.074415226895        356315.1444936137        173.0944527913077       -6.297396820194689    
    97.50000000000000        1838.872877891453        70.76609542397223        5009.810437997802        354803.1587937733        173.0648080460208       -7.262873152995565    
    98.50000000000000        1761.030009666951        70.65082315779944        4993.551296976267        353082.4179562735        173.0306294698743       -8.228204268245635    
    99.50000000000000        1684.326795270520        70.52126464898801        4975.309642807066        351155.2836806526        172.9918670422910       -9.193369053841996    
    100.5000000000000        1609.020248817967        70.37744530344690        4955.100081508997        349024.4428606499        172.9484638860476       -10.15834600645494    
    101.5000000000000        1535.338609509927        70.21940084599200        4932.939855629230        346692.9753494788        172.9003560730958       -11.12311317846531    
    102.5000000000000        1463.476157732694        70.04717057557355        4908.847855453695        344164.2427497662        172.8474724046997       -12.08764812272423    
    103.5000000000000        1393.598986309358        69.86079663814141        4882.844493814507        341441.8700867232        172.7897341645395       -13.05192783484157    
    104.5000000000000        1325.851242940431        69.66033688693180        4854.953540029115        338529.9392422716        172.7270548432479       -14.01592869268928    
    105.5000000000000        1260.342189890541        69.44584779321235        4825.199609713036        335432.7095528941        172.6593398326530       -14.97962639278198    
    106.5000000000000        1197.161549612349        69.21740250510804        4793.610713998269        332154.8846767638        172.5864860877878       -15.94299588317076    
    107.5000000000000        1136.376208088683        68.97508316833074        4760.217144969367        328701.4881171862        172.5083817544959       -16.90601129245643    
    108.5000000000000        1078.024006147639        68.71898098413945        4725.051406923726        325077.8442260047        172.4249057602116       -17.86864585449422    
    109.5000000000000        1022.129251356145        68.44920202955097        4688.149005498576        321289.6550711448        172.3359273652180       -18.83087182832348    
    110.5000000000000        968.6950674938220        68.16586242655616        4649.547667386853        317342.9039134720        172.2413056713802       -19.79266041281360    
    111.5000000000000        917.7061825795284        67.86909760072618        4609.288610082040        313243.9822788564        172.1408890850234       -20.75398165546807    
    112.5000000000000        869.1315043779407        67.55904650106933        4567.414266492477        308999.4404979904        172.0345147302517       -21.71480435477441    
    113.5000000000000        822.9318988450124        67.23585960605232        4523.969313660610        304616.0827237754        171.9220078086031       -22.67509595542637    
    114.5000000000000        779.0537178339376        66.89970267779148        4479.001157679640        300101.0102818922        171.8031809004834       -23.63482243567555    
    115.5000000000000        737.4321878918889        66.55075443721350        4432.559476094541        295461.5566192223        171.6778332033248       -24.59394818599173    
    116.5000000000000        697.9984034937012        66.18919324654736        4384.694376600804        290705.0930141651        171.5457497008631       -25.55243587812399    
    117.5000000000000        660.6749593899476        65.81520509119343        4335.457378891529        285839.1150305689        171.4067002573110       -26.51024632355543    
    118.5000000000000        625.3825272552729        65.42897859596266        4284.900695232684        280871.1617869966        171.2604386295235       -27.46733832023350    
    119.5000000000000        592.0378788401067        65.03072935680893        4233.080404846992        275809.1235781669        171.1067013894888       -28.42366848633175    
    120.5000000000000        560.5571761000731        64.62066655121225        4180.051903128946        270660.7737560610        170.9452067486298       -29.37919107965694    
    121.5000000000000        530.8568777677933        64.19902112799349        4125.873587393065        265434.1277771125        170.7756532744534       -30.33385780115543    
    122.5000000000000        502.8531791849315        63.76603079517524        4070.604733977209        260137.2166683084        170.5977184890296       -31.28761758078944    
    123.5000000000000        476.4632932344808        63.32193836870722        4014.305220691852        254778.0517176066        170.4110573375983       -32.24041634384936    
    124.5000000000000        451.6055091456862        62.86700797206385        3957.037483340817        249364.7993343111        170.2153005142842       -33.19219675553346    
    125.5000000000000        428.1986534824177        62.40148411677214        3898.861196351558        243905.2606472424        170.0100526304232       -34.14289794136064    
    126.5000000000000        406.1660404154674        61.92565774684358        3839.841631581656        238407.6643719923        169.7948902093540       -35.09245518068041    
    127.5000000000000        385.4322571207347        61.43982258684945        3780.043939204077        232880.1048165035        169.5693594896825       -36.04079957020044    
    128.5000000000000        365.9229679259756        60.94424082961202        3719.528782975789        227330.1248382530        169.3329740169675       -36.98785765405935    
    129.5000000000000        347.5699590064978        60.43926739398315        3658.367769800320        221766.1535631713        169.0852120014679       -37.93355101652634    
    130.5000000000000        330.3037502328136        59.92516398227018        3596.620143173812        216195.3164660456        168.8255134170240       -38.87779583289875    
    131.5000000000000        314.0617653562005        59.40228547609616        3534.355974393678        210625.5996410845        168.5532768132732       -39.82050237358354    
    132.5000000000000        298.7820238566035        58.87094006205850        3471.638593379499        205064.1987430452        168.2678558102099       -40.76157445568274    
    133.5000000000000        284.4039383605751        58.33146228983543        3408.533591251997        199518.3529328425        167.9685552405506       -41.70090883563613    
    134.5000000000000        270.8737635869425        57.78422131656956        3345.109666904556        193995.4101353011        167.6546269014333       -42.63839453559823    
    135.5000000000000        258.1386796670578        57.22955939644508        3281.431031381452        188502.1283528257        167.3252648726386       -43.57391209521980    
    136.5000000000000        246.1478629013799        56.66783448564534        3217.562597806743        183045.1531050040        166.9796003537509       -44.50733273935029    
    137.5000000000000        234.8541091843333        56.09941906423100        3153.569614582053        177630.9689373398        166.6166959674612       -45.43851745084989    
    138.5000000000000        224.2124421998437        55.52467683922393        3089.514844614265        172265.6493706767        166.2355394705624       -46.36731593617770    
    139.5000000000000        214.1818149122397        54.94400902921844        3025.463854048425        166955.3147930158        165.8350368081157       -47.29356546967306    
    140.5000000000000        204.7229877068058        54.35781381883072        2961.480414144272        161705.7479334405        165.4140044398425       -48.21708960043753    
    141.5000000000000        195.7979757433825        53.76646295902608        2897.623418300961        156522.0992740494        164.9711608611131       -49.13769670342142    
    142.5000000000000        187.3724067385783        53.17036864964270        2833.954733406983        151409.5885116109        164.5051172341383       -50.05517835367746    
    143.5000000000000        179.4131220624342        52.56995759870401        2770.536051933802        146373.2233081151        164.0143670383935       -50.96930749972184    
    144.5000000000000        171.8897693711279        51.96562039562452        2707.423248897869        141417.3345892000        163.4972746433009       -51.87983640849624    
    145.5000000000000        164.7731763789335        51.35776469471479        2644.672188481103        136546.0628465452        162.9520627013690       -52.78649435050105    
    146.5000000000000        158.0364655886999        50.74681702674416        2582.338790945996        131763.3606045665        162.3767982571522       -53.68898498923058    
    147.5000000000000        151.6542831539942        50.13317690924120        2520.474257021030        127072.6270488451        161.7693774677429       -54.58698343404284    
    148.5000000000000        145.6028465517005        49.51726927251744        2459.130429916383        122477.1283332999        161.1275088356871       -55.48013291002038    
    149.5000000000000        139.8605266410395        48.89950837130201        2398.356074024846        117979.7192237184        160.4486948675077       -56.36804099221992    
    150.5000000000000        134.4066304942550        48.28031025370976        2338.198125813649        113582.9450567788        159.7302120935551       -57.25027534501627    
    151.5000000000000        129.2223654921764        47.66008941026040        2278.701378576113        109289.0291760336        158.9690894219503       -58.12635890012162    
    152.5000000000000        124.2894538117255        47.03922820687789        2219.905566076371        105099.6727442833        158.1620848566882       -58.99576439951528    
    153.5000000000000        119.5928956326588        46.41817420263107        2161.854699699154        101016.7367806932        157.3056606952175       -59.85790822230393    
    154.5000000000000        115.1162438489375        45.79732421605880        2104.585800436051        97041.42870370856        156.3959574441931       -60.71214340802092    
    155.5000000000000        110.8447036407242        45.17706580320137        2048.133177107865        93174.64057656901        155.4287668669259       -61.55775178394402    
    156.5000000000000        106.7667391880900        44.55782100346210        1992.532323450487        89417.21803904705        154.3995048194854       -62.39393510199069    
    157.5000000000000        102.8707678346691        43.93999610540573        1937.815447407460        85769.67186090877        153.3031848661520       -63.21980509356967    
    158.5000000000000        99.14247168040210        43.32392657935289        1884.006177009154        82231.80166315137        152.1343941156761       -64.03437236119927    
    159.5000000000000        95.57444497035758        42.71005589608393        1831.136381469116        78803.89656585627        150.8872733193299       -64.83653404763668    
    160.5000000000000        92.15548231375487        42.09872748872611        1779.226878062631        75485.39511674395        149.5555040556783       -65.62506026203614    
    161.5000000000000        88.87753570389160        41.49032619153483        1728.300437571153        72275.79405958933        148.1323068318795       -66.39857930541999    
    162.5000000000000        85.73193545937956        40.88519604792990        1678.374893416588        69174.21984056865        146.6104551880015       -67.15556183380302    
    163.5000000000000        82.71211091671954        40.28376844664236        1629.473365033525        66180.04762820613        144.9823124125837       -67.89430423827021    
    164.5000000000000        79.80922483422057        39.68629670406408        1581.602838125355        63291.60876945898        143.2398992399045       -68.61291172088201    
    165.5000000000000        77.01764202457461        39.09322617243344        1534.784235211313        60508.03633023777        141.3750028080807       -69.30928181830006    
    166.5000000000000        74.33157057468077        38.50482442690357        1489.023025731424        57827.51300165237        139.3793390028417       -69.98108948506919    
    167.5000000000000        71.74392109905797        37.92144711046085        1444.329773338046        55248.47158384240        137.2447817098980       -70.62577530337016    
    168.5000000000000        69.25159678097481        37.34338703868625        1400.709353822529        52769.02494864566        134.9636728218484       -71.24053893017572    
    169.5000000000000        66.84861276966510        36.77094174274517        1358.165642406147        50387.21261163434        132.5292251692595       -71.82234049557492    
    170.5000000000000        64.53011205072028        36.20441620891950        1316.701815095884        48101.02804345416        129.9360256507268       -72.36791325694325    
    171.5000000000000        62.29365429176646        35.64403500550878        1276.313995015936        45908.07678184602        127.1806363393671       -72.87379126537007    
    172.5000000000000        60.13350434448146        35.09008587431235        1237.002359632899        43806.22357237196        124.2622760480102       -73.33635591796218    
    173.5000000000000        58.04768947435378        34.54275371236041        1198.758485225000        41792.87288931999        121.1835433957608       -73.75190479433428    
    174.5000000000000        56.03159899300703        34.00234720754047        1161.582267797850        39865.91791806733        117.9511162894573       -74.11674482618908    
    175.5000000000000        54.08377653362891        33.46899951935880        1125.460384768370        38022.57828286929        114.5763361750824       -74.42730940855385    
    176.5000000000000        52.20187561972872        32.94299244585805        1090.389268616280        36260.62551703546        111.0755659651069       -74.68029551659660    
    177.5000000000000        50.38160899717779        32.42445032640619        1056.354347419113        34577.32387677635        107.4702081098370       -74.87281258903491    
    178.5000000000000        48.62216084751029        31.91353779094899        1023.343211943447        32970.09088046380        103.7862931170131       -75.00253067744751    
    179.5000000000000        46.92092920742066        31.41044884583806        991.3450387275043        31436.47603871769        100.0536027427286       -75.06781231742963    
    180.5000000000000        45.27665186005073        30.91532247460132        960.3452363793012        29973.90582520703        96.30436974346176       -75.06781198972003    
    181.5000000000000        43.68730706517930        30.42827732971367        930.3277704155377        28579.79869537462        92.57167969918336       -75.00252969859997    
    182.5000000000000        42.15051352113822        29.94943716615352        901.2767834235478        27251.64297115392        88.88776534946778       -74.87281097161809    
    183.5000000000000        40.66492156701456        29.47887804106832        873.1735346989399        25986.86177099105        85.28240841871317       -74.68029328068150    
    184.5000000000000        39.22947915655118        29.01670300618355        846.0008603217782        24783.01335572292        81.78163937191779       -74.42730658052905    
    185.5000000000000        37.84274850661843        28.56295084255123        819.7379046240156        23637.55967879148        78.40686061019284       -74.11674143733079    
    186.5000000000000        36.50296651366022        28.11770698819619        794.3670393137422        22548.19046456245        75.17443499495920       -73.75190087929444    
    187.5000000000000        35.20942793532038        27.68098298235800        769.8662053403148        21512.45413729738        72.09570392321196       -73.33635151331842    
    188.5000000000000        33.96015564661749        27.25280601008983        746.2147854026761        20528.04368096019        69.17734525771614       -72.87378640834226    
    189.5000000000000        32.75522835614571        26.83326925149266        723.3962983852987        19592.90206354601        66.42195758010698       -72.36790798433697    
    190.5000000000000        31.59221610094716        26.42225189624063        701.3822613197268        18704.51781664770        63.82875967300161       -71.82233484297176    
    191.5000000000000        30.47118155327066        26.01984949476457        680.1572705476885        17861.02433357535        61.39431358642560       -71.24053293136005    
    192.5000000000000        29.39045407521396        25.62600893595710        659.6977567751051        17060.26470607932        59.11320620235356       -70.62576898996390    
    193.5000000000000        28.34891769290490        25.24066926037106        639.9804272854202        16300.16972434482        56.97865034027647       -69.98108288633624    
    194.5000000000000        27.34600942336932        24.86385241701701        620.9870057979360        15578.94033486939        54.98298788624987       -69.30927496108190    
    195.5000000000000        26.38047608378789        24.49547760052756        602.6941685101597        14894.63396850311        53.11809272299472       -68.61290462962855    
    196.5000000000000        25.45130219594151        24.13551243504454        585.0818818118927        14245.50796847442        51.37568073592927       -67.89429693513577    
    197.5000000000000        24.55755952328519        23.78388836309548        568.1287236495286        13629.82201583363        49.74753906479739       -67.15555433878303    
    198.5000000000000        23.69829135104488        23.44054672401904        551.8143372555593        13045.93407837861        48.22568844684196       -66.39857163651051    
    199.5000000000000        22.87246066951139        23.10539290385143        536.1173097179121        12492.22461954554        46.80249217443264       -65.62505243540269    
    200.5000000000000        22.07895043954095        22.77836191654825        521.0182478088233        11967.20166092017        45.47072379197541       -64.83652607778322    
    201.5000000000000        21.31694273611619        22.45937715192773        506.4977922436334        11469.42660235489        44.22360381120851       -64.03436426113143    
    202.5000000000000        20.58525944147896        22.14830759851190        492.5346112879531        10997.44106815264        43.05481381532832       -63.21979687494839    
    203.5000000000000        19.88289599211626        21.84507616668785        479.1106486988941        10549.95577135234        41.95849456015728       -62.39392677527433    
    204.5000000000000        19.20913574732162        21.54959170365278        466.2076741197170        10125.71716627305        40.92923315882707       -61.55774335851817    
    205.5000000000000        18.56282707383320        21.26171702617523        453.8060060855746        9723.467895788175        39.96204317977426       -60.71213489231572    
    206.5000000000000        17.94315110005481        20.98134830820426        441.8881425943210        9342.069670917559        39.05234048296875       -59.85789962389939    
    207.5000000000000        17.34906971686017        20.70835356055019        430.4358651055867        8980.398818728878        38.19591683535146       -58.99575572523536    
    208.5000000000000        16.77981136872517        20.44262878244085        419.4328117883011        8637.433030605349        37.38891274693513       -58.12635015611787    
    209.5000000000000        16.23449088081116        20.18404328153141        408.8619887610511        8312.164427294245        36.62779051825942       -57.25026653684207    
    210.5000000000000        15.71222823529518        19.93248141222163        398.7076607754464        8003.662102167065        35.90930815615496       -56.36803212489624    
    211.5000000000000        15.21216100825653        19.68781822249038        388.9542113176564        7711.030722466658        35.23049457133747       -55.48012398809380    
    212.5000000000000        14.73349204391947        19.44993485098538        379.5868043574338        7433.430382806189        34.58862629652677       -54.58697446163701    
    213.5000000000000        14.27540524357974        19.21870723011662        370.5909215192943        7170.060880046693        33.98120584040670       -53.68897597009152    
    214.5000000000000        13.83711545023021        18.99401012544471        361.9524782618274        6920.162430908525        33.40594170749243       -52.78648528803728    
    215.5000000000000        13.41784807197736        18.77572057648875        353.6579776550925        6683.019489119404        32.86073005666962       -51.87982730581422    
    216.5000000000000        13.01687390213034        18.56371610026309        345.6943972534860        6457.954887801267        32.34363793412562       -50.96929835965739    
    217.5000000000000        12.63345943379598        18.35787195689244        338.0490801560042        6244.325491031308        31.85288799385608       -50.05516917882340    
    218.5000000000000        12.26688339654136        18.15806050953396        330.7096897882836        6041.519181809501        31.38684460663778       -49.13768749615232    
    219.5000000000000        11.91646694406332        17.96415914540004        323.6644990344299        5848.961800468382        30.94400125318017       -48.21708036293141    
    220.5000000000000        11.58155276668992        17.77604853453655        316.9023097298032        5666.113509512989        30.52296909681966       -47.29355620393089    
    221.5000000000000        11.26152504084192        17.59360906178859        310.4122939287354        5492.462755745922        30.12246663395319       -46.36730664404060    
    222.5000000000000        10.95577391162223        17.41672283533476        304.1840567639048        5327.526896896086        29.74131032523970       -45.43850813401448    
    223.5000000000000        10.66374019595095        17.24527705163500        298.2077411033918        5170.853836426832        29.37840611659715       -44.50732339938245    
    224.5000000000000        10.38487220204121        17.07916097751566        292.4738930944822        5022.016970459966        29.03274176560199       -43.57390273356685    
    225.5000000000000        10.11862881550161        16.91826510993822        286.9734271728636        4880.613493272723        28.70337989566285       -42.63838515359990    
    226.5000000000000        9.864510322468208        16.76248058941593        281.6975855681806        4746.262182090251        28.38945170702154       -41.70089943453436    
    227.5000000000000        9.622017339155697        16.61170063216233        276.6379749406426        4618.603457872427        28.09015128006196       -40.76156503663044    
    228.5000000000000        9.390679898482373        16.46582167269714        271.7865916636369        4497.299157843096        27.80473041247594       -39.82049293765258    
    229.5000000000000        9.170040898715021        16.32474367062418        267.1358192228096        4382.031672164077        27.53249393748940       -38.87778638108698    
    230.5000000000000        8.959662247976894        16.18836774293696        262.6783336772771        4272.500713521121        27.27279547556566       -37.93354154976400    
    231.5000000000000        8.759129940958220        16.05659807220468        258.4071526982203        4168.423769174457        27.02503357677402       -36.98784817321488    
    232.5000000000000        8.568042211689692        15.92934089255062        254.3155911350484        4069.534348020502        26.78864821535321       -36.04079007608579    
    233.5000000000000        8.386025206478456        15.80650531169050        250.3972749576170        3975.581655992143        26.56311760193034       -35.09244567405550    
    234.5000000000000        8.212721860943294        15.68800198381960        246.6460900431427        3886.328828521582        26.34795528240443       -34.14288842293789    
    235.5000000000000        8.047793548243725        15.57374514940486        243.0562372170345        3801.553715328904        26.14270749569661       -33.19218722598168    
    236.5000000000000        7.890914364269622        15.46365206348871        239.6222007690051        3721.047519904925        25.94695076543743       -32.24040680379706    
    237.5000000000000        7.741777943666671        15.35764246145032        236.3387206825828        3644.613628695310        25.76028970323389       -31.28760803082821    
    238.5000000000000        7.600101482209433        15.25563913934867        233.2008018072823        3572.067383900528        25.58235500346264       -30.33384824184296    
    239.5000000000000        7.465607622742365        15.15756767281576        230.2036977110457        3503.235316291002        25.41280161159784       -29.37918151151941    
    240.5000000000000        7.338036881019937        15.06335733066331        227.3429281024953        3437.955100519766        25.25130704992770       -28.42365890986651    
    241.5000000000000        7.217151175115339        14.97293999089107        224.6142358850209        3376.074160459896        25.09756988616283       -27.46732873591134    
    242.5000000000000        7.102719569242276        14.88624983470421        222.0135720852685        3317.449025614041        24.95130833191619       -26.51023673182238    
    243.5000000000000        6.994520771865333        14.80322409085824        219.5371082639653        3261.945231670889        24.81225895935390       -25.55242627940344    
    244.5000000000000        6.892347727811962        14.72380226231505        217.1812086587153        3209.436447755648        24.68017552549761       -24.59393858068615    
    245.5000000000000        6.796002752873880        14.64792658470878        214.9424364307625        3159.804321114472        24.55482789471628       -23.63481282416790    
    246.5000000000000        6.705293634817031        14.57554204224795        212.8175481538858        3112.938101598727        24.43600105089243       -22.67508633808177    
    247.5000000000000        6.620047742303694        14.50659555232348        210.8034641341144        3068.733751655147        24.32349419159645       -21.71479473194147    
    248.5000000000000        6.540107000785320        14.44103733060669        208.8973031656992        3027.094497798921        24.21711989736423       -20.75397202748004    
    249.5000000000000        6.465319389234506        14.37881975112778        207.0963430196730        2987.929733924021        24.11670336985661       -19.79265077998965    
    250.5000000000000        6.395539111697646        14.31989718202946        205.3980099541553        2951.154584296440        24.02208173329391       -18.83086219096980    
    251.5000000000000        6.330626431687361        14.26422541838126        203.7998567623003        2916.689228275519        23.93310339411115       -17.86863621290491    
    252.5000000000000        6.270454410570138        14.21176105283923        202.2995411286581        2884.458288223094        23.84962745427807       -16.90600164691456    
    253.5000000000000        6.214908624125134        14.16246689213942        200.8949860122842        2854.394350286513        23.77152317417677       -15.94298623394925    
    254.5000000000000        6.163879859576940        14.11630673739048        199.5842156067804        2826.434042849579        23.69866948133622       -14.97961674014432    
    255.5000000000000        6.117277261991705        14.07324695714614        198.3654018680855        2800.519028852127        23.63095452169018       -14.01591903689043    
    256.5000000000000        6.075014671811356        14.03325575280429        197.2368382476749        2776.595276643267        23.56827525035794       -13.05191817612867    
    257.5000000000000        6.037013689622605        13.99630374687051        196.1969542607722        2754.613285577382        23.51053705925044       -12.08763846133718    
    258.5000000000000        6.003204696143247        13.96236395183718        195.2443119057596        2734.527916320820        23.45765343907998       -11.12310351463756    
    259.5000000000000        5.973523608257763        13.93141057874078        194.3775675896628        2716.297450690376        23.40954567360328       -10.15833634041410    
    260.5000000000000        5.947920980530140        13.90342051685346        193.5955151823473        2699.884508999211        23.36614256415857       -9.193359385810298    
    261.5000000000000        5.926347339481456        13.87837396960022        192.8971004131630        2685.256251031428        23.32738018276918       -8.228194598440645    
    262.5000000000000        5.904895563840331        13.85617540126903        192.2792480096815        2672.339516968066        23.29320165228147       -7.262863481630682    
    263.5000000000000        5.895168901975748        13.83703871389932        191.7474292870515        2661.238436258643        23.26355695218598       -6.297387147479589    
    264.5000000000000        5.885526349596859        13.82071936077640        191.2945909542862        2651.800387787018        23.23840274893880       -5.331786368021360    
    265.5000000000000        5.879823609104443        13.80728330917288        190.9222549578954        2644.050579074528        23.21770224975770       -4.366081624744108    
    266.5000000000000        5.878061099725278        13.79671831487140        190.6298427374307        2637.971933763704        23.20142507901524       -3.400293156715067    
    267.5000000000000        5.880246521917020        13.78901781453465        190.4169904501524        2633.553074861676        23.18954717649123       -2.434441007547717    
    268.5000000000000        5.886391696433500        13.78417804599454        190.2834636362261        2630.786414127294        23.18205071687981       -1.468545071436981    
    269.5000000000000        5.896513403557661        13.78219412143829        190.2290393436398        2629.665485499974        23.17892405007436      -0.5026251384823857    
    270.5000000000000        5.910645299413991        13.78306347766274        190.2536107165448        2630.187325887688        23.18016166187672       0.4632990604865074    
    271.5000000000000        5.928820999206013        13.78678925795395        190.3572848656731        2632.354606177814        23.18576415489771        1.429207809373394    
    272.5000000000000        5.951085522438491        13.79337339195117        190.5401777414654        2636.171054608061        23.19573824953381        2.395081362359150    
    273.5000000000000        5.977489557599835        13.80282015916648        190.8025218588452        2641.643908497298        23.21009680502215        3.360899899319018    
    274.5000000000000        6.008092733953855        13.81513690166233        191.1446852582031        2648.784294694565        23.22885886069310        4.326643480906070    
    275.5000000000000        6.042960781002052        13.83033266782007        191.5671346075471        2657.606483182266        23.25204969765779        5.292292003090118    
    276.5000000000000        6.082182108356140        13.84841832803392        192.0704384818583        2668.127965677553        23.27970092128804        6.257825150937061    
    277.5000000000000        6.125841617855325        13.86940672981496        192.6552703837183        2680.369497660487        23.31185056496994        7.223222351409157    
    278.5000000000000        6.174046918781984        13.89331366755919        193.3224443406414        2694.356054535654        23.34854321573940        8.188462724957724    
    279.5000000000000        6.226897739338080        13.92015586815867        194.0728509881882        2710.115326944353        23.38983016254149        9.153525035670349    
    280.5000000000000        6.284516312111700        13.94995293174146        194.9075195220671        2727.679216813990        23.43576956799501        10.11838763972463    
    281.5000000000000        6.347027189572497        13.98272734496034        195.8276165199191        2747.083795839286        23.48642666469136        11.08302843188558    
    282.5000000000000        6.414579466233359        14.01850373809209        196.8344295491422        2768.369084952693        23.54187397721400        12.04742478976828    
    283.5000000000000        6.487335660124840        14.05730803605821        197.9293430703665        2791.578564327965        23.60219157123257        13.01155351557018    
    284.5000000000000        6.565464254620952        14.09916931556707        199.1138956950515        2816.760527439355        23.66746733120678        13.97539077495582    
    285.5000000000000        6.649148229647611        14.14411810462084        200.3897320981240        2843.967092352065        23.73779726842935        14.93891203275249    
    286.5000000000000        6.738578855402476        14.19218840728781        201.7586653401998        2873.255675052074        23.81328586134948        15.90209198509017    
    287.5000000000000        6.833954137808167        14.24341587149388        203.2226256008019        2904.687954476085        23.89404643034770        16.86490448758723    
    288.5000000000000        6.935494894000947        14.29783897019355        204.7837017400152        2938.330989513084        23.98020154938389        17.82732247914879    
    289.5000000000000        7.043440005904930        14.35549696256230        206.4440813319683        2974.255937891632        24.07188349721543        18.78931790090763    
    290.5000000000000        7.158044970896724        14.41643229777560        208.2061258208635        3012.539877245333        24.16923475118343        19.75086160979231    
    291.5000000000000        7.279581293844455        14.48068886683103        210.0723247421945        3053.264978537602        24.27240852689672        20.71192328615823    
    292.5000000000000        7.408330867724295        14.54831418131406        212.0453647003811        3096.520211092284        24.38156936750914        21.67247133486365    
    293.5000000000000        7.544592549312133        14.61935779469050        214.1280850107071        3142.400480261862        24.49689378668889        22.63247277910915    
    294.5000000000000        7.688682209894663        14.69387300806908        216.3235356725115        3191.008170016996        24.61857096982555        23.59189314628937    
    295.5000000000000        7.840943894672429        14.77191690344272        218.6349837827737        3242.453503336638        24.74680353851481        24.55069634502870    
    296.5000000000000        8.001743698725766        14.85354777392504        221.0658420386107        3296.853150324031        24.88180838391005        25.50884453248280    
    297.5000000000000        8.171481553216747        14.93882737317233        223.6197443622338        3354.332234987616        25.02381757513894        26.46629797088830    
    298.5000000000000        8.350572660573393        15.02782006757884        226.3005251533851        3415.024094087015        25.17307934966145        27.42301487223220    
    299.5000000000000        8.539461969066378        15.12059287527657        229.1122277745529        3479.070767490643        25.32985919319970        28.37895122978447    
    300.5000000000000        8.738613448976878        15.21721777400331        232.0591835086979        3546.625157144005        25.49444101771019        29.33406063509410    
    301.5000000000000        8.948550911561400        15.31776660473455        235.1458604025916        3617.847811555773        25.66712844680638        30.28829407888892    
    302.5000000000000        9.169820572141420        15.42231403418069        238.3769653291409        3692.909720801523        25.84824621908358        31.24159973413478    
    303.5000000000000        9.403039015971272        15.53093803405814        241.7574707197269        3771.993406955226        26.03814172096527        32.19392271930278    
    304.5000000000000        9.648848808259666        15.64371825542384        245.2925680905325        3855.292141945524        26.23718666199153        33.14520483965913    
    305.5000000000000        9.907936345574191        15.76073620942783        248.9876850361582        3943.010844787171        26.44577890692464        34.09538430412481    
    306.5000000000000        10.18102823331667        15.88207431066438        252.8484630927842        4035.365990385930        26.66434448067058        35.04439541494798    
    307.5000000000000        10.46889143099286        16.00781958323723        256.8808859667190        4132.589200453781        26.89333976382919        35.99216822708972    
    308.5000000000000        10.77232888435308        16.13806173591495        261.0912323563929        4234.926755175865        27.13325389870908        36.93862817382821    
    309.5000000000000        11.09218851123020        16.27289216987582        265.4860497458112        4342.639399247049        27.38461142790220        37.88369565464001    
    310.5000000000000        11.42937263495345        16.41240352853447        270.0721464518566        4456.002632669306        27.64797519002917        38.82728558090609    
    311.5000000000000        11.78481868613462        16.55669424887470        274.8567674114245        4575.312136498239        27.92394950006795        39.76930687440579    
    312.5000000000000        12.15953689709191        16.70586515042982        279.8474884196517        4700.881697673421        28.21318364479006        40.70966191289418    
    313.5000000000000        12.55460406327060        16.86002314043254        285.0523474760611        4833.047095349975        28.51637572727916        41.64824591629554    
    314.5000000000000        12.97119081384884        17.01927856817300        290.4797866874712        4972.165945909911        28.83427689831895        42.58494626616950    
    315.5000000000000        13.41052128392020        17.18374578225665        296.1386791012573        5118.619082231980        29.16769601663408        43.51964175010378    
    316.5000000000000        13.87393322341120        17.35354009798665        302.0382405699153        5272.809260071416        29.51750478456504        44.45220172153938    
    317.5000000000000        14.36280335923602        17.52878329711539        308.1882448774773        5435.168085862878        29.88464341076002        45.38248516421427    
    318.5000000000000        14.87862974724274        17.70959107095782        314.5985968886694        5606.145649475036        30.27012685686284        46.31033964889957    
    319.5000000000000        15.42292260012348        17.89607674258774        321.2794366212879        5786.213234676075        30.67505173093518        47.23560016836960    
    320.5000000000000        15.99735403570402        18.08835894706709        328.2414963000612        5975.876071666884        31.10060389639973        48.15808783455742    
    321.5000000000000        16.60375772934652        18.28656274731140        335.4961328521811        6175.674695257602        31.54806687151650        49.07760841957188    
    322.5000000000000        17.24406254368341        18.49081214762528        343.0550707794146        6386.179254467087        32.01883110061519        49.99395071964864    
    323.5000000000000        17.92035981326021        18.70123285812435        350.9305126054394        6607.993762934068        32.51440418421868        50.90688471813489    
    324.5000000000000        18.63488160712611        18.91795090517861        359.1350960202952        6841.756107100785        33.03642216038497        51.81615952022368    
    325.5000000000000        19.38987108653037        19.14108962891226        367.6818093996726        7088.137519144012        33.58666193345955        52.72150102831780    
    326.5000000000000        20.18774493546267        19.37077252221204        376.5841268472095        7347.848508042629        34.16705494810303        53.62260932257126    
    327.5000000000000        21.03101561819721        19.60713690634721        385.8565603221616        7621.656844091954        34.77970220472931        54.51915570630255    
    328.5000000000000        21.92242712480185        19.85031298159621        395.5138468323146        7910.364971234916        35.42689070568018        55.41077937058082    
    329.5000000000000        22.86487588012227        20.10043564726480        405.5714299191277        8214.826328654533        36.11111140725757        56.29708362636564    
    330.5000000000000        23.86148404002552        20.35763139452055        416.0449553570374        8535.932161928058        36.83507872798891        57.17763164618925    
    331.5000000000000        24.91564256926919        20.62202372433042        426.9505047669601        8874.620813508136        37.60175162395010        58.05194165063522    
    332.5000000000000        26.03083082463483        20.89373690551830        438.3047733921954        9231.885421379409        38.41435618189510        58.91948146800764    
    333.5000000000000        27.21071252736953        21.17288476427556        450.1245718604121        9608.759229107372        39.27640959273866        59.77966238898656    
    334.5000000000000        28.45930953024161        21.45958887636419        462.4276341295260        10006.34420257514        40.19174524160996        60.63183223232105    
    335.5000000000000        29.78077203720768        21.75396974644005        475.2323011355398        10425.80508378636        41.16453847323515        61.47526753362985    
    336.5000000000000        31.17938029965804        22.05614507502800        488.5573785075648        10868.36439752292        42.19933234619609        62.30916476851037    
    337.5000000000000        32.65966422184071        22.36622024223189        502.4217239977428        11335.29100178442        43.30106235581091        63.13263052535513    
    338.5000000000000        34.22686834012361        22.68429808139749        516.8447309461220        11827.92055506132        44.47507865758194        63.94467055530841    
    339.5000000000000        35.88577885105244        23.01047896982142        531.8463580566952        12347.65941298998        45.72716373159034        64.74417765052695    
    340.5000000000000        37.64252629721040        23.34487473658072        547.4477043177213        12896.00498858947        47.06354266005936        65.52991834258742    
    341.5000000000000        39.50261359005746        23.68753812660850        563.6676846640008        13474.42982807326        48.49088221299266        66.30051847747622    
    342.5000000000000        41.47229734902991        24.03859294600929        580.5293467562248        14084.61548381879        50.01627372470440        67.05444782107097    
    343.5000000000000        43.55828561454307        24.39809360427596        598.0529959232202        14728.20204205030        51.64719329052251        67.79000399044089    
    344.5000000000000        45.76739458638198        24.76610671588704        616.2600468759939        15406.92677864703        53.39143115005974        68.50529620450230    
    345.5000000000000        48.10717144058248        25.14271726267337        635.1736303897634        16122.66147979951        55.25698035255017        69.19822961614190    
    346.5000000000000        50.58490683947603        25.52795125053640        654.8143767354612        16877.24314004237        57.25187313462079        69.86649133871961    
    347.5000000000000        53.20973589782353        25.92189579772108        675.2066146206930        17672.71738047185        59.38395226293206        70.50753971854678    
    348.5000000000000        55.99093396721360        26.32453747226992        696.3700563564707        18511.01966492933        61.66056451214074        71.11859892355261    
    349.5000000000000        58.93694558138564        26.73590834946242        718.3273739293006        19394.27372535002        64.08816534221697        71.69666148444664    
    350.5000000000000        62.05765624817635        27.15600960550742        741.1000134214219        20324.62239335930        66.67182884493955        72.23850196725296    
    351.5000000000000        65.36508845774898        27.58484383293497        764.7099179008735        21304.29938116007        69.41466640351342        72.74070535095795    
    352.5000000000000        68.86982006703703        28.02240442693405        789.1790767567509        22335.61845881151        72.31717228133708        73.19971374471722    
    353.5000000000000        72.58403197473113        28.46868605440690        814.5297932583662        23420.97452034614        75.37653470781721        73.61189456449439    
    354.5000000000000        76.52119738006519        28.92361601888055        840.7809696142273        24562.69437030656        78.58597542652505        73.97363194264665    
    355.5000000000000        80.69461164281373        29.38713977378873        867.9527478601659        25763.22920850300        81.93420498737643        74.28144077814943    
    356.5000000000000        85.11877336749758        29.85918999664187        896.0646529130787        27025.07180721755        85.40509823552316        74.53209945888993    
    357.5000000000000        89.80951371520300        30.33966002855783        925.1340137185668        28350.68840920337        88.97769541766689        74.72279324559754    
    358.5000000000000        94.78299517428904        30.82844737310544        955.1784110445731        29742.62350426610        92.62661084961984        74.85125635743258    
    359.5000000000000        100.0574470380077        31.32541996568063        986.2136468090403        31203.40918311689        96.32288009136697        74.91589803292554    
