 # author: MA Kubiak / Space Research Center PAS Warsaw Poland, contact: mkubiak@cbk.waw.pl                          
 # code version Program.keplerV_ellipt_V2      , Dates: calkV:20/04/2026  ; part_pr:20/04/2026                       
 # czas no T v_mas, kier.naplywu(dl, szer) macierz obrotu (ecl to helio), r, theta, phi(ecl,spher), V_detector(ecl,cart), IBEX_energy_channel
 #     2025.975187000000        0.8088930000000000E-03     9480.000000000000        -11.28000000301609         251.5700000000000         11.95000000000000        0.2459841265748581        0.9692738567985851         0.000000000000000       -0.9615244635393438        0.2440174711049008        0.1261989691358298        0.1223213615382913       -0.3104294319752456E-01    0.9920049496797150        0.9754380000000001         91.17653600000000       -0.3100700000000000E-01    -29.78600000000000       -0.7210000000000000       -0.1900000000000000E-01 00
 # routs_end= 150.00;    Maxwellian,    elliptOrb=Off                                                                                        
 # Numerical parameters: GridKl=10  GridKf=09  GridKV=05  epsV= 0.0000100  epssJon=.0010000                                                  
 # Numerical parameters: GridKl=10  GridKf=09  GridKV=05  epsV= 0.0000100  epssJon=.0010000; tessel128                                                                                                                                                                                                                                                                                                                                                                                                                                                                 
# Axis to the Sun: alpha_ecl= 267.1210000000000000 delta_Ecl= 0.0770000000000000 delta_Ax= 90.0000000000000000  repoint= 00086
 #  flag_atom: He                                                   
 #  flag_general:                                                   
 #                                                                  
 #                                                                  
  # Ly_a_Profil: zero                                               
  # flag_Itot: zero                                                 
 #  v_SW_Eqtr: speed3D.hybrid2026c_patched.dat                      
 #  n_SW_Eqtr: density3D.hybrid2026c_patched.dat                    
 #  phot_Eqtr: 0.8500000  phion_Helium_T12F107_2026c.dat            
 #  sigma_SW: p+He->H +He+, He + alpha (2 chnls);src:simuLosses.nb  
 #  flag_el:slow  swEqtrElectrons5.2026c.patched.dat                
 #  SW_lati: interpolation                                          
 #  phot_lati: analit pole-flattened after Pryor & Auchere          
 #
 #
 #
 #Spin  flux speed	speed^2 speed^3    long_ecl lat_ecl
   0.5000000000000000        575.2860442861098        33.07232596005498        1099.708220490832        36763.50741245074        168.3664511382606        89.49410338653534    
    1.500000000000000        612.8516572350478        33.61343291536999        1135.943329549187        38593.07086853370        174.1830696761901        88.49802291334274    
    2.500000000000000        652.8775732752846        34.16225512663624        1173.289152937159        40509.11726364631        175.3579697287117        87.49881272881055    
    3.500000000000000        695.5136971198841        34.71857412352480        1211.755688002070        42514.40599020947        175.8622665152734        86.49915165143365    
    4.500000000000000        740.8964593413448        35.28212966981703        1251.348901277438        44611.50254245724        176.1427200405596        85.49934012074276    
    5.500000000000000        789.1925860486597        35.85273500071316        1292.079742085862        46803.30931661768        176.3213789908358        84.49946017819506    
    6.500000000000000        840.5653351898391        36.43010011955081        1333.950683430021        49092.29177771324        176.4452135975963        83.49954339253425    
    7.500000000000000        895.1719839672839        37.01391175471412        1376.961215316677        51480.75617282854        176.5361497799628        82.49960449911043    
    8.500000000000000        953.2123345610459        37.60394623225797        1421.117073284717        53971.41609966761        176.6057973440021        81.49965129998706    
    9.500000000000000        1014.831729159831        38.19981508200696        1466.409718619781        56566.14108735896        176.6608784835248        80.49968831251866    
    10.50000000000000        1080.244331970227        38.80126025214487        1512.839907431633        59267.37347144831        176.7055548698158        79.49971833332425    
    11.50000000000000        1149.631301296504        39.40796446215831        1560.402394095986        62077.19292240075        176.7425407900031        78.49974318636657    
    12.50000000000000        1223.183464780738        40.01950323681301        1609.081556652365        64997.01442454236        176.7736820442676        77.49976411198610    
    13.50000000000000        1301.114630869358        40.63564509572902        1658.876570426537        68029.17469965425        176.8002775815046        76.49978198304444    
    14.50000000000000        1383.618170861781        41.25591380732683        1709.764219917789        71174.54462381027        176.8232680557762        75.49979743163455    
    15.50000000000000        1470.906492540051        41.88003954353848        1761.737358501623        74434.99545573618        176.8433513985338        74.49981092674464    
    16.50000000000000        1563.189926786898        42.50757037493694        1814.771401865123        77811.21116307145        176.8610563672619        73.49982282368221    
    17.50000000000000        1660.685339695605        43.13818630657642        1868.851533956292        81304.46107402013        176.8767908788585        72.49983339655307    
    18.50000000000000        1763.591362533428        43.77145021623841        1923.950781504074        84915.13561204661        176.8908746681063        71.49984286020724    
    19.50000000000000        1872.142198731241        44.40699217234079        1980.046135509729        88643.79980706442        176.9035618978342        70.49985138543258    
    20.50000000000000        1986.527800820431        45.04441181963262        2037.110088560998        92490.63434519412        176.9150571517409        69.49985910970128    
    21.50000000000000        2106.972090730941        45.68329508039944        2095.111632335013        96455.45751221081        176.9255269642742        68.49986614491792    
    22.50000000000000        2233.678794680103        46.32324938517425        2154.020130653347        100538.0296293094        176.9351082759850        67.49987258310094    
    23.50000000000000        2366.833029522227        46.96383761753528        2213.798280930888        104737.4877867291        176.9439147301406        66.49987850061395    
    24.50000000000000        2506.633716688903        47.60467994988419        2274.412478537967        109053.1251725889        176.9520414273639        65.49988396136052    
    25.50000000000000        2653.261708910896        48.24533159032294        2335.820652795169        113483.4730329087        176.9595685615706        64.49988901922765    
    26.50000000000000        2806.878939160689        48.88541147927129        2397.984798441591        118027.2092730802        176.9665642327060        63.49989371997549    
    27.50000000000000        2967.639630572608        49.52447992522733        2460.859233488823        122682.2994213854        176.9730866458166        62.49989810271534    
    28.50000000000000        3135.677583590222        50.16213325255084        2524.399579515832        127446.6290652825        176.9791858471793        61.49990220107613    
    29.50000000000000        3311.103447687738        50.79796487772028        2588.559226857366        132317.7530565618        176.9849051073376        60.49990604413374    
    30.50000000000000        3494.007554277615        51.43154964941692        2653.287566015066        137292.7388364025        176.9902820320794        59.49990965715759    
    31.50000000000000        3684.451007998681        52.06250481411460        2718.536347760850        142368.6550929434        176.9953494618155        58.49991306221501    
    32.50000000000000        3882.469764527508        52.69041716913901        2784.252253074555        147541.9931457582        177.0001362049316        57.49991627866387    
    33.50000000000000        4088.053013119242        53.31488100159093        2850.380698565913        152808.9449747196        177.0046676398076        56.49991932355734    
    34.50000000000000        4301.165914129636        53.93551213158405        2916.867582321215        158165.5530355606        177.0089662121498        55.49992221197794    
    35.50000000000000        4521.735135274510        54.55192404742395        2983.656645799581        163607.4836766829        177.0130518482807        54.49992495731520    
    36.50000000000000        4749.629211120962        55.16373223627387        3050.690141102285        169130.0903565821        177.0169423005016        53.49992757149789    
    37.50000000000000        4984.687025741440        55.77055661101446        3117.909037948477        174728.4169958194        177.0206534372110        52.49993006518884    
    38.50000000000000        5226.685422962317        56.37203277509118        3185.254410922403        180397.3189179787        177.0241994878220        51.49993244794957    
    39.50000000000000        5475.361934981811        56.96780689024880        3252.666963510632        186131.4240006858        177.0275932504892        50.49993472837982    
    40.50000000000000        5730.389134662862        57.55751788615878        3320.085037133684        191924.9592272505        177.0308462690746        49.49993691423656    
    41.50000000000000        5991.395633118911        58.14082656989328        3387.448102545853        197772.0590842802        177.0339689845411        48.49993901253560    
    42.50000000000000        6257.943406005777        58.71739151463720        3454.693977890966        203666.5191796571        177.0369708649857        47.49994102963909    
    43.50000000000000        6529.537450754856        59.28688092665292        3521.760332003810        209601.9334186008        177.0398605177510        46.49994297133075    
    44.50000000000000        6805.623604514318        59.84896956583401        3588.584426939004        215571.6764919011        177.0426457864344        45.49994484288111    
    45.50000000000000        7085.583497411223        60.40333733242084        3655.102963050742        221568.8874792430        177.0453338351189        44.49994664910408    
    46.50000000000000        7368.743731527706        60.94967636121731        3721.253133045016        227586.5801377443        177.0479312217496        43.49994839440633    
    47.50000000000000        7654.378997316982        61.48768541528987        3786.971953175656        233617.5797556218        177.0504439622579        42.49995008283024    
    48.50000000000000        7941.690439079732        62.01706979228403        3852.196363743802        239654.5405466067        177.0528775867662        41.49995171809181    
    49.50000000000000        8229.823758073406        62.53753838885662        3916.862961486939        245689.9279117956        177.0552371889974        40.49995330361378    
    50.50000000000000        8517.872876554611        63.04880976949296        3980.908815490213        251716.0987238185        177.0575274698292        39.49995484255491    
    51.50000000000000        8804.866010513206        63.55061045629946        4044.271357436180        257725.3001975233        177.0597527757918        38.49995633783585    
    52.50000000000000        9089.784638952216        64.04267677877749        4106.888701030271        263709.7077579228        177.0619171331820        37.49995779216209    
    53.50000000000000        9371.567431754458        64.52474762732722        4168.698811344292        269661.3542956152        177.0640242783710        36.49995920804429    
    54.50000000000000        9649.111911863281        64.99657724946566        4229.641244051500        275572.3073035614        177.0660776847924        35.49996058781643    
    55.50000000000000        9921.277420317414        65.45792217466951        4289.655522515160        281434.5188811194        177.0680805870331        34.49996193365200    
    56.50000000000000        10186.90235373020        65.90855467495169        4348.683020432251        287240.0232853024        177.0700360023851        33.49996324757846    
    57.50000000000000        10444.82708359234        66.34825721203362        4406.666308600207        292980.8818153799        177.0719467501693        32.49996453149026    
    58.50000000000000        10693.88205953528        66.77682315708743        4463.549356112701        298649.2148879737        177.0738154690987        31.49996578716048    
    59.50000000000000        10932.91980601878        67.19405714005940        4519.277670637038        304237.2274166172        177.0756446329131        30.49996701625137    
    60.50000000000000        11160.81819407604        67.59976710248505        4573.797292945759        309737.1160938806        177.0774365644867        29.49996822032376    
    61.50000000000000        11376.50336564686        67.99377270014000        4627.056022030478        315141.2052578139        177.0791934485826        28.49996940084572    
    62.50000000000000        11578.94237500014        68.37589340072675        4679.001848156264        320441.7950449495        177.0809173434089        27.49997055920025    
    63.50000000000000        11767.15875380000        68.74595708528634        4729.584171618906        325631.2936110359        177.0826101911084        26.49997169669238    
    64.50000000000000        11940.26371940633        69.10379445350576        4778.753132202725        330702.1612626862        177.0842738273009        25.49997281455556    
    65.50000000000000        12097.43112308879        69.44923883472504        4826.459636802825        335646.9221482251        177.0859099897782        24.49997391395747    
    66.50000000000000        12237.93089350978        69.78212989846705        4872.655931506810        340458.2331158608        177.0875203264463        23.49997499600544    
    67.50000000000000        12361.11524778799        70.10231037912499        4917.295210795416        345128.8531378972        177.0891064025911        22.49997606175127    
    68.50000000000000        12466.41058161756        70.40962402775743        4960.331342392799        349651.6191033561        177.0906697075418        21.49997711219568    
    69.50000000000000        12553.32333269745        70.70392119018761        5001.719732055800        354019.5490956171        177.0922116607926        20.49997814829251    
    70.50000000000000        12621.47252155753        70.98505851979345        5041.417343291178        358225.8544465541        177.0937336176384        19.49997917095246    
    71.50000000000000        12670.57306158605        71.25290002806881        5079.382890453879        362263.9685238359        177.0952368743771        18.49998018104655    
    72.50000000000000        12700.43203479996        71.50731856278749        5115.577096786119        366127.5829510479        177.0967226731189        17.49998117940942    
    73.50000000000000        12710.96856328249        71.74819612137264        5149.962811385195        369810.6713528429        177.0981922062458        16.49998216684229    
    74.50000000000000        12702.21606027222        71.97541919387083        5182.504366378335        373307.4262739361        177.0996466205549        15.49998314411573    
    75.50000000000000        12674.29384131288        72.18888060950553        5213.167885513676        376612.3005030309        177.1010870211189        14.49998411197230    
    76.50000000000000        12627.47125414505        72.38848168916267        5241.921667459748        379720.0599058398        177.1025144748913        13.49998507112893    
    77.50000000000000        12562.09126645312        72.57412900316746        5268.735751971320        382625.7431220761        177.1039300140846        12.49998602227920    
    78.50000000000000        12478.62749155853        72.74573159564481        5293.581538124075        385324.6254639345        177.1053346393432        11.49998696609548    
    79.50000000000000        12377.66832420450        72.90320584103993        5316.432541576643        387812.3099969452        177.1067293227340        10.49998790323097    
    80.50000000000000        12259.89759259590        73.04646856292135        5337.263412567245        390084.6251832679        177.1081150105743        9.499988834321504    
    81.50000000000000        12126.08477412346        73.17544508315113        5356.051156298488        392137.7661587891        177.1094926261144        8.499989759987470    
    82.50000000000000        11977.09345335204        73.29006013154783        5372.773812881902        393968.1532612082        177.1108630720935        7.499990680835459    
    83.50000000000000        11813.83761959651        73.39024345374261        5387.411307612845        395572.5308568793        177.1122272331813        6.499991597459889    
    84.50000000000000        11637.30170075653        73.47592913124598        5399.945382321329        396947.9651845651        177.1135859783237        5.499992510444654    
    85.50000000000000        11448.51473493674        73.54705970208636        5410.360237847975        398091.9210778486        177.1149401630029        4.499993420364594    
    86.50000000000000        11248.53630294923        73.60358038241952        5418.641669466254        399002.1663432940        177.1162906314260        3.499994327786935    
    87.50000000000000        11038.44029619502        73.64544268315976        5424.777640224386        399676.8409124500        177.1176382186543        2.499995233272795    
    88.50000000000000        10819.30756299913        73.67260322683343        5428.758122668571        400114.4421728991        177.1189837526845        1.499996137378548    
    89.50000000000000        10592.22680306147        73.68502962973308        5430.575995617266        400313.9282032450        177.1203280564928       0.4999970406571506    
    90.50000000000000        10358.25724475128        73.68269438385923        5430.226127173942        400274.6151307348        177.1216719500529      -0.5000020563404176    
    91.50000000000000        10118.44353812451        73.66557233918223        5427.705009865566        399996.1376616727        177.1230162523389       -1.500001153063850    
    92.50000000000000        9873.801467331692        73.63364859929759        5423.011957697016        399478.5851766584        177.1243617833224       -2.500000248962211    
    93.50000000000000        9625.327453040338        73.58691792762072        5416.149016757478        398722.4912786336        177.1257093659749       -3.499999343482508    
    94.50000000000000        9373.977252343169        73.52537793385548        5407.119944566281        397728.7184650382        177.1270598282860       -4.499998436068378    
    95.50000000000000        9120.667551595701        73.44903518377285        5395.931122234591        396498.5594320922        177.1284140053077       -5.499997526158757    
    96.50000000000000        8866.249339099493        73.35790187956371        5382.591041395996        395033.6764910948        177.1297727412355       -6.499996613186394    
    97.50000000000000        8611.540776352900        73.25199676593245        5367.110448044370        393336.1172480439        177.1311368915372       -7.499995696576475    
    98.50000000000000        8357.310470443110        73.13135080594999        5349.503165115184        391408.4023096502        177.1325073251419       -8.499994775745138    
    99.50000000000000        8104.277056536904        72.99600331643562        5329.785493456241        389253.4537992128        177.1338849267004       -9.499993850097990    
    100.5000000000000        7853.091053933508        72.84599484702750        5307.975134243112        386874.4708401570        177.1352705989296       -10.49999291902846    
    101.5000000000000        7604.365198710931        72.68138022904377        5284.093120690699        384275.1418175613        177.1366652650554       -11.49999198191621    
    102.5000000000000        7358.646044094775        72.50222032387190        5258.162555942691        381459.4970139375        177.1380698713676       -12.49999103812542    
    103.5000000000000        7116.422039591699        72.30858075824830        5230.208389213523        378431.8768369386        177.1394853899027       -13.49999008700295    
    104.5000000000000        6878.133187408102        72.10053643148873        5200.258059106052        375196.9976799351        177.1409128212717       -14.49998912787646    
    105.5000000000000        6644.177100867117        71.87817412622273        5168.341843284426        371759.9835499102        177.1423531976504       -15.49998816005245    
    106.5000000000000        6414.891092395089        71.64158654449268        5134.491909019880        368126.2500001214        177.1438075859525       -16.49998718281401    
    107.5000000000000        6190.567771156680        71.39086890666140        5098.741800559275        364301.4427435030        177.1452770912070       -17.49998619541864    
    108.5000000000000        5971.459896060182        71.12613743520052        5061.129082051033        360291.7175435483        177.1467628601640       -18.49998519709586    
    109.5000000000000        5757.772417493293        70.84750947630575        5021.692379636823        356103.4064146966        177.1482660851545       -19.49998418704450    
    110.5000000000000        5549.666326216285        70.55511515767481        4980.473002823979        351743.1829309851        177.1497880082335       -20.49998316442999    
    111.5000000000000        5347.263878177603        70.24910081979181        4937.515387824375        347218.1008612802        177.1513299256393       -21.49998212838140    
    112.5000000000000        5150.644493437711        69.92961837032452        4892.865480413307        342535.4066129405        177.1528931926028       -22.49998107798812    
    113.5000000000000        4959.853519470238        69.59683256314058        4846.571710737318        337702.6330560223        177.1544792285490       -23.49998001229638    
    114.5000000000000        4774.903632895501        69.25091914788894        4798.684670272974        332727.5550031015        177.1560895227325       -24.49997893030559    
    115.5000000000000        4595.782557649335        68.89206607951188        4749.257180709138        327618.1819472221        177.1577256403597       -25.49997783096402    
    116.5000000000000        4422.438492152706        68.52046946342455        4698.343646944096        322382.6782631262        177.1593892292503       -26.49997671316454    
    117.5000000000000        4254.806549520386        68.13632945380792        4645.999408360904        317029.2837773030        177.1610820271038       -27.49997557573948    
    118.5000000000000        4092.797083703903        67.73985869559631        4592.281867737468        311566.4237145297        177.1628058694403       -28.49997441745559    
    119.5000000000000        3936.302416704239        67.33127190399320        4537.248890412231        306002.5227118228        177.1645626982960       -29.49997323700800    
    120.5000000000000        3785.211415939348        66.91079812654765        4480.960490609005        300346.1762690973        177.1663545717638       -30.49997203301380    
    121.5000000000000        3639.394778992161        66.47866572336245        4423.476656969441        294605.9123171992        177.1681836744833       -31.49997080400515    
    122.5000000000000        3498.724313987823        66.03511636048998        4364.859144220000        288790.3605892324        177.1700523291954       -32.49996954842138    
    123.5000000000000        3363.063176314300        65.58039523257038        4305.170129852455        282908.1120672214        177.1719630094964       -33.49996826460040    
    124.5000000000000        3232.266466327115        65.11476732605657        4244.474240567904        276967.9055031897        177.1739183539450       -34.49996695076938    
    125.5000000000000        3106.195315538841        64.63848408040323        4182.834059833471        270978.1718010338        177.1759211816953       -35.49996560503411    
    126.5000000000000        2984.708931884127        64.15182290051430        4120.315240563428        264947.5290359755        177.1779745098595       -36.49996422536730    
    127.5000000000000        2867.666567464804        63.65505582902217        4056.982355271534        258884.3695206266        177.1800815728301       -37.49996280959577    
    128.5000000000000        2754.923387485077        63.14847057762500        3992.901453675769        252797.0914101653        177.1822458438305       -38.49996135538582    
    129.5000000000000        2646.339988389335        62.63236519575378        3928.139366449054        246694.0308532445        177.1844710590042       -39.49995986022709    
    130.5000000000000        2541.775113235534        62.10702687062469        3862.760872432413        240583.1786287571        177.1867612444017       -40.49995832141444    
    131.5000000000000        2441.090458515685        61.57276203599881        3796.832424143782        234472.5271690538        177.1891207462852       -41.49995673602758    
    132.5000000000000        2344.158007400632        61.02988722787007        3730.420861886707        228369.9376019656        177.1915542652417       -42.49995510090810    
    133.5000000000000        2250.845693232708        60.47872098136926        3663.592384015318        222283.0433216750        177.1940668946776       -43.49995341263374    
    134.5000000000000        2161.023624584059        59.91959205941746        3596.413474541901        216219.3304161430        177.1966641643703       -44.49995166748894    
    135.5000000000000        2074.572017422919        59.35283091180280        3528.949617629095        210186.0005474119        177.1993520898742       -45.49994986143181    
    136.5000000000000        1991.362947110884        58.77878602085250        3461.267392845208        204190.1747225895        177.2021372287229       -46.49994799005626    
    137.5000000000000        1911.279962022117        58.19780330984172        3393.431781072436        198238.6348240982        177.2050267445480       -47.49994604854902    
    138.5000000000000        1834.204278426944        57.61024172552711        3325.507927125723        192337.9773893173        177.2080284804513       -48.49994403164015    
    139.5000000000000        1760.026275251671        57.01647251083396        3257.561082958894        186494.6156726301        177.2111510432309       -49.49994193354670    
    140.5000000000000        1688.633843287611        56.41684975446447        3189.653009259707        180714.4552436514        177.2144039003832       -50.49993974790738    
    141.5000000000000        1619.924973286685        55.81176942798433        3121.848577275095        175003.4552425761        177.2177974922074       -51.49993746770720    
    142.5000000000000        1553.794225667054        55.20157317770479        3054.205223481349        169366.7647104890        177.2213433618310       -52.49993508519024    
    143.5000000000000        1490.140011702707        54.58670079575369        2986.789160480059        163810.0237162802        177.2250543065929       -53.49993259175784    
    144.5000000000000        1428.874613622264        53.96746761556295        2919.651679999116        158337.4750410747        177.2289445549979       -54.49992997784967    
    145.5000000000000        1369.896808948502        53.34432948445746        2852.857113219232        152954.1878456231        177.2330299744309       -55.49992723280430    
    146.5000000000000        1313.123160284576        52.71762775445947        2786.455976943018        147663.9403376872        177.2373283160582       -56.49992434469452    
    147.5000000000000        1258.472344143840        52.08780313373148        2720.507308575279        142470.9814766755        177.2418595049268       -57.49992130013246    
    148.5000000000000        1205.859660224326        51.45523036014529        2655.061305998726        137378.6670024395        177.2466459853060       -58.49991808403755    
    149.5000000000000        1155.216594861664        50.82030026486378        2590.167896542511        132390.1451498747        177.2517131339495       -59.49991467935892    
    150.5000000000000        1106.451779506062        50.18345000030818        2525.880129466542        127508.6424888927        177.2570897573966       -60.49991106674106    
    151.5000000000000        1059.527122962108        49.54506041455262        2462.242496375109        122736.4932231442        177.2628086939523       -61.49990722411953    
    152.5000000000000        1014.336900383797        48.90550849737926        2399.298153580255        118075.8359552375        177.2689075469929       -62.49990312622821    
    153.5000000000000        970.8572562076837        48.26523165146978        2337.093404108892        113528.8176724869        177.2754295842865       -63.49989874399489    
    154.5000000000000        929.0018915787950        47.62462065662262        2275.668427901733        109097.0104454539        177.2824248489001       -64.49989404379504    
    155.5000000000000        888.7284323128031        46.98405623583303        2215.060208363667        104781.5883503643        177.2899515421472       -65.49988898652245    
    156.5000000000000        849.9769523424422        46.34397745128044        2155.309351891644        100583.8483041183        177.2980777596058       -66.49988352642275    
    157.5000000000000        812.7042119028248        45.70469215555307        2096.442059306594        96503.92907298733        177.3068836900504       -67.49987760961599    
    158.5000000000000        776.8469556116132        45.06667510393688        2038.498242810515        92542.81577754726        177.3164644280084       -68.49987117220681    
    159.5000000000000        742.3787008084512        44.43026894514411        1981.503465134041        88700.36795481869        177.3269336094669       -69.49986413784147    
    160.5000000000000        709.2454855975518        43.79588160023034        1925.487628493416        84976.65854377588        177.3384281662076       -70.49985641451337    
    161.5000000000000        677.4018990736907        43.16389122121208        1870.475675013417        81371.30144031660        177.3511146220209       -71.49984789033246    
    162.5000000000000        646.8130427961001        42.53464397849933        1816.488285337712        77883.56785145530        177.3651975475225       -72.49983842784415    
    163.5000000000000        617.4398940075087        41.90856862731752        1763.551268637580        74512.96962018682        177.3809310893009       -73.49982785628271    
    164.5000000000000        589.2380527248445        41.28600502251116        1711.680881486048        71258.32249577172        177.3986349617281       -74.49981596082574    
    165.5000000000000        562.1838770615971        40.66732189602185        1660.894405066630        68118.46759132468        177.4187170556910       -75.49980246740270    
    166.5000000000000        536.2246248616472        40.05285048302023        1611.204235870072        65091.88029934723        177.4417060950010       -76.49978702075192    
    167.5000000000000        511.3435580737702        39.44295190246179        1562.623503564118        62177.03460231710        177.4682999667298       -77.49976915194547    
    168.5000000000000        487.4912696901709        38.83799598533725        1515.164590653456        59372.33071098044        177.4994392652303       -78.49974822897163    
    169.5000000000000        464.6436956329296        38.23824414815456        1468.830002240955        56675.56523092993        177.5364228571176       -79.49972337908083    
    170.5000000000000        442.7634784037861        37.64410941978125        1423.632369007972        54085.09630587131        177.5810964259445       -80.49969336209172    
    171.5000000000000        421.8191050711848        37.05581707594629        1379.568808515447        51598.39038486517        177.6361740878563       -81.49965635427502    
    172.5000000000000        401.7862721533060        36.47368072290002        1336.642002566912        49213.23910716601        177.7058172529684       -82.49960955936920    
    173.5000000000000        382.6256661133630        35.89803364340445        1294.854939155076        46927.45827934487        177.7967476952641       -83.49954846059576    
    174.5000000000000        364.3104623626272        35.32906154600814        1254.198585878356        44738.20851400751        177.9205745003336       -84.49946525688310    
    175.5000000000000        346.8123470625237        34.76709569221099        1214.673840331466        42643.23642317447        178.0992222385756       -85.49934521474610    
    176.5000000000000        330.1035278248909        34.21230708401282        1176.268848400469        40639.60913220224        178.3796582898117       -86.49915676941215    
    177.5000000000000        314.1519210196111        33.66495646543920        1138.978005152082        38724.80051707088        178.8839240901987       -87.49881788963812    
    178.5000000000000        298.9357066342020        33.12523740362197        1102.789873585923        36895.99771848717        180.0587542830327       -88.49802817252100    
    179.5000000000000        284.4249894705958        32.59336528770200        1067.694199530057        35150.51057843645        185.8750795192689       -89.49410909951422    
    180.5000000000000        270.5935698390117        32.06954399337191        1033.680250586278        33485.72902813866        348.3670931661002       -89.49409919830993    
    181.5000000000000        257.4185078073740        31.55390933421626        1000.730328773197        31898.62057330216        354.1832653115790       -88.49801816778307    
    182.5000000000000        244.8744452864507        31.04663095502701        968.8307252603597        30386.54904309117        355.3580829786160       -87.49880787647646    
    183.5000000000000        232.9277156975955        30.54787928218470        937.9669158464615        28946.85630291072        355.8623453206005       -86.49914675392593    
    184.5000000000000        221.5643299686635        30.05771739901060        908.1171920333559        27576.60078065947        356.1427799476942       -85.49933519830277    
    185.5000000000000        210.7567035265624        29.57628279547099        879.2651297047438        26273.19323636927        356.3214269648318       -84.49945523995524    
    186.5000000000000        200.4786457691800        29.10367702794231        851.3915963537398        25033.96639882325        356.4452533550981       -83.49953844338917    
    187.5000000000000        190.7162315086123        28.63995318474784        824.4749359782919        23856.22818218507        356.5361835371214       -82.49959954198773    
    188.5000000000000        181.4388835798891        28.18516441993769        798.4936836770287        22737.37047555001        356.6058265282814       -81.49964633677664    
    189.5000000000000        172.6322092636617        27.73937761787778        773.4274908991347        21674.91482630815        356.6609040682189       -80.49968334451138    
    190.5000000000000        164.2695597662624        27.30256641066844        749.2509662853055        20666.24157988061        356.7055775482306       -79.49971336144084    
    191.5000000000000        156.3376015346463        26.87483273900918        725.9464387386924        19709.14122168733        356.7425610734481       -78.49973821128678    
    192.5000000000000        148.8101409377335        26.45606323059436        703.4844603276899        18800.97841099911        356.7737003206311       -77.49975913422617    
    193.5000000000000        141.6759635933001        26.04639310816661        681.8501857288269        17939.81867816766        356.8002941520195       -76.49977700300549    
    194.5000000000000        134.9112449733659        25.64566863585426        661.0129438921099        17123.12756851141        356.8232831590457       -75.49979244963458    
    195.5000000000000        128.5028477113899        25.25398113791341        640.9565648290657        16349.06471180113        356.8433652267711       -74.49980594303997    
    196.5000000000000        122.4304361713526        24.87119034256293        621.6523273982260        15615.32464474721        356.8610690775870       -73.49981783848243    
    197.5000000000000        116.6807138475786        24.49731401581023        603.0812764996871        14920.09434250604        356.8768026013539       -72.49982841003177    
    198.5000000000000        111.2349945988845        24.13225909487837        585.2186300998638        14261.37212101856        356.8908855116872       -71.49983787250991    
    199.5000000000000        106.0805644428932        23.77595237476814        568.0418033243368        13637.32952050616        356.9035719546074       -70.49984639668216    
    200.5000000000000        101.2008560726377        23.42835183163138        551.5301953112772        13046.26695010174        356.9150665002975       -69.49985412000284    
    201.5000000000000        96.58331695826679        23.08931385883000        535.6588716391775        12486.38658229071        356.9255356722132       -68.49986115436177    
    202.5000000000000        92.21386969697652        22.75880559358682        520.4091771880353        11956.18864022314        356.9351164018747       -67.49986759176535    
    203.5000000000000        88.07982856601578        22.43666076679607        505.7564344081184        11454.00150963583        356.9439223250612       -66.49987350856722    
    204.5000000000000        84.16918123115207        22.12282099694434        491.6820974748812        10978.44040683612        356.9520485361345       -65.49987896866264    
    205.5000000000000        80.46975853689558        21.81713566980942        478.1637688264890        10528.02925669464        356.9595752237349       -64.49988402593145    
    206.5000000000000        76.97107664282358        21.51950954703943        465.1824175273567        10101.46430706176        356.9665704833312       -63.49988872612794    
    207.5000000000000        73.66164586725759        21.22980962800685        452.7179350684725        9697.451847903263        356.9730925161471       -62.49989310835824    
    208.5000000000000        70.53170259423536        20.94792006957654        440.7516253455240        9314.790964338077        356.9791913651753       -61.49989720624686    
    209.5000000000000        67.57148488827860        20.67370955925055        429.2647838612555        8952.324951289418        356.9849102981221       -60.49990104886596    
    210.5000000000000        64.77175690309190        20.40704543974810        418.2392732569270        8608.956449765807        356.9902869183117       -59.49990466148164    
    211.5000000000000        62.12378859317535        20.14780552836698        407.6580447896997        8283.663160145245        356.9953540640053       -58.49990806615830    
    212.5000000000000        59.61924917339656        19.89585059134935        397.5039162933182        7975.454835625751        357.0001405417052       -57.49991128225138    
    213.5000000000000        57.25024193102946        19.65104666364283        387.7605434151636        7683.403546634688        357.0046717281332       -56.49991432681181    
    214.5000000000000        55.00928243795862        19.41325578889033        378.4119552660300        7406.624729590131        357.0089700675316       -55.49991721492009    
    215.5000000000000        52.88924801931599        19.18234608663177        369.4430347244810        7144.292816560454        357.0130554849239       -54.49991995996410    
    216.5000000000000        50.88347524863202        18.95817572591967        360.8387495034328        6895.612382148755        357.0169457314561       -53.49992257387100    
    217.5000000000000        48.98561689851231        18.74061288103230        352.5850299020296        6659.845866225147        357.0206566744955       -52.49992506730225    
    218.5000000000000        47.18977260734805        18.52952267376347        344.6681640476876        6436.291423131554        357.0242025425317       -51.49992744981816    
    219.5000000000000        45.49030875802048        18.32477376916422        337.0750658547890        6224.289991594891        357.0275961328903       -50.49992973001736    
    220.5000000000000        43.88192964618455        18.12623207949150        329.7929920064490        6023.214767742154        357.0308489886867       -49.49993191565576    
    221.5000000000000        42.35963681945631        17.93376677748717        322.8097671484999        5832.476518067569        357.0339715502099       -48.49993401374835    
    222.5000000000000        40.91869590822358        17.74724701754135        316.1136422979423        5651.518085156811        357.0369732849474       -47.49993603065643    
    223.5000000000000        39.55470227526781        17.56654688395533        309.6934578171927        5479.817467958217        357.0398627996886       -46.49993797216294    
    224.5000000000000        38.26346586648295        17.39154206864171        303.5384997653356        5316.882390883115        357.0426479375286       -45.49993984353782    
    225.5000000000000        37.04105996167502        17.22211052915187        297.6385057026769        5162.249183733994        357.0453358620925       -44.49994164959433    
    226.5000000000000        35.88379970773423        17.05813230031651        291.9836416916920        5015.481004259718        357.0479331309080       -43.49994339473852    
    227.5000000000000        34.78820468998460        16.89949113868448        286.5645411209583        4876.167686003481        357.0504457595244       -42.49994508301235    
    228.5000000000000        33.75096931256797        16.74607333937307        281.3722458020190        4743.923104945746        357.0528792777147       -41.49994671813131    
    229.5000000000000        32.76901147359114        16.59776696701060        276.3981642456495        4618.383119140087        357.0552387788808       -40.49994830351770    
    230.5000000000000        31.83943936004943        16.45446373654899        271.6341207186286        4499.205908799241        357.0575289636062       -39.49994984232988    
    231.5000000000000        30.95953033551040        16.31605888693359        267.0723371127149        4386.070673085404        357.0597541781498       -38.49995133748816    
    232.5000000000000        30.12671345529359        16.18245178166638        262.7054382907768        4278.676930413670        357.0619184485588       -37.49995279169776    
    233.5000000000000        29.33857517366229        16.05354262433346        258.5263178236060        4176.740086696006        357.0640255109740       -36.49995420746889    
    234.5000000000000        28.59287739851468        15.92923468156133        254.5282079670908        4079.992730828023        357.0660788386165       -35.49995558713532    
    235.5000000000000        27.88750908859127        15.80943475732326        250.7046800443362        3988.183920831588        357.0680816658764       -34.49995693287032    
    236.5000000000000        27.22047002614532        15.69405068937021        247.0495481248144        3901.076132081362        357.0700370098638       -33.49995824670101    
    237.5000000000000        26.58987334456686        15.58299248748381        243.5568956425545        3818.445364967788        357.0719476897308       -32.49995953052167    
    238.5000000000000        25.99396431436034        15.47617469534021        240.2211469735197        3740.082515214167        357.0738163440345       -31.49996078610521    
    239.5000000000000        25.43112620895834        15.37351586529876        237.0370364018031        3665.792031260621        357.0756454463697       -30.49996201511359    
    240.5000000000000        24.89984150392128        15.27493862438180        233.9996006631771        3595.391282559751        357.0774373194757       -29.49996321910752    
    241.5000000000000        24.39866085118124        15.18036671646386        231.1040697585163        3528.707369051478        357.0791941479908       -28.49996439955492    
    242.5000000000000        23.92623938059722        15.08972842596375        228.3459719516765        3465.579370653060        357.0809179900068       -27.49996555783859    
    243.5000000000000        23.48133935282668        15.00295420806747        225.7210450834115        3405.855737244671        357.0826107875587       -26.49996669526340    
    244.5000000000000        23.06277900584766        14.91997837175097        223.2252865786097        3349.395250797581        357.0842743761655       -25.49996781306276    
    245.5000000000000        22.66947188359963        14.84073748996401        220.8548925415518        3296.065194003507        357.0859104935259       -24.49996891240412    
    246.5000000000000        22.30039287678939        14.76517156297616        218.6062894072698        3245.741856933922        357.0875207874587       -23.49996999439473    
    247.5000000000000        21.95458618990509        14.69322376093881        216.4761183523618        3198.309882492751        357.0891068231695       -22.49997106008632    
    248.5000000000000        21.63115158433817        14.62483828096283        214.4611592568266        3153.660163382042        357.0906700899121       -21.49997211047944    
    249.5000000000000        21.32925678733466        14.55996236205561        212.5583900259036        3111.691055338344        357.0922120071108       -20.49997314652789    
    250.5000000000000        21.04811365168186        14.49854403338340        210.7649087796579        3072.306294231034        357.0937339299962       -19.49997416914229    
    251.5000000000000        20.78701417089182        14.44053618149283        209.0780610445021        3035.417924234447        357.0952371548056       -18.49997517919352    
    252.5000000000000        20.54530094857365        14.38589432238146        207.4953604689774        3000.944138671381        357.0967229235938       -17.49997617751617    
    253.5000000000000        20.32237722919529        14.33457750682818        206.0145150051119        2968.809791252905        357.0981924286913       -16.49997716491146    
    254.5000000000000        20.11768537706455        14.28654587149471        204.6333441793003        2938.944250759378        357.0996468168475       -15.49997814214979    
    255.5000000000000        19.93073340809884        14.24176373199407        203.3498738130027        2911.283541597562        357.1010871930912       -14.49997910997370    
    256.5000000000000        19.76103496474127        14.20019344034796        202.1621384076741        2885.765518588353        357.1025146243358       -13.49998006910013    
    257.5000000000000        19.60818526792467        14.16180414569584        201.0684531693608        2862.336196233140        357.1039301427566       -12.49998102022250    
    258.5000000000000        19.47180268746759        14.12656434596197        200.0671779330282        2840.944079922866        357.1053347489644       -11.49998196401321    
    259.5000000000000        19.35157593553588        14.09444854856997        199.1569220167009        2821.544885378790        357.1067294149954       -10.49998290112543    
    260.5000000000000        19.24723097446292        14.06543237789292        198.3363902035631        2804.097861404563        357.1081150871391       -9.499983832194886    
    261.5000000000000        19.15853145345902        14.03949445293973        197.6044363180041        2788.566914551243        357.1094926886214       -8.499984757841972    
    262.5000000000000        19.08526836324582        14.01661480145565        196.9600127201069        2774.919377956362        357.1108631221588       -7.499985678673289    
    263.5000000000000        19.02727875199110        13.99677563563000        196.4021944992664        2763.126562024336        357.1122272724018       -6.499986595283155    
    264.5000000000000        18.98442745069179        13.97995902520447        195.9301048482272        2753.161942726433        357.1135860082796       -5.499987508255472    
    265.5000000000000        18.95663758551821        13.96615324254237        195.5431101117572        2745.005663613158        357.1149401852600       -4.499988418165104    
    266.5000000000000        18.94385410181489        13.95534758011941        195.2406579372770        2738.640721647765        357.1162906475381       -3.499989325579185    
    267.5000000000000        18.94606066928301        13.94753465042512        195.0223473301479        2734.054566709748        357.1176382301659       -2.499990231058859    
    268.5000000000000        18.96328369231638        13.94270895971649        194.8878845462454        2731.238066798481        357.1189837611329       -1.499991135160526    
    269.5000000000000        18.99557921115134        13.94086641306435        194.8370672783539        2730.185123423379        357.1203280634108      -0.4999920384370625    
    270.5000000000000        19.04302782535758        13.94200403770111        194.8697754999486        2730.892441800396        357.1216719569709       0.5000070585605184    
    271.5000000000000        19.10576592604047        13.94612473700286        194.9861172009141        2733.362896855509        357.1230162607873        1.500006155281872    
    272.5000000000000        19.18395833936865        13.95323173310554        195.1862577476244        2737.601587020077        357.1243617948339        2.500005251176134    
    273.5000000000000        19.27781560357090        13.96333005088359        195.4704669986669        2743.616959282512        357.1257093820870        3.500004345690269    
    274.5000000000000        19.38758212553729        13.97642697320542        195.8391322902519        2751.421094622705        357.1270598505431        4.500003438267868    
    275.5000000000000        19.51354744434681        13.99253347891259        196.2928034654800        2761.030774600512        357.1284140352637        5.500002528347927    
    276.5000000000000        19.65603659972376        14.01166161518904        196.8321134063934        2772.465677205472        357.1297727804562        6.500001615363140    
    277.5000000000000        19.81542078921390        14.03382632086698        197.4578354402720        2785.749747114108        357.1311369416026        7.500000698738631    
    278.5000000000000        19.99213806925751        14.05904569899694        198.1708945069233        2800.911531632571        357.1325073876490        8.499999777890626    
    279.5000000000000        20.18663440396812        14.08733720039231        198.9722488176760        2817.981432147918        357.1338850032654        9.499998852224621    
    280.5000000000000        20.39942377376340        14.11872306862755        199.8630588831520        2836.995670350470        357.1352706911912        10.49999792113399    
    281.5000000000000        20.63107976732579        14.15322847879354        200.8446341712695        2857.995162949742        357.1366653746768        11.49999698399846    
    282.5000000000000        20.88221370294662        14.19087987136459        201.9183821097174        2881.024366657357        357.1380700000398        12.49999604018212    
    283.5000000000000        21.15349649685399        14.23170514255174        203.0858187988206        2906.131666018307        357.1394855393474        13.49999508903174    
    284.5000000000000        21.44565451254424        14.27573681265890        204.3486673775949        2933.371698843005        357.1409129932443        14.49999412987505    
    285.5000000000000        21.75948448899138        14.32300814939427        205.7087425497708        2962.802797587434        357.1423533939432        15.49999316201840    
    286.5000000000000        22.09583397430922        14.37355633973650        207.1680511470114        2994.489439098674        357.1438078083982        16.49999218474483    
    287.5000000000000        22.45563724205091        14.42742061640302        208.7287390967717        3028.501150232638        357.1452773416822        17.49999119731187    
    288.5000000000000        22.83989674846598        14.48464228431957        210.3930936035049        3064.912638441015        357.1467631405929        18.49999019894891    
    289.5000000000000        23.24968204500619        14.54526563222120        212.1635773744549        3103.804786765144        357.1482663975125        19.49998918885466    
    290.5000000000000        23.68616593188626        14.60933815713237        214.0428409746407        3145.265123347741        357.1497883545522        20.49998816619460    
    291.5000000000000        24.15060334694273        14.67690938931266        216.0336868978439        3189.387049509044        357.1513303080099        21.49998713009764    
    292.5000000000000        24.64434901902094        14.74803082808267        218.1390780601824        3236.270367607116        357.1528936131816        22.49998607965305    
    293.5000000000000        25.16887526369985        14.82275925684295        220.3622450548728        3286.023969868587        357.1544796895619        23.49998501390709    
    294.5000000000000        25.72575328344263        14.90115180825939        222.7065350419606        3338.762435485415        357.1560900264806        24.49998393185896    
    295.5000000000000        26.31667235478107        14.98326992751597        225.1755479304229        3394.609630981528        357.1577261892248        25.49998283245683    
    296.5000000000000        26.94345009246901        15.06917620739702        227.7730352726570        3453.696377295313        357.1593898257010        26.49998171459348    
    297.5000000000000        27.60804228951982        15.15893787345524        230.5030256506718        3516.163924694445        357.1610826737023        27.49998057710117    
    298.5000000000000        28.31252958986163        15.25262475471553        233.3697619670446        3582.162619382357        357.1628065688491        28.49997941874638    
    299.5000000000000        29.05916850295642        15.35030983295885        236.3777301621572        3651.853007871142        357.1645634532856        29.49997823822422    
    300.5000000000000        29.85036932526779        15.45206825047450        239.5316375076402        3725.405713939021        357.1663553852210        30.49997703415159    
    301.5000000000000        30.68869766091156        15.55797927679157        242.8364815489274        3803.003424757906        357.1681845494198        31.49997580506042    
    302.5000000000000        31.57695697922999        15.66812432161421        246.2974994126235        3884.840176814663        357.1700532687576        32.49997454938994    
    303.5000000000000        32.51810646512073        15.78258660212898        249.9201602685802        3971.121456957537        357.1719640169757        33.49997326547786    
    304.5000000000000        33.51533075778839        15.90145556244189        253.7103270354992        4062.068853645046        357.1739194327890        34.49997195155107    
    305.5000000000000        34.57203786299384        16.02482156894380        257.6740865885837        4157.916195889091        357.1759223355202        35.49997060571520    
    306.5000000000000        35.69191453204467        16.15277805798227        261.8178404028429        4258.912596627295        357.1779757424634        36.49996922594271    
    307.5000000000000        36.87891700550450        16.28542254083632        266.1483473876916        4365.324062230581        357.1800828882077        37.49996781006011    
    308.5000000000000        38.13724115218766        16.42285409533336        270.6726522726440        4477.432333915992        357.1822472461894        38.49996635573347    
    309.5000000000000        39.47138958786638        16.56517448145131        275.3981306677697        4595.536571409910        357.1844725527821        39.49996486045212    
    310.5000000000000        40.88619205629599        16.71249140997158        280.3326275682056        4719.958021487343        357.1867628342861        40.49996332151051    
    311.5000000000000        42.38684575876022        16.86491492134087        285.4843460995475        4851.037887226191        357.1891224372346        41.49996173598808    
    312.5000000000000        43.97892955169193        17.02255271759613        290.8616754951261        4989.133054605654        357.1915560625093        42.49996010072602    
    313.5000000000000        45.66852792048660        17.18552393790580        296.4737257045090        5134.632014850527        357.1940688038371        43.49995841230152    
    314.5000000000000        47.46206292606135        17.35394366223843        302.3297847786966        5287.941249949749        357.1966661913451        44.49995666699871    
    315.5000000000000        49.36670057718646        17.52793306175372        308.4396671461639        5449.494622490210        357.1993542409697        45.49995486077511    
    316.5000000000000        51.38969798636148        17.70761571701519        314.8136652456628        5619.755166223709        357.2021395106619        46.49995298922403    
    317.5000000000000        53.53954959186270        17.89311674037689        321.4624693085887        5799.212294210618        357.2050291645110        47.49995104753167    
    318.5000000000000        55.82407245434904        18.08455600518279        328.3969278003236        5988.375727771720        357.2080310461216        48.49994903042741    
    319.5000000000000        58.25395655866200        18.28208808847862        335.6297215819522        6187.829552749142        357.2111537628445        49.49994693212749    
    320.5000000000000        60.83731050025620        18.48580045633834        343.1711887682906        6398.103358693053        357.2144067827859        50.49994474626986    
    321.5000000000000        63.58714133118649        18.69588169428737        351.0362850284465        6619.890826019288        357.2178005469189        51.49994246583864    
    322.5000000000000        66.51255967075826        18.91240931783533        359.2357825420720        6853.774953767247        357.2213465991174        52.49994008307680    
    323.5000000000000        69.62806986326837        19.13556260697976        367.7852457144751        7100.514679116412        357.2250577375494        53.49993758938473    
    324.5000000000000        72.94527920140128        19.36544502940953        376.6974612935762        7360.802719028571        357.2289481916432        54.49993497520078    
    325.5000000000000        76.48000697178571        19.60223632111380        385.9890286946815        7635.481933237269        357.2330338298149        55.49993222986211    
    326.5000000000000        80.24559593434140        19.84602340272155        395.6731272486376        7925.313278557167        357.2373324043863        56.49992934144004    
    327.5000000000000        84.26054292309327        20.09699362140553        405.7677251948745        8231.240303384955        357.2418638417029        57.49992629654493    
    328.5000000000000        88.54033430038220        20.35526356213707        416.2884864726627        8554.169128877935        357.2466505874986        58.49992308009423    
    329.5000000000000        93.10564471648031        20.62096609785461        427.2521655350290        8895.069087502827        357.2517180201846        59.49991967503487    
    330.5000000000000        97.97569379211949        20.89425342605105        438.6772091638277        9255.009128391332        357.2570949481841        60.49991606200884    
    331.5000000000000        103.1735890310090        21.17524369141706        450.5809752939248        9635.053877060411        357.2628142119516        61.49991221894878    
    332.5000000000000        108.7208171427449        21.46407354704371        462.9824666930532        10036.36909766729        357.2689134173270        62.49990812058530    
    333.5000000000000        114.6449448434061        21.76088610490276        475.9015995913378        10460.19479606397        357.2754358349156        63.49990373784245    
    334.5000000000000        120.9705632633118        22.06579301108382        489.3575435290832        10907.79021480334        357.2824315110686        64.49989903709120    
    335.5000000000000        127.7279170396554        22.37891763990235        503.3706066416221        11380.50047121481        357.2899586509225        65.49989397922032    
    336.5000000000000        134.9457947043606        22.70035817788784        517.9607919403164        11879.71526260279        357.2980853545316        66.49988851846945    
    337.5000000000000        142.6584510638914        23.03023055883461        533.1493694368115        12406.91424858428        357.3068918159457        67.49988260095155    
    338.5000000000000        150.9007136789980        23.36866727296651        548.9595378827445        12963.71687932296        357.3164731359536        68.49987616276297    
    339.5000000000000        159.7105607460095        23.71574016132278        565.4117679410689        13551.68310519619        357.3269429580303        69.49986912753994    
    340.5000000000000        169.1264280825990        24.07155726526585        582.5294984246041        14172.56162038865        357.3384382229883        70.49986140326376    
    341.5000000000000        179.1929455779531        24.43615316034444        600.3327672591286        14828.01922717211        357.3511254656100        71.49985287802978    
    342.5000000000000        189.9516175322253        24.80964705875383        618.8467657226150        15519.99148261410        357.3652092700272        72.49984341436543    
    343.5000000000000        201.4544073073432        25.19207620655645        638.0933908290760        16250.36315904433        357.3809437996366        73.49983284148246    
    344.5000000000000        213.7496736197233        25.58354860272765        658.0984639660993        17021.22641987498        357.3986487899774        74.49982094453036    
    345.5000000000000        226.8957088556587        25.98403240564468        678.8814841743191        17834.50981330800        357.4187321589741        75.49980744940267    
    346.5000000000000        240.9452768344667        26.39366585458528        700.4713591333535        18692.58324275163        357.4417226655317        76.49979200079083    
    347.5000000000000        255.9641045514420        26.81237260359514        722.8862430785406        19597.46274672245        357.4683182431119        77.49977412970537    
    348.5000000000000        272.0158758253403        27.24024223322403        746.1537182006302        20551.62428551821        357.4994595486973        78.49975320405137    
    349.5000000000000        289.1717783024400        27.67722239426877        770.2941754272492        21557.32652373584        357.5364455355587        79.49972835096422    
    350.5000000000000        307.5042459676884        28.12333389787212        795.3325349326567        22617.09827857823        357.5811220106709        80.49969833009899    
    351.5000000000000        327.0914759004087        28.57854344846952        821.2910760346849        23733.43532015159        357.6362032721759        81.49966131748539    
    352.5000000000000        348.0208901773329        29.04283576918732        848.1935029467626        24908.97707301380        357.7058510101789        82.49961451649180    
    353.5000000000000        370.3710256610324        29.51609207098491        876.0577249621999        26146.18523149826        357.7967874528354        83.49955340974074    
    354.5000000000000        394.2456959824153        29.99827517933172        904.9066228577767        27447.81851447916        357.9206224744271        84.49947019512288    
    355.5000000000000        419.7374542750952        30.48930482554316        934.7610025148227        28816.63787996085        358.0992821458568        85.49935013718583    
    356.5000000000000        446.9533158824826        30.98903900472882        965.6374091475689        30255.25474422338        358.3797370953833        86.49916166691959    
    357.5000000000000        475.9979223367674        31.49737309822737        997.5553752846531        31766.53121355806        358.8840373405898        87.49882274197151    
    358.5000000000000        506.9864028803656        32.01413870790966        1030.529598281089        33353.13261902663       0.5895993773203546E-01    88.49803291807878    
    359.5000000000000        540.0395434182857        32.53920452977525        1064.577518347869        35017.95415705030        5.875731579113897        89.49411328772219    
