 # author: MA Kubiak / Space Research Center PAS Warsaw Poland, contact: mkubiak@cbk.waw.pl                          
 # code version Program.keplerV_ellipt_V2      , Dates: calkV:20/04/2026  ; part_pr:20/04/2026                       
 # czas no T v_mas, kier.naplywu(dl, szer) macierz obrotu (ecl to helio), r, theta, phi(ecl,spher), V_detector(ecl,cart), IBEX_energy_channel
 #     2025.953271000000        0.8088930000000000E-03     9480.000000000000        -11.28000000301609         251.5700000000000         11.95000000000000        0.2459841265748581        0.9692738567985851         0.000000000000000       -0.9615244635393438        0.2440174711049008        0.1261989691358298        0.1223213615382913       -0.3104294319752456E-01    0.9920049496797150        0.9760380000000000         83.08725699999999       -0.2449200000000000E-01    -29.64099999999999         3.442000000000000       -0.2800000000000000E-01 00
 # routs_end= 150.00;    Maxwellian,    elliptOrb=Off                                                                                        
 # Numerical parameters: GridKl=10  GridKf=09  GridKV=05  epsV= 0.0000100  epssJon=.0010000                                                  
 # Numerical parameters: GridKl=10  GridKf=09  GridKV=05  epsV= 0.0000100  epssJon=.0010000; tessel128                                                                                                                                                                                                                                                                                                                                                                                                                                                                 
# Axis to the Sun: alpha_ecl= 259.0450000000000000 delta_Ecl= 0.0720000000000000 delta_Ax= 90.0000000000000000  repoint= 00078
 #  flag_atom: He                                                   
 #  flag_general:                                                   
 #                                                                  
 #                                                                  
  # Ly_a_Profil: zero                                               
  # flag_Itot: zero                                                 
 #  v_SW_Eqtr: speed3D.hybrid2026c_patched.dat                      
 #  n_SW_Eqtr: density3D.hybrid2026c_patched.dat                    
 #  phot_Eqtr: 0.8500000  phion_Helium_T12F107_2026c.dat            
 #  sigma_SW: p+He->H +He+, He + alpha (2 chnls);src:simuLosses.nb  
 #  flag_el:slow  swEqtrElectrons5.2026c.patched.dat                
 #  SW_lati: interpolation                                          
 #  phot_lati: analit pole-flattened after Pryor & Auchere          
 #
 #
 #
 #Spin  flux speed	speed^2 speed^3    long_ecl lat_ecl
   0.5000000000000000        877.2698020903459        33.16998405910126        1106.320829427005        37101.08049376110        160.8509467004232        89.49484022454794    
    1.500000000000000        931.4262340222504        33.70737886411332        1142.406134064124        38928.25276559145        166.2975419933861        88.49827088401224    
    2.500000000000000        988.7678290846560        34.25226116051008        1179.579644522983        40840.55250122256        167.3963869403917        87.49896156813972    
    3.500000000000000        1049.442148703944        34.80447973775534        1217.855299071590        42840.89450652870        167.8679787771611        86.49925792352778    
    4.500000000000000        1113.582816837317        35.36374892892807        1257.236302761425        44931.62986472202        168.1302336655670        85.49942271694616    
    5.500000000000000        1181.351136622855        35.92981552899379        1297.727851809864        47115.27880652715        168.2972964600019        84.49952769114083    
    6.500000000000000        1252.887202675257        36.50251281378348        1339.340831796564        49394.71790247257        168.4130922790825        83.49960045044027    
    7.500000000000000        1328.321722633652        37.08138819815527        1382.063228100455        51771.52296100982        168.4981248116408        82.49965387936680    
    8.500000000000000        1407.829246037716        37.66634889228673        1425.909892660821        54248.86009263267        168.5632505627501        81.49969479990121    
    9.500000000000000        1491.513249166723        38.25693151289429        1470.865688394398        56828.14174658962        168.6147554747437        80.49972716189620    
    10.50000000000000        1579.542020368506        38.85291014886115        1516.932935367301        59511.81977156009        168.6565311038611        79.49975341062371    
    11.50000000000000        1672.027323295498        39.45393801417961        1564.103039429817        62301.68246687898        168.6911155495319        78.49977514088955    
    12.50000000000000        1769.096592790698        40.05964342835300        1612.364076908886        65199.30460853186        168.7202347909615        77.49979343719814    
    13.50000000000000        1870.879922407894        40.66974970702931        1661.710218644938        68206.59889188065        168.7451034510212        76.49980906274277    
    14.50000000000000        1977.474653805069        41.28386050164440        1712.124666273867        71324.78942131542        168.7666011154443        75.49982257019799    
    15.50000000000000        2088.978150285227        41.90165014011179        1763.594394966439        74555.25969660358        168.7853804038190        74.49983436962582    
    16.50000000000000        2205.479637049311        42.52271053682036        1816.098137243416        77898.84183218480        168.8019357442330        73.49984477169070    
    17.50000000000000        2327.068041806892        43.14672035151818        1869.620072374598        81356.63750200794        168.8166485691991        72.49985401605784    
    18.50000000000000        2453.780785462539        43.77326653306591        1924.134842825518        84929.06809897617        168.8298178540828        71.49986229058180    
    19.50000000000000        2585.686105571701        44.40199663461183        1979.620496306143        88616.68992834091        168.8416812594605        70.49986974459117    
    20.50000000000000        2722.787957999331        45.03250127281947        2036.048185548813        92419.51047673363        168.8524300856935        69.49987649828496    
    21.50000000000000        2865.110274562775        45.66440468034986        2093.390177798048        96337.51017721789        168.8622200542715        68.49988264950692    
    22.50000000000000        3012.639096899652        46.29731363769744        2151.615277801236        100370.3265500670        168.8711792142216        67.49988827871340    
    23.50000000000000        3165.330815201181        46.93083376729447        2210.690177148550        104517.3280116728        168.8794138299224        66.49989345267292    
    24.50000000000000        3323.135990505281        47.56457355111653        2270.579897837953        108777.6412542998        168.8870128270470        65.49989822725954    
    25.50000000000000        3485.959871182908        48.19813143368320        2331.246542544107        113150.0499869053        168.8940511924359        64.49990264958927    
    26.50000000000000        3653.699365984276        48.83112172030373        2392.651763551731        117633.1644712499        168.9005926042108        63.49990675967255    
    27.50000000000000        3826.207065135982        49.46313837568651        2454.753234286879        122225.1523121045        168.9066914880681        62.49991059170620    
    28.50000000000000        4003.317991978842        50.09380270925495        2517.509399215139        126924.0860059499        168.9123946406844        61.49991417509368    
    29.50000000000000        4184.834135949894        50.72271880122753        2580.875090620467        131727.6091936220        168.9177425229541        60.49991753525740    
    30.50000000000000        4370.517673065170        51.34948889881718        2644.802921299369        136633.0226206500        168.9227702988334        59.49992069429168    
    31.50000000000000        4560.101537044599        51.97372805130095        2709.244954543280        141637.4152293232        168.9275086763219        58.49992367149101    
    32.50000000000000        4753.287421446849        52.59505694561895        2774.152022051098        146737.6081766281        168.9319845931995        57.49992648378095    
    33.50000000000000        4949.737892538797        53.21309512297422        2839.472866933400        151930.0669479784        168.9362217799556        56.49992914607190    
    34.50000000000000        5149.073107332063        53.82744801082137        2905.153060395638        157210.8306046571        168.9402412248301        55.49993167155118    
    35.50000000000000        5350.897875889743        54.43776653921125        2971.141252099416        162575.9962453233        168.9440615602670        54.49993407192595    
    36.50000000000000        5554.777260010640        55.04369003241756        3037.383229893545        168021.2478230031        168.9476993858537        53.49993635762608    
    37.50000000000000        5760.248167893100        55.64485183042314        3103.822501564602        173541.8947721334        168.9511695396007        52.49993853797457    
    38.50000000000000        5966.812722758217        56.24090877501565        3170.403613200744        179133.1456456562        168.9544853269563        51.49994062133153    
    39.50000000000000        6173.962198912945        56.83152266411609        3237.070162273109        184789.9418792213        168.9576587150460        50.49994261521613    
    40.50000000000000        6381.149256956967        57.41635842632747        3303.764704721316        190506.9540228125        168.9607004981470        49.49994452641066    
    41.50000000000000        6587.815132656909        57.99508402671254        3370.428745143698        196278.5752943338        168.9636204392521        48.49994636104936    
    42.50000000000000        6793.367415264001        58.56736941517252        3437.002717617679        202098.9239312064        168.9664273916590        47.49994812469496    
    43.50000000000000        6997.214527807187        59.13289555088373        3503.427120604159        207961.9453493517        168.9691294038026        46.49994982240442    
    44.50000000000000        7198.748301631953        59.69134444786883        3569.641380681488        213861.3102207290        168.9717338099649        45.49995145878607    
    45.50000000000000        7397.359736496010        60.24240396755576        3635.584534566279        219790.4819826364        168.9742473090365        44.49995303804890    
    46.50000000000000        7592.415225638635        60.78576633887978        3701.195067532852        225742.7003297338        168.9766760331289        43.49995456404586    
    47.50000000000000        7783.288514590726        61.32112923596822        3766.411168234544        231711.0127078646        168.9790256075343        42.49995604031140    
    48.50000000000000        7969.347917300864        61.84819891089923        3831.171200358559        237688.3236531473        168.9813012032815        41.49995747009462    
    49.50000000000000        8149.976971901620        62.36668637236526        3895.413270270475        243667.3559626863        168.9835075833365        40.49995885638813    
    50.50000000000000        8324.557138247746        62.87630967401886        3959.075636700302        249640.6991898585        168.9856491433294        39.49996020195383    
    51.50000000000000        8492.478253305360        63.37679477423332        4022.096847567131        255600.8238661380        168.9877299475511        38.49996150934538    
    52.50000000000000        8653.142577371587        63.86786615206919        4084.414630319927        261539.9826449932        168.9897537608539        37.49996278092829    
    53.50000000000000        8805.973235106800        64.34925815684609        4145.967454199929        267450.3703190759        168.9917240769897        36.49996401889777    
    54.50000000000000        8950.413962962988        64.82071713409380        4206.694884276083        273324.1658759533        168.9936441438468        35.49996522529450    
    55.50000000000000        9085.945094851159        65.28199137936778        4266.536357643338        279153.4214836002        168.9955169859760        34.49996640201888    
    56.50000000000000        9212.077865129142        65.73284894166501        4325.433631987152        284930.3150389471        168.9973454247427        33.49996755084361    
    57.50000000000000        9328.360968245315        66.17305859924133        4383.328314363967        290646.9103510751        168.9991320963964        32.49996867342510    
    58.50000000000000        9434.390131192340        66.60240125232617        4440.163507339986        296295.3357708792        169.0008794683065        31.49996977131365    
    59.50000000000000        9529.815213080972        67.02066502413763        4495.883202760652        301867.7298929311        169.0025898535813        30.49997084596261    
    60.50000000000000        9614.329073493665        67.42764488224108        4550.432317018824        307356.2555936784        169.0042654242597        29.49997189873671    
    61.50000000000000        9687.694350258445        67.82314136912706        4603.756593408395        312753.0997272274        169.0059082232378        28.49997293091955    
    62.50000000000000        9749.723874731013        68.20695796906899        4655.802311427305        318050.4526557811        169.0075201750743        27.49997394372035    
    63.50000000000000        9800.303621297906        68.57890271503248        4706.516564675935        323240.5453525023        169.0091030957996        26.49997493828013    
    64.50000000000000        9839.371596336847        68.93878667915106        4755.847118217982        328315.6442223013        169.0106587018374        25.49997591567740    
    65.50000000000000        9866.936235130657        69.28642572019326        4803.742728588225        333268.0952689290        169.0121886181362        24.49997687693309    
    66.50000000000000        9883.052052141185        69.62164011136066        4850.153134788253        338090.3306781622        169.0136943855950        23.49997782301538    
    67.50000000000000        9887.825035247924        69.94425257855313        4895.028863099440        342774.8596998861        169.0151774678582        22.49997875484393    
    68.50000000000000        9881.412136921128        70.25409253943189        4938.321858285264        347314.3422686408        169.0166392575451        21.49997967329370    
    69.50000000000000        9863.994879266200        70.55098941731838        4979.984611728773        351701.5074735734        169.0180810819745        20.49998057919868    
    70.50000000000000        9835.807421230800        70.83478204936203        5019.971529905675        355929.3062071389        169.0195042084353        19.49998147335514    
    71.50000000000000        9797.120917875945        71.10531384863607        5058.238304224422        359990.8534047115        169.0209098490497        18.49998235652465    
    72.50000000000000        9748.240015882575        71.36243944711092        5094.742940194334        363879.5503751065        169.0222991652712        17.49998322943697    
    73.50000000000000        9689.497929657537        71.60602183180991        5129.445406334637        367589.0568012006        169.0236732720539        16.49998409279265    
    74.50000000000000        9621.255412403983        71.83592928711322        5162.307230200817        371113.2543121863        169.0250332417272        15.49998494726543    
    75.50000000000000        9543.908615830382        72.05203928985280        5193.292126904703        374446.3250561272        169.0263801076050        14.49998579350455    
    76.50000000000000        9457.871938876686        72.25423455696456        5222.365466250718        377582.7012474731        169.0277148673578        13.49998663213689    
    77.50000000000000        9363.601358139344        72.44240634382940        5249.494816520138        380517.1346051255        169.0290384861706        12.49998746376884    
    78.50000000000000        9261.570495925169        72.61644744202368        5274.648944905869        383244.5923827208        169.0303518997100        11.49998828898832    
    79.50000000000000        9152.275895316483        72.77625915510373        5297.798908568623        385760.3877595506        169.0316560169212        10.49998910836641    
    80.50000000000000        9036.231602712785        72.92175065584959        5318.917986828754        388060.1780428953        169.0329517226712        9.499989922459081    
    81.50000000000000        8913.964421408575        73.05283326651502        5337.980866659306        390139.8802867425        169.0342398802585        8.499990731808749    
    82.50000000000000        8786.006507132570        73.16942522846625        5354.964388574544        391995.7608902173        169.0355213338014        7.499991536945791    
    83.50000000000000        8652.891488996291        73.27144826772262        5369.847060023693        393624.3861731266        169.0367969105229        6.499992338389929    
    84.50000000000000        8515.161383646182        73.35883372283367        5382.610001941747        395022.7338361554        169.0380674229426        5.499993136651689    
    85.50000000000000        8373.356208302896        73.43151698807152        5393.236146159720        396188.1078078259        169.0393336709910        4.499993932233679    
    86.50000000000000        8227.999625085862        73.48944177989168        5401.710891847831        397118.2154535208        169.0405964440551        3.499994725631846    
    87.50000000000000        8079.596819038818        73.53255998999497        5408.022098580473        397811.1697276098        169.0418565229704        2.499995517336804    
    88.50000000000000        7928.632033724475        73.56083173394995        5412.160124038684        398265.4978004794        169.0431146819662        1.499996307835013    
    89.50000000000000        7775.572532183385        73.57422215873891        5414.117352224809        398480.0895076406        169.0443716905772       0.4999970976099461    
    90.50000000000000        7620.866697645332        73.57270528619340        5413.888783182278        398454.2656794473        169.0456283155308      -0.5000021128566513    
    91.50000000000000        7464.933242327409        73.55626227184705        5411.471780088133        398187.7508175636        169.0468853226193       -1.500001323083621    
    92.50000000000000        7308.174653409003        73.52488693357928        5406.866906654093        397680.7681862446        169.0481434785678       -2.500000532589259    
    93.50000000000000        7150.969194809843        73.47857753782166        5400.076693015396        396933.9003636189        169.0494035529065       -3.499999740890059    
    94.50000000000000        6993.669182464689        73.41733870041119        5391.105915102612        395948.1194546098        169.0506663198576       -4.499998947499568    
    95.50000000000000        6836.601549436582        73.34118341883371        5379.961899509128        394724.8205172296        169.0519325602471       -5.499998151927230    
    96.50000000000000        6680.066981927292        73.25013756913700        5366.655192409177        393265.8950790636        169.0532030634506       -6.499997353677066    
    97.50000000000000        6524.351125498012        73.14423403127176        5351.198655351947        391573.6254212529        169.0544786293840       -7.499996552246500    
    98.50000000000000        6369.711098271259        73.02351030220932        5333.607097618709        389650.6404460979        169.0557600705504       -8.499995747125030    
    99.50000000000000        6216.384749433002        72.88801159100576        5313.897712290976        387499.9597608342        169.0570482141535       -9.499994937792957    
    100.5000000000000        6064.588377183611        72.73779650023224        5292.090914783389        385125.0843692622        169.0583439042897       -10.49999412371993    
    101.5000000000000        5914.513892077007        72.57292993457052        5268.209247966820        382529.8676089321        169.0596480042327       -11.49999330436357    
    102.5000000000000        5766.333111511683        72.39348349470144        5242.277415330967        379718.5134553181        169.0609613988224       -12.49999247916794    
    103.5000000000000        5620.201151332390        72.19953581917461        5214.322292998257        376695.5708106296        169.0622849969732       -13.49999164756198    
    104.5000000000000        5476.260868740035        71.99117248394622        5184.372899432051        373465.9254554422        169.0636197343186       -14.49999080895783    
    105.5000000000000        5334.625716259560        71.76848922842109        5152.460799973629        370034.8338413748        169.0649665760068       -15.49998996274915    
    106.5000000000000        5195.397709483593        71.53158778860232        5118.619452641316        366407.8430441075        169.0663265196682       -16.49998910830910    
    107.5000000000000        5058.671921466526        71.28058278395906        5082.885182112510        362590.8906616553        169.0677005985735       -17.49998824498849    
    108.5000000000000        4924.525181995697        71.01559584832209        5045.296262832725        358590.1942726736        169.0690898850047       -18.49998737211365    
    109.5000000000000        4793.019600484228        70.73675714656791        5005.893067082916        354412.2561251501        169.0704954938650       -19.49998648898410    
    110.5000000000000        4664.194941988345        70.44421145523938        4964.718894346273        350063.9441191780        169.0719185865526       -20.49998559487014    
    111.5000000000000        4538.083259063817        70.13810930449203        4921.818626718791        345552.3353241409        169.0733603751304       -21.49998468901027    
    112.5000000000000        4414.705631391069        69.81861588253882        4877.239929433310        340884.8334239388        169.0748221268227       -22.49998377060831    
    113.5000000000000        4294.053583193386        69.48590534642875        4831.032364718562        336069.0621371268        169.0763051688796       -23.49998283883036    
    114.5000000000000        4176.115861828882        69.14015901342623        4783.247065936754        331112.8196727477        169.0778108938459       -24.49998189280153    
    115.5000000000000        4060.871438834328        68.78157609639912        4733.938162084793        326024.2164347815        169.0793407652858       -25.49998093160228    
    116.5000000000000        3948.286542281788        68.41035230465923        4683.159723483551        320811.3445366923        169.0808963240125       -26.49997995426457    
    117.5000000000000        3838.317337734999        68.02669616763546        4630.967927854323        315482.4896323496        169.0824791948818       -27.49997895976751    
    118.5000000000000        3730.916520208430        67.63082406216949        4577.420327815130        310046.0470553877        169.0840910942182       -28.49997794703277    
    119.5000000000000        3626.030783669483        67.22295763856729        4522.575387312247        304510.4597919361        169.0857338379450       -29.49997691491948    
    120.5000000000000        3523.604856412194        66.80332653867654        4466.492794973488        298884.2416595609        169.0874093505058       -30.49997586221849    
    121.5000000000000        3423.578178759778        66.37216059437625        4409.232318075288        293175.8490815699        169.0891196746731       -31.49997478764644    
    122.5000000000000        3325.891063329946        65.92970204384061        4350.855366829514        287393.8288090365        169.0908669823525       -32.49997368983874    
    123.5000000000000        3230.492652183799        65.47620086893573        4291.424289136142        281546.7368843149        169.0926535865090       -33.49997256734218    
    124.5000000000000        3137.323414496087        65.01191606957694        4231.002451628418        275643.1358302935        169.0944819543573       -34.49997141860668    
    125.5000000000000        3046.328956852863        64.53710692962655        4169.652977525521        269691.4576060531        169.0963547219800       -35.49997024197610    
    126.5000000000000        2957.452531763829        64.05203955400032        4107.439533765460        263700.0730873635        169.0982747105629       -36.49996903567786    
    127.5000000000000        2870.643301025409        63.55698940837605        4044.426635018349        257677.3181122754        169.1002449444622       -37.49996779781189    
    128.5000000000000        2785.858489989024        63.05224485692028        3980.679899628946        251631.4989580395        169.1022686713558       -38.49996652633775    
    129.5000000000000        2703.047327344109        62.53808901496895        3916.263702416590        245570.6640941247        169.1043493847682       -39.49996521906049    
    130.5000000000000        2622.159183623368        62.01480784476018        3851.242187094590        239502.6998971051        169.1064908493047       -40.49996387361494    
    131.5000000000000        2543.160152311762        61.48270581155047        3785.681075064299        233435.4865400367        169.1086971289888       -41.49996248744776    
    132.5000000000000        2466.005545589123        60.94211422362106        3719.648478726985        227376.9549193460        169.1109726191592       -42.49996105779744    
    133.5000000000000        2390.656760475434        60.39333247061948        3653.207748412381        221334.4350039878        169.1133220824655       -43.49995958167172    
    134.5000000000000        2317.071478647601        59.83667443342418        3586.423055797271        215315.1616380081        169.1157506895912       -44.49995805582203    
    135.5000000000000        2245.220777096157        59.27249914208687        3519.362871566786        209326.5718085742        169.1182640654515       -45.49995647671429    
    136.5000000000000        2175.065092214342        58.70111183241112        3452.088069779471        203375.2350187385        169.1208683417462       -46.49995484049612    
    137.5000000000000        2106.566469091286        58.12288850370408        3384.666740887544        197468.1792842046        169.1235702169141       -47.49995314295911    
    138.5000000000000        2039.691540623797        57.53814357628168        3317.158413856316        191611.4828874249        169.1263770247418       -48.49995137949553    
    139.5000000000000        1974.409928068066        56.94727101519393        3249.630499498799        185811.7176396222        169.1292968131189       -49.49994954504910    
    140.5000000000000        1910.688107176051        56.35061899356122        3182.143692477442        180074.6775334911        169.1323384347425       -50.49994763405792    
    141.5000000000000        1848.491597736883        55.74856249881061        3114.760121567048        174406.0714704077        169.1355116519414       -51.49994564038847    
    142.5000000000000        1787.791657661091        55.14147019710941        3047.539710764511        168811.2285280109        169.1388272582578       -52.49994355725946    
    143.5000000000000        1728.559496552511        54.52972085476505        2980.541813270898        163295.2256139363        169.1422972200009       -53.49994137715275    
    144.5000000000000        1670.760901451110        53.91370218596343        2913.825034329858        157862.8756236896        169.1459348417105       -54.49993909170937    
    145.5000000000000        1614.375553242132        53.29378534520770        2847.444537264881        152518.5198635769        169.1497549603829       -55.49993669160759    
    146.5000000000000        1559.369637546406        52.67036911709738        2781.456496618999        147266.3728786279        169.1537741744696       -56.49993416641898    
    147.5000000000000        1505.727779997447        52.04383973454109        2715.914089115905        142110.2292831909        169.1580111151385       -57.49993150443798    
    148.5000000000000        1453.409365316507        51.41460765523220        2650.870933935013        137053.7125023984        169.1624867691916       -58.49992869247910    
    149.5000000000000        1402.411847724243        50.78303805961222        2586.374252927104        132099.7764845775        169.1672248654911       -59.49992571563398    
    150.5000000000000        1352.697646542708        50.14955769134118        2522.475592239791        127251.5238235014        169.1722523399690       -60.49992255697939    
    151.5000000000000        1304.250873357691        49.51456408322957        2459.221477703345        122511.4912275331        169.1775998985181       -61.49991919722350    
    152.5000000000000        1257.063123848840        48.87841485619732        2396.652476247108        117881.5985486172        169.1833027026810       -62.49991561427508    
    153.5000000000000        1211.094362152400        48.24154292460613        2334.814778352422        113364.0333019803        169.1894012105748       -63.49991178271517    
    154.5000000000000        1166.352114529272        47.60430249535231        2273.744864436550        108960.1108904298        169.1959422156636       -64.49990767314442    
    155.5000000000000        1122.810051692856        46.96716568452629        2213.488486057119        104671.6619954430        169.2029801399078       -65.49990325137071    
    156.5000000000000        1080.452382775171        46.33043313758857        2154.072951196203        100499.0491305776        169.2105786570586       -66.49989847738910    
    157.5000000000000        1039.267529401202        45.69455171146178        2095.537819587208        96443.39964719927        169.2188127488103       -67.49989330409011    
    158.5000000000000        999.2407096440006        45.05990003213005        2037.913902038281        92505.07627274437        169.2277713347356       -68.49988767560737    
    159.5000000000000        960.3645336250781        44.42685076997016        1981.229818095554        88684.19432674465        169.2375606719255       -69.49988152518164    
    160.5000000000000        922.6081231389985        43.79581272233408        1925.515346465795        84980.82885384424        169.2483088006297       -70.49987477236762    
    161.5000000000000        886.0023679828641        43.16712402473576        1870.792301760322        81394.43735795483        169.2601714316693       -71.49986731933511    
    162.5000000000000        850.4763796354509        42.54118765226324        1817.086201480152        77924.62374281362        169.2733398523082       -72.49985904590160    
    163.5000000000000        816.0742311618792        41.91838856625890        1764.419302146599        74570.70792803356        169.2880517068636       -73.49984980275920    
    164.5000000000000        782.7372301017922        41.29904284185065        1712.806109359503        71331.43249083316        169.3046059502652       -74.49983940207925    
    165.5000000000000        750.4723391042396        40.68356223793513        1662.267774916545        68205.92131324689        169.3233839889806       -75.49982760422947    
    166.5000000000000        719.2663983913695        40.07223164702936        1612.812790831619        65192.42377125359        169.3448802173774       -76.49981409858832    
    167.5000000000000        689.0985854644306        39.46547591630648        1564.460063234949        62289.82443613445        169.3697472105966       -77.49979847515017    
    168.5000000000000        659.9645934520707        38.86357159588236        1517.214532191743        59496.09524479140        169.3988644945651       -78.49978018131654    
    169.5000000000000        631.8302441478552        38.26687480148365        1471.086550913971        56809.54156643265        169.4334466097273       -79.49975845399896    
    170.5000000000000        604.6966101638634        37.67570892701273        1426.081988972925        54228.15474407549        169.4752194184329       -80.49973220884195    
    171.5000000000000        578.5271106370024        37.09035467768397        1382.202611780968        51749.70989028474        169.5267208487573       -81.49969985125824    
    172.5000000000000        553.3256483174316        36.51110205246847        1339.449429042772        49371.92582873134        169.5918421951347       -82.49965893631060    
    173.5000000000000        529.0564016168769        35.93824840186524        1297.823276552981        47092.54193084505        169.6768689789032       -83.49960551468565    
    174.5000000000000        505.7046680712342        35.37205755913627        1257.321085415164        44909.07590816503        169.7926569823263       -84.49953276533131    
    175.5000000000000        483.2528986204481        34.81278444546486        1217.938482462924        42819.01338366292        169.9597085402733       -85.49942780547279    
    176.5000000000000        461.6815942170322        34.26063379993160        1179.666614991263        40819.62738372788        170.2219459058154       -86.49926303450344    
    177.5000000000000        440.9654552567912        33.71586980993949        1142.500156337008        38908.41893598458        170.6935066357307       -87.49896671925777    
    178.5000000000000        421.0878514530336        33.17870241176535        1106.429271318634        37082.69322087499        171.7922812695928       -88.49827612738008    
    179.5000000000000        402.0262391660017        32.64928894695879        1071.440062179681        35339.59886176676        177.2385769488487       -89.49484589628086    
    180.5000000000000        383.7601134820874        32.12788952392232        1037.525915200877        33676.75853893003        340.8515849938165       -89.49483598063495    
    181.5000000000000        366.2660397353596        31.61458045557748        1004.665342500316        32090.96689453779        346.2977370586091       -88.49826612098941    
    182.5000000000000        349.5195765702701        31.10958380418778        972.8486739179911        30579.82320226713        347.3964999748267       -87.49895670549948    
    183.5000000000000        333.5008779075001        30.61300189651828        942.0572431476841        29140.48521244150        347.8680574703441       -86.49925301871244    
    184.5000000000000        318.1837698735430        30.12498097282446        912.2750478071589        27770.30935347104        348.1302935040968       -85.49941778884489    
    185.5000000000000        303.5508824355111        29.64561749495390        883.4832223002643        26466.60060555736        348.2973443877260       -84.49952274827974    
    186.5000000000000        289.5760223454297        29.17500942360721        855.6628352685407        25226.72466231748        348.4131320032665       -83.49959549739035    
    187.5000000000000        276.2373226299793        28.71322387424476        828.7933915606175        24048.05860880214        348.4981585436570       -82.49964891886243    
    188.5000000000000        263.5157027754444        28.26029556276738        802.8525691309767        22927.96912609956        348.5632797273747       -81.49968983370786    
    189.5000000000000        251.3805787881864        27.81628120733619        777.8197702181409        21863.98306222845        348.6147810436437       -80.49972219121983    
    190.5000000000000        239.8205371547936        27.38122516226817        753.6739333665633        20853.68086280590        348.6565537693004       -79.49974843632474    
    191.5000000000000        228.8061536861563        26.95510653899862        730.3906472275228        19894.57525240785        348.6911358221216       -78.49977016360312    
    192.5000000000000        218.3216812349104        26.53796429196056        707.9493654057330        18984.42179819438        348.7202530581046       -77.49978845740658    
    193.5000000000000        208.3438934598930        26.12978953671846        686.3273669756583        18120.96123806858        348.7451200136028       -76.49980408082105    
    194.5000000000000        198.8536216922406        25.73054664385010        665.5009006714970        17301.96198846321        348.7666162118120       -75.49981758644323    
    195.5000000000000        189.8303256945420        25.34022039390298        645.4479995976044        16525.34449104199        348.7853942259936       -74.49982938427756    
    196.5000000000000        181.2538957811487        24.95876491991710        626.1455095385006        15789.04690373188        348.8019484491872       -73.49983978494487    
    197.5000000000000        173.1063111862593        24.58613899362158        607.5713149549896        15091.12588407241        348.8166602869007       -72.49984902807665    
    198.5000000000000        165.3669609156166        24.22227169547881        589.7022174360458        14429.65719130761        348.8298286933561       -71.49985730150127    
    199.5000000000000        158.0194114824035        23.86709834951981        572.5160671842510        13802.82545192257        348.8416913123399       -70.49986475452620    
    200.5000000000000        151.0445742540412        23.52055350946815        555.9913660515653        13208.90591354869        348.8524394307111       -69.49987150733371    
    201.5000000000000        144.4265478130668        23.18253031874159        540.1051632081561        12646.17764170172        348.8622287589779       -68.49987765775386    
    202.5000000000000        138.1467865165334        22.85294735349481        524.8364833417220        12113.05442596141        348.8711873371454       -67.49988328623169    
    203.5000000000000        132.1911769760966        22.53169639542557        510.1637150418759        11607.98308428359        348.8794214221104       -66.49988845952643    
    204.5000000000000        126.5424410674448        22.21867527114900        496.0663067734134        11129.50640366026        348.8870199332905       -65.49989323350431    
    205.5000000000000        121.1869411794971        21.91376887281566        482.5236082413614        10676.20976758142        348.8940578522546       -64.49989765527469    
    206.5000000000000        116.1094114980269        21.61687681056246        469.5165518649897        10246.79241706061        348.9005988526520       -63.49990176484249    
    207.5000000000000        111.2961588729046        21.32785942311708        457.0246760803687        9839.943147616348        348.9066973563588       -62.49990559639979    
    208.5000000000000        106.7341964071753        21.04661951507989        445.0303497473417        9454.502284415468        348.9124001567699       -61.49990917934583    
    209.5000000000000        102.4106820672434        20.77301946216634        433.5145748451295        9089.299449303873        348.9177477119443       -60.49991253909960    
    210.5000000000000        98.31317173649009        20.50692287908679        422.4591523958885        8743.235697891474        348.9227751833762       -59.49991569775229    
    211.5000000000000        94.43029648131873        20.24821216271374        411.8473145161643        8415.297670273478        348.9275132769175       -58.49991867459566    
    212.5000000000000        90.75058538359845        19.99674310845675        401.6617162747914        8104.488472497061        348.9319889284652       -57.49992148655298    
    213.5000000000000        87.26366445760230        19.75238832776213        391.8863260728512        7809.888315883471        348.9362258668522       -56.49992414853255    
    214.5000000000000        83.95929609154932        19.51500746602986        382.5051603813202        7530.612319409637        348.9402450788546       -55.49992667371983    
    215.5000000000000        80.82813043233035        19.28447110411790        373.5032070649909        7265.835508332230        348.9440651956187       -54.49992907382042    
    216.5000000000000        77.86093882311911        19.06064449910449        364.8657751898195        7014.771910662805        348.9477028155772       -53.49993135926271    
    217.5000000000000        75.04927604300070        18.84339278526931        356.5786934124629        6776.678971887303        348.9511727757098       -52.49993353936839    
    218.5000000000000        72.38481971241782        18.63258545103680        348.6284389794213        6550.858499981488        348.9544883805419       -51.49993562249649    
    219.5000000000000        69.85989154707612        18.42808995225482        341.0018943746889        6336.648627552035        348.9576615963702       -50.49993761616506    
    220.5000000000000        67.46712920335078        18.22977519157005        333.6864487157592        6133.424597159469        348.9607032167260       -49.49993952715545    
    221.5000000000000        65.19952848148185        18.03751481752202        326.6701194797167        5940.601222878769        348.9636230039284       -48.49994136160113    
    222.5000000000000        63.05058640228210        17.85118219113190        319.9413234211405        5757.624171785249        348.9664298106658       -47.49994312506404    
    223.5000000000000        61.01404764156136        17.67065355443116        313.4889833727211        5583.971795259399        348.9691316848204       -46.49994482260041    
    224.5000000000000        59.08398085773037        17.49580420702662        307.3023679737611        5419.149313294631        348.9717359601718       -45.49994645881799    
    225.5000000000000        57.25481211995690        17.32651272578343        301.3712317096012        5262.691520724980        348.9742493351533       -44.49994803792517    
    226.5000000000000        55.52132317339399        17.16266016138210        295.6857748696184        5114.160696743602        348.9766779414587       -43.49994956377436    
    227.5000000000000        53.87860887991955        17.00413295495192        290.2367291220476        4973.147738353676        348.9790274039987       -42.49995103989959    
    228.5000000000000        52.32194104968330        16.85081729192642        285.0151202912775        4839.264163049597        348.9813028934526       -41.49995246954946    
    229.5000000000000        50.84692829223376        16.70260354913666        280.0124272810206        4712.145878458695        348.9835091724659       -40.49995385571624    
    230.5000000000000        49.44942923047015        16.55938494426144        275.2205144722982        4591.450343005624        348.9856506363740       -39.49995520116137    
    231.5000000000000        48.12552408399493        16.42105672860773        270.6315878656425        4476.854527653154        348.9877313491971       -38.49995650843824    
    232.5000000000000        46.87153191170733        16.28751695262552        266.2382089285877        4368.054524561885        348.9897550755377       -37.49995777991209    
    233.5000000000000        45.68398181429839        16.15866735060628        262.0333110911418        4264.765211075624        348.9917253089178       -36.49995901777771    
    234.5000000000000        44.55963819993174        16.03441170381496        258.0101287802543        4166.717672012019        348.9936452970128       -35.49996022407560    
    235.5000000000000        43.49543901717416        15.91465680843599        254.1622187701662        4073.659133096545        348.9955180641770       -34.49996140070596    
    236.5000000000000        42.48851861330124        15.79931371081320        250.4834952980412        3985.353392890066        348.9973464315940       -33.49996254944115    
    237.5000000000000        41.53616853550429        15.68829567989147        246.9681385013492        3901.577598117322        348.9991330353447       -32.49996367193743    
    238.5000000000000        40.63585688087666        15.58151805818736        243.6105834717621        3822.121583419146        349.0008803426423       -31.49996476974493    
    239.5000000000000        39.78521397030790        15.47889977942249        240.4055613088559        3746.788444257834        349.0025906664502       -30.49996584431675    
    240.5000000000000        38.98201700284448        15.38036242945228        237.3480580262059        3675.393057596544        349.0042661786728       -29.49996689701750    
    241.5000000000000        38.22419280601099        15.28583156652834        234.4333480426563        3607.762474181029        349.0059089220810       -28.49996792913063    
    242.5000000000000        37.50979337219957        15.19523489110723        231.6569236278021        3543.733742014790        349.0075208211177       -27.49996894186516    
    243.5000000000000        36.83699106092597        15.10850340692748        229.0145264824299        3483.154376446769        349.0091036917050       -26.49996993636202    
    244.5000000000000        36.20410454555466        15.02557183949704        226.5021527566186        3425.882128297546        349.0106592501663       -25.49997091369961    
    245.5000000000000        35.60953305820169        14.94637714911206        224.1159960134581        3371.783245483485        349.0121891213568       -24.49997187489869    
    246.5000000000000        35.05178616502848        14.87085934358534        221.8524694521317        3320.732810198953        349.0136948460886       -23.49997282092734    
    247.5000000000000        34.52947241007045        14.79896227621257        219.7082236459811        3272.614867190280        349.0151778879253       -22.49997375270519    
    248.5000000000000        34.04128201043070        14.73063137609790        217.6800633002382        3227.320055451747        349.0166396394112       -21.49997467110700    
    249.5000000000000        33.58597795784615        14.66581449213165        215.7649718006214        3184.746066683605        349.0180814277953       -20.49997557696674    
    250.5000000000000        33.16242246648701        14.60446246138134        213.9601249702842        3144.797791502866        349.0195045203019       -19.49997647108061    
    251.5000000000000        32.76955239056925        14.54652780361421        212.2628440135942        3107.385990953536        349.0209101289929       -18.49997735421005    
    252.5000000000000        32.40640769263744        14.49196693596204        210.6706613351715        3072.428701379672        349.0222994152663       -17.49997822708477    
    253.5000000000000        32.07210079330333        14.44073773574255        209.1812378954418        3039.849076686070        349.0236734940246       -16.49997909040531    
    254.5000000000000        31.76583372548743        14.39280148444140        207.7924214604787        3009.576649648854        349.0250334375497       -15.49997994484526    
    255.5000000000000        31.48685746919976        14.34811907546764        206.5021212015651        2981.544168951085        349.0263802791117       -14.49998079105386    
    256.5000000000000        31.23451749670672        14.30665579147359        205.3084566404433        2955.691061324469        349.0277150163406       -13.49998162965796    
    257.5000000000000        31.00824117051815        14.26838031005913        204.2097236442141        2931.962526733344        349.0290386143846       -12.49998246126383    
    258.5000000000000        30.80752166319158        14.23326385417371        203.2043613615233        2910.308569968379        349.0303520088766       -11.49998328645938    
    259.5000000000000        30.63191765018002        14.20127978658777        202.2909381697050        2890.683610904029        349.0316561087311       -10.49998410581572    
    260.5000000000000        30.48105399688918        14.17240403537172        201.4681627828468        2873.046670198849        349.0329517987875       -9.499984919888686    
    261.5000000000000        30.35460848198491        14.14661418523095        200.7348531533957        2857.360553785234        349.0342399423191       -8.499985729220702    
    262.5000000000000        30.25231519285268        14.12389113974487        200.0899863553021        2843.592960077780        349.0355213834225       -7.499986534342156    
    263.5000000000000        30.17394577345083        14.10421560251683        199.5325864936521        2831.713774710477        349.0367969493012       -6.499987335772677    
    264.5000000000000        30.11933526998594        14.08757305213173        199.0618797131352        2821.698695684127        349.0380674524580       -5.499988134022797    
    265.5000000000000        30.08836840662692        14.07395060943705        198.6771944600248        2813.526831360801        349.0393336928088       -4.499988929595151    
    266.5000000000000        30.08100556745044        14.06333958728819        198.3780418419826        2807.182595670215        349.0405964597290       -3.499989722985596    
    267.5000000000000        30.09724696132800        14.05573253574030        198.1640194162139        2802.653350574620        349.0418565340446       -2.499990514684769    
    268.5000000000000        30.13714459107969        14.05112364169858        198.0348244424939        2799.929723191284        349.0431146899778       -1.499991305179159    
    269.5000000000000        30.20080643359599        14.04950897794434        197.9902609761585        2799.005756932838        349.0443716970586      -0.4999920949521594    
    270.5000000000000        30.28838081119670        14.05088568063875        198.0302136832153        2799.878277756655        349.0456283220122       0.5000071155144506    
    271.5000000000000        30.40010088736690        14.05525529429949        198.1547533836664        2802.549403750106        349.0468853306309        1.500006325739475    
    272.5000000000000        30.53626084728541        14.06262211582635        198.3640851466726        2807.025318855355        349.0481434896420        2.500005535241281    
    273.5000000000000        30.69723592708869        14.07299308345559        198.6585451744003        2813.316213420886        349.0494035685804        3.500004743536321    
    274.5000000000000        30.88343157580702        14.08637370726589        199.0384730841921        2821.433264981874        349.0506663416755        4.500003950138096    
    275.5000000000000        31.09535310637309        14.10277549364836        199.5044448923308        2831.394155613836        349.0519325897625        5.500003154556109    
    276.5000000000000        31.33354924900206        14.12220995804483        200.0570864728616        2843.218701433235        349.0532031022290        6.500002356294332    
    277.5000000000000        31.59863999247325        14.14469275844042        200.6972049025566        2856.932003031617        349.0544786790053        7.500001554850121    
    278.5000000000000        31.89131726997536        14.17024135655859        201.4257149204378        2872.562717235441        349.0557601326112        8.500000749713065    
    279.5000000000000        32.21233390186268        14.19887530074409        202.2436502246197        2890.143391958174        349.0570482902698        9.499999940363363    
    280.5000000000000        32.56251712875710        14.23061528430436        203.1521380614943        2909.709975645003        349.0583439960997        10.49999912627061    
    281.5000000000000        32.94279238069817        14.26548648356984        204.1525024817269        2931.304248752923        349.0596481133995        11.49999830689248    
    282.5000000000000        33.35418051091698        14.30351462463028        205.2461452493147        2954.971126314481        349.0609615270366        12.49999748167296    
    283.5000000000000        33.79778166696707        14.34472958179295        206.4346600874834        2980.761423568161        349.0622851459563        13.49999665004090    
    284.5000000000000        34.27477016535582        14.38916211180242        207.7197333888168        3008.729601183361        349.0636199058255        14.49999581140852    
    285.5000000000000        34.78641792784543        14.43684531359721        209.1031913600790        3038.934944522369        349.0649667718296        15.49999496516932    
    286.5000000000000        35.33413034425956        14.48781787862204        210.5871083876461        3071.444315706446        349.0663267416392        16.49999411069642    
    287.5000000000000        35.91942025789961        14.54211812095276        212.1736214024318        3106.327838065903        349.0677008485688        17.49999324734067    
    288.5000000000000        36.54390325449952        14.59978692223215        213.8650269538366        3143.661355096073        349.0690901649482        18.49999237442826    
    289.5000000000000        37.20931587488919        14.66086849337105        215.6638098703212        3183.527267239553        349.0704958057319        19.49999149125862    
    290.5000000000000        37.91753376608458        14.72541011990119        217.5726370830727        3226.014478700155        349.0719189323738        20.49999059710207    
    291.5000000000000        38.67059763210678        14.79346037787523        219.5943075254762        3271.217429225399        349.0733607569969        21.49998969119697    
    292.5000000000000        39.47068999267415        14.86507249156960        221.7318666529822        3319.239089415822        349.0748225468902        22.49998877274704    
    293.5000000000000        40.32013165829995        14.94030140958917        223.9885160966862        3370.188929037171        349.0763056293736        23.49998784091838    
    294.5000000000000        41.22143446370269        15.01920436099283        226.3676353753175        3424.183620769367        349.0778113970669        24.49998689483595    
    295.5000000000000        42.17729000436474        15.10184286075393        228.8728557213811        3481.349160863494        349.0793413136152        25.49998593358007    
    296.5000000000000        43.19056297375560        15.18828042762178        231.5079936881591        3541.819520737462        349.0808969199183        26.49998495618266    
    297.5000000000000        44.26436319073003        15.27858272526634        234.2770590607306        3605.737030043001        349.0824798409257        27.49998396162271    
    298.5000000000000        45.40200421488093        15.37282002489370        237.1843459503251        3673.255029035678        349.0840917930620        28.49998294882169    
    299.5000000000000        46.60704292586625        15.47106412234911        240.2343397754472        3744.535879462389        349.0857345923586        29.49998191663867    
    300.5000000000000        47.88329320842883        15.57339046846703        243.4317933455606        3819.753165799208        349.0874101633753        30.49998086386438    
    301.5000000000000        49.23489322806169        15.67987744151122        246.7817142167142        3899.091836278360        349.0891205490095        31.49997978921515    
    302.5000000000000        50.66624278494998        15.79060589810181        250.2893580072062        3982.748414632502        349.0908679213015        32.49997869132638    
    303.5000000000000        52.18209680305830        15.90566111272955        253.9603045439738        4070.933417476429        349.0926545933610        33.49997756874465    
    304.5000000000000        53.78760005934105        16.02512876069476        257.8003316152369        4163.868580720778        349.0944830325590        34.49997641991961    
    305.5000000000000        55.48825315283796        16.14910009139723        261.8156022795855        4261.792209496180        349.0963558751468        35.49997524319497    
    306.5000000000000        57.28996087069488        16.27766739489311        266.0125240648644        4364.956172249388        349.0982759424919        36.49997403679794    
    307.5000000000000        59.19900663610761        16.41092632408152        270.3978337358673        4473.628518814200        349.1002462591469        37.49997279882811    
    308.5000000000000        61.22215324249514        16.54897547092348        274.9786123466350        4588.094962572057        349.1022700730027        38.49997152724486    
    309.5000000000000        63.36655622045267        16.69191335110994        279.7621614835076        4708.655480317679        349.1043508778137        39.49997021985297    
    310.5000000000000        65.63995191269480        16.83984910912612        284.7564355285655        4835.637658787377        349.1064924384351        40.49996887428684    
    311.5000000000000        68.05051609462481        16.99288394984082        289.9693567320171        4969.378027198849        349.1086988191609        41.49996748799290    
    312.5000000000000        70.60704088176742        17.15113326244364        295.4096456021149        5110.246039303208        349.1109744156246        42.49996605820927    
    313.5000000000000        73.31900806070067        17.31470548082631        301.0860707948231        5258.624413822209        349.1133239907964        43.49996458194320    
    314.5000000000000        76.19651948122122        17.48371998978855        307.0081047740541        5414.927758914459        349.1157527157091        44.49996305594575    
    315.5000000000000        79.25053203431163        17.65829414100037        313.1854994129089        5579.593000829803        349.1182662156597        45.49996147668239    
    316.5000000000000        82.49265137630945        17.83854934502097        319.6284600712796        5753.083157892647        349.1208706227653        46.49995984030012    
    317.5000000000000        85.93537044961829        18.02460975525754        326.3477072168169        5935.893132656449        349.1235726359223        47.49995814259002    
    318.5000000000000        89.59247623973785        18.21660396228977        333.3544739157342        6128.548372433679        349.1263795894196        48.49995637894375    
    319.5000000000000        93.47794298830097        18.41465939924712        340.6603667030032        6331.603755957201        349.1292995316994        49.49995454430427    
    320.5000000000000        97.60811231457701        18.61891208641050        348.2777768711150        6545.657681357511        349.1323413160684        50.49995263310899    
    321.5000000000000        101.9988642355020        18.82947794115235        356.2186472896659        6771.312872272692        349.1355147055287        51.49995063922353    
    322.5000000000000        106.6686552443965        19.04651635965489        364.4972792937913        7009.270628569755        349.1388304943688        52.49994855586559    
    323.5000000000000        111.6361833695091        19.27011517364865        373.1253164921974        7260.166860507135        349.1423006497265        53.49994637551611    
    324.5000000000000        116.9227666966613        19.50047605433829        382.1198519449355        7524.840662408190        349.1459384770645        54.49994408981490    
    325.5000000000000        122.5483252842143        19.73764003552424        391.4915181554518        7803.945324091858        349.1497588144097        55.49994168943891    
    326.5000000000000        128.5395673327112        19.98184434613057        401.2600115260225        8098.459623184317        349.1537782613685        56.49993916395834    
    327.5000000000000        134.9176912858094        20.23313615098407        411.4372299445006        8409.133298412529        349.1580154504068        57.49993650166598    
    328.5000000000000        141.7137262167419        20.49171471285244        422.0424467225427        8736.996453531801        349.1624913697900        58.49993368937442    
    329.5000000000000        148.9527867001149        20.75767755291551        433.0908258534629        9082.969471522312        349.1672297500369        59.49993071217339    
    330.5000000000000        156.6689746722815        21.03118591716009        444.6012705447840        9448.143849773705        349.1722575289623        60.49992755313720    
    331.5000000000000        164.8915990503551        21.31233038228484        456.5897748399733        9833.539172111850        349.1776054146069        61.49992419297131    
    332.5000000000000        173.6587646511779        21.60128728638560        469.0772343358336        10240.39534934594        349.1833085709753        62.49992060958149    
    333.5000000000000        183.0058062737182        21.89813938930091        482.0805667559855        10669.84613288341        349.1894074590199        63.49991677754522    
    334.5000000000000        192.9749136272653        22.20305110737823        495.6214480832434        11123.24726035322        349.1959488754867        64.49991266745899    
    335.5000000000000        203.6057771956907        22.51607858076270        509.7168977779417        11601.82826068403        349.2029872461559        65.49990824512595    
    336.5000000000000        214.9465166889843        22.83737383384496        524.3893427798948        12107.06808054655        349.2105862492517        66.49990347053557    
    337.5000000000000        227.0436230598141        23.16704082839766        539.6594751460229        12640.43151163892        349.2188208717396        67.49989829657176    
    338.5000000000000        239.9484790754668        23.50514540831045        555.5469273027082        13203.40189314608        349.2277800394482        68.49989266736043    
    339.5000000000000        253.7151910985957        23.85180693702384        572.0745281410616        13797.63455408560        349.2375700169498        69.49988651613288    
    340.5000000000000        268.4023530172277        24.20712954229356        589.2652553396692        14424.85727421682        349.2483188535165        70.49987976243256    
    341.5000000000000        284.0685372127518        24.57114548213200        607.1388661662190        15086.72683517522        349.2601822709510        71.49987230841563    
    342.5000000000000        300.7775661210017        24.94395257925932        625.7192641455356        15785.12802638577        349.2733515700190        72.49986403388276    
    343.5000000000000        318.6003203024702        25.32559332282723        645.0282363928344        16521.93378753432        349.2880644118283        73.49985478950501    
    344.5000000000000        337.6034081039983        25.71613242843734        665.0891473662825        17299.13672534958        349.3046197724517        74.49984438742744    
    345.5000000000000        357.8688023124236        26.11560982559005        685.9250049013061        18118.80110695909        349.3233990853619        75.49983258798422    
    346.5000000000000        379.4691664094444        26.52408315438370        707.5600681814401        18983.10040157815        349.3448967799748        76.49981908051002    
    347.5000000000000        402.4932734900979        26.94149879825559        730.0132537652819        19894.06889982426        349.3697654777582        77.49980345494166    
    348.5000000000000        427.0266494634211        27.36794465144778        753.3117406437492        20854.15657379106        349.3988847671767        78.49978515860299    
    349.5000000000000        453.1630301012415        27.80336397009473        777.4752509464676        21865.58073358644        349.4334692751928        79.49976342829792    
    350.5000000000000        480.9945644129762        28.24775323741778        802.5267004101119        22930.76130814505        349.4752449873652        80.49973717951823    
    351.5000000000000        510.6275147744280        28.70108038966571        828.4879694226591        24052.15862002844        349.5267500134223        81.49970481745159    
    352.5000000000000        542.1712096701507        29.16332321483706        855.3819036960851        25232.35669317947        349.5918759272028        82.49966389681497    
    353.5000000000000        575.7279133115730        29.63438364941690        883.2270333462254        26473.81866018011        349.6769087031565        83.49961046773549    
    354.5000000000000        611.4187641204114        30.11418085506422        912.0430807026394        27779.13634837015        349.7927049101477        84.49953770819228    
    355.5000000000000        649.3613506468707        30.60263509038853        941.8500258558619        29150.99102661891        349.9597683789493        85.49943273357390    
    356.5000000000000        689.6718903728830        31.09960731884554        972.6640186431877        30591.94676083192        350.2220245992423        86.49926793931853    
    357.5000000000000        732.4834957181656        31.60498535766642        1004.503174238662        32104.74806383859        350.6936196706509        87.49897158189735    
    358.5000000000000        777.9383542464918        32.11863055487638        1037.383920638973        33692.13322764073        351.7924763362067        88.49828089040116    
    359.5000000000000        826.1486498774711        32.64036245577127        1071.319197137371        35356.70324618135        357.2392152562295        89.49485014017759    
