 # author: MA Kubiak / Space Research Center PAS Warsaw Poland, contact: mkubiak@cbk.waw.pl                          
 # code version Program.keplerV_ellipt_V2      , Dates: calkV:20/04/2026  ; part_pr:20/04/2026                       
 # czas no T v_mas, kier.naplywu(dl, szer) macierz obrotu (ecl to helio), r, theta, phi(ecl,spher), V_detector(ecl,cart), IBEX_energy_channel
 #     2025.958748000000        0.8088930000000000E-03     9480.000000000000        -11.28000000301609         251.5700000000000         11.95000000000000        0.2459841265748581        0.9692738567985851         0.000000000000000       -0.9615244635393438        0.2440174711049008        0.1261989691358298        0.1223213615382913       -0.3104294319752456E-01    0.9920049496797150        0.9758700000000001         85.10952300000000       -0.2634200000000000E-01    -29.73199999999999         2.403000000000000       -0.2600000000000000E-01 00
 # routs_end= 150.00;    Maxwellian,    elliptOrb=Off                                                                                        
 # Numerical parameters: GridKl=10  GridKf=09  GridKV=05  epsV= 0.0000100  epssJon=.0010000                                                  
 # Numerical parameters: GridKl=10  GridKf=09  GridKV=05  epsV= 0.0000100  epssJon=.0010000; tessel128                                                                                                                                                                                                                                                                                                                                                                                                                                                                 
# Axis to the Sun: alpha_ecl= 260.9910000000000000 delta_Ecl= 0.0680000000000000 delta_Ax= 90.0000000000000000  repoint= 00080
 #  flag_atom: He                                                   
 #  flag_general:                                                   
 #                                                                  
 #                                                                  
  # Ly_a_Profil: zero                                               
  # flag_Itot: zero                                                 
 #  v_SW_Eqtr: speed3D.hybrid2026c_patched.dat                      
 #  n_SW_Eqtr: density3D.hybrid2026c_patched.dat                    
 #  phot_Eqtr: 0.8500000  phion_Helium_T12F107_2026c.dat            
 #  sigma_SW: p+He->H +He+, He + alpha (2 chnls);src:simuLosses.nb  
 #  flag_el:slow  swEqtrElectrons5.2026c.patched.dat                
 #  SW_lati: interpolation                                          
 #  phot_lati: analit pole-flattened after Pryor & Auchere          
 #
 #
 #
 #Spin  flux speed	speed^2 speed^3    long_ecl lat_ecl
   0.5000000000000000        794.1268903705185        33.14726303305895        1104.779709683881        37022.26903313494        163.2464881717890        89.49539479771637    
    1.500000000000000        843.8839754153520        33.68559416150152        1140.905064317149        38850.27255667792        168.3959638337127        88.49845730503240    
    2.500000000000000        896.6619008131702        34.23149375799762        1178.125966116181        40763.83895229916        169.4339302333622        87.49907345319868    
    3.500000000000000        952.5977150350154        34.78472072526986        1216.450071705786        42765.55279471075        169.8793520570580        86.49933780803153    
    4.500000000000000        1011.837177857806        35.34509004488899        1255.888311994019        44858.21593067734        170.1270461969782        85.49948480368127    
    5.500000000000000        1074.547685187451        35.91230993168789        1296.443304270585        47044.22384633367        170.2848313276611        84.49957843967290    
    6.500000000000000        1140.872553567636        36.48613120125211        1338.119461051681        49326.07398553666        170.3941957639310        83.49964333993488    
    7.500000000000000        1210.978276758591        37.06632811966366        1380.922875385837        51706.43674221267        170.4745051875539        82.49969099762663    
    8.500000000000000        1284.994307750163        37.65248997069097        1424.843736155205        54187.03785985868        170.5360133779967        81.49972749797058    
    9.500000000000000        1363.122180612487        38.24443720102317        1469.889417853042        56770.64537002963        170.5846572393377        80.49975636421830    
    10.50000000000000        1445.469913934402        38.84177122933435        1516.048696093073        59458.91422828838        170.6241122178189        79.49977977753093    
    11.50000000000000        1532.209582683486        39.44418132587703        1563.316176652504        62253.85308178332        170.6567754532876        78.49979916045631    
    12.50000000000000        1623.501729662125        40.05136529284352        1611.685632205850        65157.39691231307        170.6842770629005        77.49981548035696    
    13.50000000000000        1719.461422279040        40.66292689017931        1661.141735330743        68170.89800473407        170.7077642056068        76.49982941798929    
    14.50000000000000        1820.269600935158        41.27854584603524        1711.674005579493        71295.98436682887        170.7280676105688        75.49984146632939    
    15.50000000000000        1926.016375748770        41.89788239582326        1763.268582912746        74534.01992635330        170.7458036466661        74.49985199114518    
    16.50000000000000        2036.862415385480        42.52052694862309        1815.904104054770        77885.84016413426        170.7614392776675        73.49986126954333    
    17.50000000000000        2152.889331751936        43.14613392320560        1869.562851638193        81352.44921056223        170.7753347480350        72.49986951530050    
    18.50000000000000        2274.233657613748        43.77429826966607        1924.220199221707        84934.32645045828        170.7877724252243        71.49987689597917    
    19.50000000000000        2400.970742989070        44.40466655760410        1979.854369930355        88632.07101298198        170.7989767677439        70.49988354477729    
    20.50000000000000        2533.184618510811        45.03681944016463        2036.435464610711        92445.61824698745        170.8091284490930        69.49988956890981    
    21.50000000000000        2670.944166423693        45.67038734823209        2093.936558561500        96375.03247454870        170.8183745402537        68.49989505565127    
    22.50000000000000        2814.284374387396        46.30496806793759        2152.325596831132        100419.9013356053        170.8268359769297        67.49990007676698    
    23.50000000000000        2963.250156489615        46.94015659551606        2211.568330893379        104579.5426319471        170.8346131203089        66.49990469181296    
    24.50000000000000        3117.826977923313        47.57557284133760        2271.630862472550        108853.1712509208        170.8417899560444        65.49990895062766    
    25.50000000000000        3278.017842680507        48.21079415807533        2332.473296868769        113239.4409137049        170.8484373052692        64.49991289523746    
    26.50000000000000        3443.767491923100        48.84544481206975        2394.058133083223        117737.0265979625        170.8546153086101        63.49991656133074    
    27.50000000000000        3615.013025127584        49.47910412496699        2456.341671279446        122344.0106999587        170.8603753682541        62.49991997941036    
    28.50000000000000        3791.655007473415        50.11138178919903        2519.280976545891        127058.3571987404        170.8657616811746        61.49992317570348    
    29.50000000000000        3973.569940511903        50.74188550082545        2582.831163040754        131877.7360599835        170.8708124605283        60.49992617288630    
    30.50000000000000        4160.592651099581        51.37021412773815        2646.944346750348        136799.4087340096        170.8755609167908        59.49992899066646    
    31.50000000000000        4352.535062301888        51.99598381508598        2711.572621265164        141820.4705552989        170.8800360520212        58.49993164625418    
    32.50000000000000        4549.165225317172        52.61880050846735        2776.665013111268        146937.5902358238        170.8842633075042        57.49993415474667    
    33.50000000000000        4750.211724614266        53.23827577197311        2842.169321721927        152147.1597158901        170.8882650954089        56.49993652944364    
    34.50000000000000        4955.381378310614        53.85404196506557        2908.033694058879        157445.4094165209        170.8920612379947        55.49993878210790    
    35.50000000000000        5164.312290536501        54.46570376704448        2974.201611480532        162828.0115813402        170.8956693325978        54.49994092318192    
    36.50000000000000        5376.636495450801        55.07290962634998        3040.619583591740        168290.6946327029        170.8991050566292        53.49994296196892    
    37.50000000000000        5591.942123960646        55.67530463704450        3107.232132405705        173828.8357010147        170.9023824237850        52.49994490678481    
    38.50000000000000        5809.774572124415        56.27253159906194        3173.981962061068        179437.4721805973        170.9055140003385        51.49994676508659    
    39.50000000000000        6029.651074480859        56.86423835096436        3240.810832737599        185111.3733869497        170.9085110885886        50.49994854358118    
    40.50000000000000        6251.052335185293        57.45009283727974        3307.661299560705        190845.1852374457        170.9113838831426        49.49995024831820    
    41.50000000000000        6473.426186457675        58.02975641919108        3374.473814491525        196633.1891456718        170.9141416046146        48.49995188476927    
    42.50000000000000        6696.194705609337        58.60290820985983        3441.189578601011        202469.5479793915        170.9167926144615        47.49995345789622    
    43.50000000000000        6918.751380343121        59.16922001123532        3507.747677842463        208348.0557098606        170.9193445139901        46.49995497220974    
    44.50000000000000        7140.459571373967        59.72837392492426        3574.087240361483        214262.3313876305        170.9218042300288        45.49995643182029    
    45.50000000000000        7360.675011314782        60.28006128373995        3640.147385579950        220205.8177334779        170.9241780893131        44.49995784048226    
    46.50000000000000        7578.734607381101        60.82397375468642        3705.866253436520        226171.6991105244        170.9264718832865        43.49995920163235    
    47.50000000000000        7793.941584385897        61.35981169682874        3771.182057898471        232152.9980525129        170.9286909247291        42.49996051842322    
    48.50000000000000        8005.595135116426        61.88727623849616        3836.032196740416        238142.4986063196        170.9308400973939        41.49996179375297    
    49.50000000000000        8212.985919395338        62.40608268874282        3900.355029153933        244132.9201231333        170.9329238996408        40.49996303029095    
    50.50000000000000        8415.399035983599        62.91594622733938        3964.088155272088        250116.7609109388        170.9349464829007        39.49996423050070    
    51.50000000000000        8612.119519795111        63.41659275273904        4027.169859653874        256086.4406870502        170.9369116856733        38.49996539666002    
    52.50000000000000        8802.439463965602        63.90775530034182        4089.538763406050        262034.2768334473        170.9388230636540        37.49996653087891    
    53.50000000000000        8985.629517088049        64.38916722894341        4151.132965694100        267952.4027617626        170.9406839164995        36.49996763511541    
    54.50000000000000        9160.994545119609        64.86057840883419        4211.892256761064        273832.9941471468        170.9424973116611        35.49996871118977    
    55.50000000000000        9327.858057251709        65.32173722089665        4271.755861746739        279668.0573180440        170.9442661056603        34.49996976079711    
    56.50000000000000        9485.564422457808        65.77241329838762        4330.665512099664        285449.7409644991        170.9459929631212        33.49997078551863    
    57.50000000000000        9633.493994199898        66.21237562747471        4388.562661830534        291170.0721244677        170.9476803738359        32.49997178683181    
    58.50000000000000        9771.068659884320        66.64140947794418        4445.390801942348        296821.1946685762        170.9493306680983        31.49997276611948    
    59.50000000000000        9897.756536538480        67.05930709815294        4501.094331698223        302395.2693840174        170.9509460305115        30.49997372467796    
    60.50000000000000        10013.08759228325        67.46586313787692        4555.617989060076        307884.4231542866        170.9525285124460        29.49997466372460    
    61.50000000000000        10116.63930065488        67.86088385697870        4608.908169379296        313280.8924391415        170.9540800433042        28.49997558440431    
    62.50000000000000        10208.05872869259        68.24418132636015        4660.912230826902        318576.9644244130        170.9556024407251        27.49997648779570    
    63.50000000000000        10287.06459343432        68.61556913178845        4711.577965193540        323764.9312096073        170.9570974198486        26.49997737491653    
    64.50000000000000        10353.44884854421        68.97486036811975        4760.853370229386        328837.0742592272        170.9585666017418        25.49997824672879    
    65.50000000000000        10407.06300888740        69.32187608087148        4808.687866828360        333785.7988227331        170.9600115210783        24.49997910414315    
    66.50000000000000        10447.81642824509        69.65643896503639        4855.031500185113        338603.5617636256        170.9614336331517        23.49997994802318    
    67.50000000000000        10475.68987212057        69.97838123268809        4899.836109746274        343283.0048466506        170.9628343202926        22.49998077918919    
    68.50000000000000        10490.71969609936        70.28753313832111        4943.053762077531        347816.7974595592        170.9642148977523        21.49998159842164    
    69.50000000000000        10492.99637596576        70.58373230505597        4984.638119105292        352197.7904476327        170.9655766191098        20.49998240646442    
    70.50000000000000        10482.66689503966        70.86682600767026        5024.544814080449        356419.0650552451        170.9669206812485        19.49998320402779    
    71.50000000000000        10459.90617498947        71.13666127407497        5062.730097231506        360473.7974013001        170.9682482289502        18.49998399179103    
    72.50000000000000        10424.94529514846        71.39309128490770        5099.151795978471        364355.3696787229        170.9695603591430        17.49998477040509    
    73.50000000000000        10378.06641228535        71.63598084423352        5133.770173527329        368057.4740164361        170.9708581248385        16.49998554049483    
    74.50000000000000        10319.58927396636        71.86520515390968        5166.547811027063        371574.1094194718        170.9721425387918        15.49998630266121    
    75.50000000000000        10249.88644261549        72.08064691718472        5197.449239066831        374899.5504470062        170.9734145769102        14.49998705748334    
    76.50000000000000        10169.37156508246        72.28219348658637        5226.440572315034        378028.3159670556        170.9746751814372        13.49998780552037    
    77.50000000000000        10078.50498413729        72.46973640866568        5253.489480840930        380955.1731659650        170.9759252639359        12.49998854731320    
    78.50000000000000        9977.781766471146        72.64316964871833        5278.564962413026        383675.1190602269        170.9771657080909        11.49998928338622    
    79.50000000000000        9867.740460549225        72.80240225909813        5301.639277232567        386183.6047670309        170.9783973723495        10.49999001424885    
    80.50000000000000        9748.967307871952        72.94734505028460        5322.686013606074        388476.3276022493        170.9796210924189        9.499990740396964    
    81.50000000000000        9622.051790653399        73.07791503646057        5341.680769527879        390549.3119052110        170.9808376836356        8.499991462314403    
    82.50000000000000        9487.611841320626        73.19402845784057        5358.600151003249        392398.8035491452        170.9820479432217        7.499992180474249    
    83.50000000000000        9346.275390029459        73.29560975891066        5373.423126505697        394021.4254475803        170.9832526524425        6.499992895340077    
    84.50000000000000        9198.691987610406        73.38259171958404        5386.131093572603        395414.1921169877        170.9844525786767        5.499993607367257    
    85.50000000000000        9045.498887343934        73.45490933579840        5396.706971678635        396574.4105210616        170.9856484774130        4.499994317004108    
    86.50000000000000        8887.335598283516        73.51250632113339        5405.136205632614        397499.7975777984        170.9868410941828        3.499995024692999    
    87.50000000000000        8724.824199393848        73.55533261820872        5411.406407159449        398188.4427444898        170.9880311664407        2.499995730871544    
    88.50000000000000        8558.567304907676        73.58334961888121        5415.508156410986        398638.9012750369        170.9892194254019        1.499996435973655    
    89.50000000000000        8389.140916011887        73.59652394386524        5417.434085131347        398850.0935708158        170.9904065978482       0.4999971404305717    
    90.50000000000000        8217.115070199437        73.59483086696937        5417.179405081123        398821.3667956988        170.9915934079096      -0.5000021553280000    
    91.50000000000000        8043.024665868253        73.57824666966238        5414.740763952259        398552.3666204496        170.9927805788332       -1.500001450872880    
    92.50000000000000        7867.388326100448        73.54676121881573        5410.118147152562        398043.2529103489        170.9939688347468       -2.500000745774404    
    93.50000000000000        7690.702209397266        73.50037402975995        5403.314280160800        397294.6313127067        170.9951589024273       -3.500000039601296    
    94.50000000000000        7513.428146483489        73.43909197826370        5394.334282255380        396307.5133590642        170.9963515130832       -4.499999331919656    
    95.50000000000000        7335.992064488266        73.36292545846169        5383.185087838826        395083.2501810741        170.9975474041597       -5.499998622291918    
    96.50000000000000        7158.795659364018        73.27189308286167        5369.876146107362        393623.6095383310        170.9987473211762       -6.499997910275691    
    97.50000000000000        6982.220537121553        73.16602659816162        5354.420148674631        391930.8552105648        170.9999520196074       -7.499997195422687    
    98.50000000000000        6806.617699685891        73.04536265027723        5336.831768259850        390007.6005104323        171.0011622668153       -8.499996477277550    
    99.50000000000000        6632.314247476890        72.90994632359020        5317.128173451432        387856.8624748329        171.0023788440458       -9.499995755376728    
    100.5000000000000        6459.604115676065        72.75982897085287        5295.328683460555        385482.0187133651        171.0036025484992       -10.49999502924716    
    101.5000000000000        6288.757223664770        72.59507154362143        5271.455251504132        382886.8576066262        171.0048341954872       -11.49999429840506    
    102.5000000000000        6120.017703515274        72.41574207004656        5245.532047045528        380075.5243865466        171.0060746206897       -12.49999356235456    
    103.5000000000000        5953.601302349704        72.22191987112301        5217.586043704338        377052.5796340083        171.0073246825235       -13.49999282058628    
    104.5000000000000        5789.693142994566        72.01368604349729        5187.645580799408        373822.8332622565        171.0085852646398       -14.49999207257588    
    105.5000000000000        5628.470017001299        71.79113075005326        5155.741410511209        370391.4541628780        171.0098572785650       -15.49999131778249    
    106.5000000000000        5470.082759322584        71.55435711434319        5121.907200765165        366764.0147540683        171.0111416665027       -16.49999055564703    
    107.5000000000000        5314.664643076305        71.30347606162229        5086.178737376090        362946.3952064100        171.0124394043167       -17.49998978559042    
    108.5000000000000        5162.320109748643        71.03860542041443        5048.593745528184        358944.7552393730        171.0137515047147       -18.49998900701176    
    109.5000000000000        5013.143597957508        70.75987663828968        5009.192811158913        354765.6250501421        171.0150790206577       -19.49998821928626    
    110.5000000000000        4867.202782434912        70.46742877817856        4968.018425928974        350415.7886104436        171.0164230490182       -20.49998742176303    
    111.5000000000000        4724.545407535282        70.16141144977300        4925.115371525849        345902.3174432727        171.0177847345185       -21.49998661376286    
    112.5000000000000        4585.201682529463        69.84198916844711        4880.531235978108        341232.6107410085        171.0191652739780       -22.49998579457557    
    113.5000000000000        4449.185627586034        69.50933356318737        4834.315269308380        336414.2658462933        171.0205659209064       -23.49998496345734    
    114.5000000000000        4316.488432868040        69.16362347565219        4786.518299753787        331455.0551668852        171.0219879904807       -24.49998411962781    
    115.5000000000000        4187.100845420233        68.80505348528551        4737.193864264154        326363.0346991518        171.0234328649514       -25.49998326226676    
    116.5000000000000        4060.983745876994        68.43381753248445        4686.395843421572        321146.2845265719        171.0249019995261       -26.49998239051076    
    117.5000000000000        3938.097860075719        68.05012581975768        4634.180724804253        315813.1324855619        171.0263969287858       -27.49998150344917    
    118.5000000000000        3818.386442833365        67.65418807200510        4580.605186846455        310371.8896759736        171.0279192736982       -28.49998060012017    
    119.5000000000000        3701.796165643242        67.24622761961699        4525.728015378161        304831.0433443722        171.0294707492961       -29.49997967950615    
    120.5000000000000        3588.259558664617        66.82647740804020        4469.609441007210        299199.1738396122        171.0310531731037       -30.49997874052858    
    121.5000000000000        3477.709860279188        66.39516277018684        4412.308696365338        293484.6922918693        171.0326684743993       -31.49997778204272    
    122.5000000000000        3370.076465497837        65.95252765753025        4353.887523433221        287696.1906612838        171.0343187044205       -32.49997680283143    
    123.5000000000000        3265.293666279058        65.49882663247946        4294.408986103560        281842.3084779968        171.0360060476266       -33.49997580159847    
    124.5000000000000        3163.290268678421        65.03431665030818        4233.936236478472        275931.5937225371        171.0377328341570       -34.49997477696124    
    125.5000000000000        3063.993560062338        64.55925288597564        4172.531985361581        269972.4512687533        171.0395015536371       -35.49997372744249    
    126.5000000000000        2967.336241632847        64.07390192730803        4110.260106840816        263973.2872338786        171.0413148705109       -36.49997265146115    
    127.5000000000000        2873.251520471704        63.57854212062428        4047.185582316336        257942.4926680746        171.0431756411053       -37.49997154732240    
    128.5000000000000        2781.680910791916        63.07345032267685        3983.372669709506        251888.2541826078        171.0450869326615       -38.49997041320626    
    129.5000000000000        2692.560877884202        62.55892613136659        3918.887953923123        245818.8424860663        171.0470520446082       -39.49996924715489    
    130.5000000000000        2605.828176476983        62.03525690392275        3853.795868506390        239742.1822291554        171.0490745323943       -40.49996804705862    
    131.5000000000000        2521.419500167053        61.50273470753014        3788.160653006135        233666.0207064272        171.0511582342515       -41.49996681063996    
    132.5000000000000        2439.277563974612        60.96167804876490        3722.049048945483        227598.1808954340        171.0533073013195       -42.49996553543573    
    133.5000000000000        2359.356535086992        60.41241965388409        3655.528566149029        221546.3813450471        171.0555262316416       -43.49996421877695    
    134.5000000000000        2281.588499162809        59.85525691859759        3588.661457714783        215517.6886223953        171.0578199086254       -44.49996285776595    
    135.5000000000000        2205.932811175328        59.29052914515771        3521.514021411192        209519.3604092037        171.0601936446740       -45.49996144925048    
    136.5000000000000        2132.330048914390        58.71860233246971        3454.154458767832        203558.6280591569        171.0626532308187       -46.49995998979433    
    137.5000000000000        2060.738122377297        58.13979249932553        3386.643951266702        197641.9202460279        171.0652049933433       -47.49995847564371    
    138.5000000000000        1991.090067340189        57.55445653628698        3319.047030354821        191775.7557786403        171.0678558585805       -48.49995690268869    
    139.5000000000000        1923.352676005329        56.96295815247053        3251.427784593521        185966.4307575113        171.0706134272918       -49.49995526641921    
    140.5000000000000        1857.468754486535        56.36566230489029        3183.848877605655        180219.9096236217        171.0734860603329       -50.49995356187426    
    141.5000000000000        1793.393177458761        55.76294783644768        3116.372980438608        174541.9531288352        171.0764829776540       -51.49995178358289    
    142.5000000000000        1731.083319253737        55.15516876035046        3049.058456937298        168937.7633038982        171.0796143731267       -52.49994992549643    
    143.5000000000000        1670.492629686169        54.54272983180103        2981.967694657170        163412.6782697907        171.0828915482337       -53.49994798090893    
    144.5000000000000        1611.575469526543        53.92599817749125        2915.157061484596        157971.3249275307        171.0863270683391       -54.49994594236441    
    145.5000000000000        1554.294126960004        53.30538019744304        2848.685631436175        152618.3661760440        171.0899349461243       -55.49994380154823    
    146.5000000000000        1498.606994957589        52.68124354403700        2782.606256186854        147357.7457644300        171.0937308578641       -56.49994154915855    
    147.5000000000000        1444.470063058511        52.05398960816034        2716.973856755049        142193.4039317057        171.0977323996178       -57.49993917475435    
    148.5000000000000        1391.858264302032        51.42403090055776        2651.842255475921        137128.9737932152        171.1019593922063       -58.49993666657455    
    149.5000000000000        1340.718624329189        50.79173838960434        2587.259395370414        132167.4703587093        171.1064342461704       -59.49993401132144    
    150.5000000000000        1291.037394927489        50.15752464828272        2523.275254755855        127311.8615499529        171.1111824009464       -60.49993119389993    
    151.5000000000000        1242.760648367787        49.52177813742799        2459.935541187083        122564.6240422263        171.1162328564850       -61.49992819710231    
    152.5000000000000        1195.882070588051        48.88488817485176        2397.284216564652        117927.9448440750        171.1216188208471       -62.49992500122394    
    153.5000000000000        1150.349525212273        48.24727335627936        2335.365813030776        113403.8636107137        171.1273785044104       -63.49992158359181    
    154.5000000000000        1106.157975197588        47.60928100619343        2274.216084806375        108993.6345774124        171.1335561009338       -64.49991791798264    
    155.5000000000000        1063.272764719172        46.97134638221998        2213.877579575085        104698.8755342190        171.1402030088660       -65.49991397389807    
    156.5000000000000        1021.663094006005        46.33386774482653        2154.386718492815        100520.5822390849        171.1473793644603       -66.49990971565487    
    157.5000000000000        981.3183917507642        45.69718959567437        2095.773601329316        96459.22038231553        171.1551559837002       -67.49990510123283    
    158.5000000000000        942.2120204245149        45.06178064232441        2038.077117664713        92515.69010877576        171.1636168461339       -68.49990008080081    
    159.5000000000000        904.3268333712207        44.42795938707923        1981.321166746347        88689.79341840757        171.1728623056562       -69.49989459481147    
    160.5000000000000        867.6313743791220        43.79614836940915        1925.536644133167        84981.66705777077        171.1830132891864       -70.49988857151000    
    161.5000000000000        832.1178368655472        43.16669718089572        1870.746377766758        81390.83081470073        171.1942168570293       -71.49988192363469    
    162.5000000000000        797.7473508474128        42.54001936304670        1816.976833853879        77916.94800029859        171.2066536695752       -72.49987454398614    
    163.5000000000000        764.5314551715842        41.91646255272902        1764.247029714958        74559.11922196641        171.2205481690584       -73.49986629938593    
    164.5000000000000        732.4158831073933        41.29639271599173        1712.575530873817        71316.33272804730        171.2361827024787       -74.49985702229607    
    165.5000000000000        701.4052566184495        40.68016952692538        1661.979071721827        68187.42379806057        171.2539174882257       -75.49984649897110    
    166.5000000000000        671.4656443546959        40.06815985039730        1612.473086972321        65171.08083227814        171.2742194563102       -76.49983445234480    
    167.5000000000000        642.5852040084444        39.46064407777642        1564.064400648364        62265.42194509023        171.2977049311113       -77.49982051670254    
    168.5000000000000        614.7400067547314        38.85803630278851        1516.769300230446        59469.11959254997        171.3252045819068       -78.49980419914012    
    169.5000000000000        587.9130028230617        38.26062892826106        1470.592598473324        56780.11421610945        171.3578654851024       -79.49978481900028    
    170.5000000000000        562.0777386875509        37.66876526986495        1425.542074968396        54196.52729745553        171.3973176408164       -80.49976140906121    
    171.5000000000000        537.2090171452278        37.08269865698320        1381.617118235361        51715.97554339413        171.4459580172464       -81.49973254698163    
    172.5000000000000        513.3009844217385        36.50278303405119        1338.823727623322        49336.46740333924        171.5074617983207       -82.49969605191679    
    173.5000000000000        490.3167347414742        35.92928717286944        1297.160197546875        47055.57318908787        171.5877654661913       -83.49964840112503    
    174.5000000000000        468.2357525735673        35.36242179590293        1256.619659313124        44870.60178713600        171.6971220756536       -84.49958351026234    
    175.5000000000000        447.0357084307482        34.80248828178333        1217.201083134822        42779.21792935992        171.8548959503338       -85.49948988782199    
    176.5000000000000        426.7026053866100        34.24972735825861        1178.898096956161        40778.81927339151        172.1025725284570       -86.49934291339710    
    177.5000000000000        407.2026249844350        33.70434498684246        1141.701050345056        38866.66383325707        172.5479631491302       -87.49907859653358    
    178.5000000000000        388.5186573224260        33.16656407224620        1105.601133511862        37040.11494268944        173.5858588748501       -88.49846253570654    
    179.5000000000000        370.6260921075892        32.63653114330089        1070.583572432685        35296.26528435604        178.7350299102006       -89.49540043597572    
    180.5000000000000        353.4985143122682        32.11456820625786        1036.645810141714        33632.93720473429        343.2471233713637       -89.49539050943254    
    181.5000000000000        337.1219170150115        31.60069046617048        1003.762328667786        32046.72245828219        348.3961584393450       -88.49845252807319    
    182.5000000000000        321.4596459276206        31.09515156355033        971.9253197405817        30535.30025847663        349.4340430947069       -87.49906858232688    
    183.5000000000000        306.4975640573170        30.59804303143764        941.1153399680339        29095.78628333636        349.8794306602705       -86.49933289737690    
    184.5000000000000        292.2095831748865        30.10950642242315        911.3160937744889        27725.52073009037        350.1271059805053       -85.49947987105531    
    185.5000000000000        278.5724804090361        29.62965435732065        882.5096059302700        26421.84480172281        350.2848792183032       -84.49957349311771    
    186.5000000000000        265.5652695752924        29.15854898613318        854.6747577679703        25182.02203179953        350.3942354614218       -83.49963838376307    
    187.5000000000000        253.1614489005636        28.69627081277860        827.7916234600838        24003.44364133120        350.4745388994310       -82.49968603441847    
    188.5000000000000        241.3409663804159        28.24289375472858        801.8403504300469        22883.59336242429        350.5360425268802       -81.49972252939207    
    189.5000000000000        230.0817195520126        27.79843197772280        776.7976746771278        21819.87153880860        350.5846827955902       -80.49975139140774    
    190.5000000000000        219.3643165358403        27.36294598762917        752.6433629498730        20809.89019873286        350.6241348728685       -79.49977480130035    
    191.5000000000000        209.1623920266891        26.93641207524979        729.3528828256600        19851.15811731742        350.6567957171861       -78.49979418140521    
    192.5000000000000        199.4611192283526        26.51887245677640        706.9057024791947        18941.42454323737        350.6842953226619       -77.49981049894072    
    193.5000000000000        190.2358429826540        26.11029489886660        685.2778045344799        18078.37566186597        350.7077807618376       -76.49982443456183    
    194.5000000000000        181.4696194858538        25.71069186566165        664.4480432531232        17259.88695962341        350.7280827014115       -75.49983648117122    
    195.5000000000000        173.1404181242966        25.32002555242473        644.3931250428147        16483.82040599158        350.7458174639876       -74.49984700448246    
    196.5000000000000        165.2309559726392        24.93823234376762        625.0889407714286        15748.07545193759        350.7614519783226       -73.49985628156099    
    197.5000000000000        157.7213156807931        24.56529538194876        606.5144817883297        15050.74683407578        350.7753464618995       -72.49986452615175    
    198.5000000000000        150.5949970251895        24.20111433395535        588.6451512473227        14389.86045137674        350.7877832610500       -71.49987190579235    
    199.5000000000000        143.8329827419429        23.84566263588737        571.4605810438271        13763.66428454616        350.7989868175068       -70.49987855366091    
    200.5000000000000        137.4195563328748        23.49882826377624        554.9369346677719        13170.34501008811        350.8091377912780       -69.49988457695660    
    201.5000000000000        131.3374157080494        23.16054643745116        539.0532990937677        12608.25716012561        350.8183832423730       -68.49989006294092    
    202.5000000000000        125.5709253962112        22.83070519338649        523.7871637304875        12075.75684682175        350.8268440974798       -67.49989508336859    
    203.5000000000000        120.1043770457365        22.50921286411284        509.1177245983143        11571.32115342494        350.8346207103101       -66.49989969778683    
    204.5000000000000        114.9239961569029        22.19596810824570        495.0243328384380        11093.48520956399        350.8417970602654       -65.49990395602669    
    205.5000000000000        110.0139670291226        21.89085586425264        481.4864370084919        10640.84212390067        350.8484439632110       -64.49990790010831    
    206.5000000000000        105.3622750600152        21.59376967983238        468.4845028625555        10212.06876605249        350.8546215553035       -63.49991156571484    
    207.5000000000000        100.9548522312405        21.30458003931808        455.9986622174327        9805.880054585496        350.8603812349126       -62.49991498334464    
    208.5000000000000        96.77948559484624        21.02317148747368        444.0102995045436        9421.077570181691        350.8657671957312       -61.49991817922090    
    209.5000000000000        92.82425056612438        20.74941583377161        432.5009055252808        9056.510689327493        350.8708176480827       -60.49992117601661    
    210.5000000000000        89.07737267733002        20.48317686077992        421.4522548833779        8711.079096938753        350.8755657999819       -59.49992399343641    
    211.5000000000000        85.52827033488134        20.22432850008135        410.8471737280185        8383.755473515093        350.8800406513411       -58.49992664868800    
    212.5000000000000        82.16620991153000        19.97272967366326        400.6684491506259        8073.547891691219        350.8842676415633       -57.49992915686639    
    213.5000000000000        78.98169840177110        19.72824793588792        390.8998354351849        7779.530394054230        350.8882691811618       -56.49993153126930    
    214.5000000000000        75.96531538024074        19.49075653136477        381.5258971416882        7500.835319377293        350.8920650909332       -55.49993378365783    
    215.5000000000000        73.10813319058938        19.26011376887278        372.5311043989051        7236.621859920819        350.8956729669162       -54.49993592447295    
    216.5000000000000        70.40174160264431        19.03618400521312        363.9007265160274        6986.103383699742        350.8991084853677       -53.49993796301647    
    217.5000000000000        67.83819896050518        18.81883995479403        355.6208917460060        6748.546823467189        350.9023856589536       -52.49993990760306    
    218.5000000000000        65.40989169844434        18.60794681281908        347.6779077295579        6523.249507269388        350.9055170530245       -51.49994176568870    
    219.5000000000000        63.10959451913936        18.40337138306247        340.0586140925436        6309.548311507841        350.9085139690512       -50.49994354397928    
    220.5000000000000        60.93049918937800        18.20498428329780        332.7504687169537        6106.821132690338        350.9113866008950       -49.49994524852354    
    221.5000000000000        58.86619536228206        18.01265765991995        325.7414216951944        5914.481036420112        350.9141441684968       -48.49994688479234    
    222.5000000000000        56.91055202366007        17.82626460024458        319.0198771348300        5731.973751851883        350.9167950327042       -47.49994845774676    
    223.5000000000000        55.05781711247001        17.64567897197034        312.5746629782012        5558.775252420074        350.9193467942719       -46.49994997189681    
    224.5000000000000        53.30251056848115        17.47077726104449        306.3950925868672        5394.392482960588        350.9218063795257       -45.49995143135244    
    225.5000000000000        51.63947060924330        17.30143790025114        300.4709208834994        5238.360857720344        350.9241801147442       -44.49995283986741    
    226.5000000000000        50.06383691873197        17.13754205897484        294.7923521497430        5090.243168861291        350.9264737909534       -43.49995420087795    
    227.5000000000000        48.57105055199807        16.97897352712809        289.3500163388786        4949.627744902911        350.9286927205517       -42.49995551753631    
    228.5000000000000        47.15680223695289        16.82561879535827        284.1349551859168        4816.127049311061        350.9308417869431       -41.49995679274014    
    229.5000000000000        45.81700907427440        16.67736851442093        279.1386592622028        4689.377713560844        350.9329254881667       -40.49995802915844    
    230.5000000000000        44.54785320457261        16.53411445068670        274.3529435313982        4569.036266979349        350.9349479753593       -39.49995922925434    
    231.5000000000000        43.34576032685747        16.39575191338460        269.7700216918698        4454.780365310957        350.9369130867495       -38.49996039530536    
    232.5000000000000        42.20735551155648        16.26218086832618        265.3825287047006        4346.308526184732        350.9388243777835       -37.49996152942124    
    233.5000000000000        41.12944770884170        16.13330257435782        261.1833818789343        4243.335506687032        350.9406851478875       -36.49996263355966    
    234.5000000000000        40.10904621033224        16.00902007910846        257.1657909608257        4145.592046162472        350.9424984643006       -35.49996370954070    
    235.5000000000000        39.14332502020679        15.88924019301103        253.3233143321918        4052.825698939698        350.9442671833475       -34.49996475905925    
    236.5000000000000        38.22963709008337        15.77387310454740        249.6498345458011        3964.799617521059        350.9459939694706       -33.49996578369622    
    237.5000000000000        37.36552355537393        15.66283091954292        246.1394964671748        3881.290387839314        350.9476813122935       -32.49996678492892    
    238.5000000000000        36.54867597609184        15.55603017591391        242.7867796467666        3802.089306467152        350.9493315419540       -31.49996776414004    
    239.5000000000000        35.77692283470876        15.45338935747873        239.5864038695174        3726.999493535955        350.9509468429102       -30.49996872262568    
    240.5000000000000        35.04825234331540        15.35483112119819        236.5333964501242        3655.837214663126        350.9525292663982       -29.49996966160304    
    241.5000000000000        34.36075354944320        15.26028001576405        233.6230010592994        3588.429007037822        350.9540807416955       -28.49997058221693    
    242.5000000000000        33.71264236255811        15.16966425975414        230.8507309530491        3524.612709806823        350.9556030863247       -27.49997148554573    
    243.5000000000000        33.10225633492374        15.08291449346740        228.2123192024333        3464.235867862641        350.9570980153181       -26.49997237260714    
    244.5000000000000        32.52804038209758        14.99996388974194        225.7037137684587        3407.155260129090        350.9585671496421       -25.49997324436305    
    245.5000000000000        31.98854327639574        14.92074994957968        223.3211303665544        3353.237935864626        350.9600120238773       -24.49997410172394    
    246.5000000000000        31.48240150964090        14.84521254001997        221.0609798905672        3302.359108238022        350.9614340932302       -23.49997494555331    
    247.5000000000000        31.00833169564323        14.77329351454513        218.9198494622898        3254.401426490670        350.9628347399506       -22.49997577667144    
    248.5000000000000        30.56514227245584        14.70493856971638        216.8945567463542        3209.256071055243        350.9642152792151       -21.49997659585861    
    249.5000000000000        30.15171521884305        14.64009523443697        214.9820791072455        3166.820802262870        350.9655769645327       -20.49997740385866    
    250.5000000000000        29.76701398949729        14.57871452377726        213.1796024531059        3127.000965904211        350.9669209927221       -19.49997820138181    
    251.5000000000000        29.41008149431574        14.52075076241134        211.4845102571255        3089.709033080195        350.9682485085052       -18.49997898910721    
    252.5000000000000        29.08002397633405        14.46615889644354        209.8942894703448        3054.862071308462        350.9695606087541       -17.49997976768575    
    253.5000000000000        28.77602299736053        14.41489637846942        208.4065893342584        3022.383078850546        350.9708583464293       -16.49998053774231    
    254.5000000000000        28.49733107981486        14.36692321939681        207.0192185224078        2992.200760207467        350.9721427342383       -15.49998129987768    
    255.5000000000000        28.24327226758817        14.32220200553010        205.7301413345231        2964.249288931807        350.9734147480443       -14.49998205467099    
    256.5000000000000        28.01324604862988        14.28069866608454        204.5374990699977        2938.468709371520        350.9746753300507       -13.49998280268136    
    257.5000000000000        27.80672189406700        14.24238200008765        203.4395907890511        2914.804343657067        350.9759253917835       -12.49998354444956    
    258.5000000000000        27.62322381010178        14.20722206950687        202.4348201996384        2893.205437499772        350.9771658168938       -11.49998428049999    
    259.5000000000000        27.46233565235703        14.17519154758973        201.5217346633252        2873.625980024409        350.9783974637982       -10.49998501134207    
    260.5000000000000        27.32369839273080        14.14626735445654        200.6990740891579        2856.025782791992        350.9796211681760       -9.499985737471579    
    261.5000000000000        27.20700668874809        14.12042794503632        199.9656844039025        2840.368373224371        350.9808377453392       -8.499986459372350    
    262.5000000000000        27.11200521792532        14.09765332247313        199.3205148799113        2826.620839754546        350.9820479924876       -7.499987177517474    
    263.5000000000000        27.03849155260036        14.07792663323063        198.7626667077794        2814.754933446796        350.9832526908671       -6.499987892370437    
    264.5000000000000        26.98631215135142        14.06123282039568        198.2913504058406        2804.746038292638        350.9844526078395       -5.499988604386624    
    265.5000000000000        26.95535450091261        14.04755856233856        197.9058810658759        2796.572982269021        350.9856484988794       -4.499989314014378    
    266.5000000000000        26.94556018780004        14.03689317628734        197.6057066369536        2790.218695203251        350.9868411095061       -3.499990021695976    
    267.5000000000000        26.95693626070574        14.02922858535145        197.3904065179904        2785.670156622753        350.9880311771649       -2.499990727869057    
    268.5000000000000        26.98953106253447        14.02455866832203        197.2596687044015        2782.917796678859        350.9892194330639       -1.499991432967563    
    269.5000000000000        27.04345000572273        14.02288091830682        197.2133420931732        2781.956731734212        350.9904066039803      -0.4999921374226536    
    270.5000000000000        27.11884751885271        14.02419400383133        197.2513598972889        2782.784949518132        350.9915934140417       0.5000071583359308    
    271.5000000000000        27.21593300825450        14.02849840659848        197.3737589957837        2785.403752805258        350.9927805864953        1.500006453878971    
    272.5000000000000        27.33496623409403        14.03579675375030        197.5806908860030        2789.818030390390        350.9939688454710        2.500005748776878    
    273.5000000000000        27.47625184446489        14.04609461059855        197.8724460193591        2796.036824593774        350.9951589177507        3.500005042598331    
    274.5000000000000        27.64016479812099        14.05940017125463        198.2494460067718        2804.073191201972        350.9963515345497        4.500004334909385    
    275.5000000000000        27.82713605704959        14.07572441087787        198.7122476606905        2813.944286476935        350.9975474333226        5.500003625272538    
    276.5000000000000        28.03766083974018        14.09508004636029        199.2615129706696        2825.670722822341        350.9987473596009        6.500002913245344    
    277.5000000000000        28.27227096961935        14.11748117603625        199.8979960785945        2839.276235020084        350.9999520688734        7.500002198379447    
    278.5000000000000        28.53157814837866        14.14294506425306        200.6226031969911        2854.789194627709        351.0011623285191        8.500001480219593    
    279.5000000000000        28.81627539004248        14.17149234510844        201.4364004177108        2872.242843798808        351.0023789198031        9.500000758302127    
    280.5000000000000        29.12709526222604        14.20314372431928        202.3405101877600        2891.672860288152        351.0036026399480        10.50000003215393    
    281.5000000000000        29.46485708270790        14.23792389164514        203.3362374663929        2913.120443254224        351.0048343042903        11.49999930129128    
    282.5000000000000        29.83045018737580        14.27586038243606        204.4250365592579        2936.631604628582        351.0060747485375        12.49999856521821    
    283.5000000000000        30.22484215378622        14.31698259919994        205.6084814922791        2962.256519425365        351.0073248311372        13.49999782342528    
    284.5000000000000        30.64908779234474        14.36132053490770        206.8882296551410        2990.048777665676        351.0085854357741        14.49999707538821    
    285.5000000000000        31.10435638209998        14.40890856499055        208.2661451971357        3020.068443753263        351.0098574740117        15.49999632056602    
    286.5000000000000        31.59188447781773        14.45978210820478        209.7441944443378        3052.379619207020        351.0111418880938        16.49999555839953    
    287.5000000000000        32.11300892627042        14.51397995683140        211.3245238830878        3087.052440982926        351.0124396539281        17.49999478830973    
    288.5000000000000        32.66918974843733        14.57154536694833        213.0095003225037        3124.164217680431        351.0137517842700        18.49999400969560    
    289.5000000000000        33.26199992126829        14.63252324890603        214.8016247076307        3163.797489232499        351.0150793321316        19.49999322193222    
    290.5000000000000        33.89310915598477        14.69695974351465        216.7035219606226        3206.039915650907        351.0164233944414        20.49999242436878    
    291.5000000000000        34.56430651051190        14.76490332687572        218.7179823593841        3250.985481062995        351.0177851159816        21.49999161632590    
    292.5000000000000        35.27750676995093        14.83640395698573        220.8479362548714        3298.733990626688        351.0191656936365        22.49999079709330    
    293.5000000000000        36.03484477279883        14.91152140167255        223.0967355150634        3349.398305658860        351.0205663809853        23.49998996592719    
    294.5000000000000        36.83855076605247        14.99031079579684        225.4676860181840        3403.093007580400        351.0219884932801        24.49998912204704    
    295.5000000000000        37.69101854120491        15.07283369361943        227.9644122517780        3459.943566924381        351.0234334128523        25.49998826463251    
    296.5000000000000        38.59480153544666        15.15915328921592        230.5907095369347        3520.082993520872        351.0249025949961        26.49998739282013    
    297.5000000000000        39.55265462647956        15.24933577097763        233.3505984816589        3583.653550333010        351.0263975743860        27.49998650569915    
    298.5000000000000        40.56756843345839        15.34345048172275        236.2483339203932        3650.807173899440        351.0279199720900        28.49998560230756    
    299.5000000000000        41.64271543614420        15.44156832023979        239.2883624623057        3721.704809090735        351.0294715032489        29.49998468162768    
    300.5000000000000        42.78152627618043        15.54376449916209        242.4754210918128        3796.519219347545        351.0310539855030        30.49998374258087    
    301.5000000000000        43.98766536946739        15.65011886306440        245.8145566304670        3875.435843635001        351.0326693482556        31.49998278402214    
    302.5000000000000        45.26506712236292        15.76071069628198        249.3109618781272        3958.649087735428        351.0343196428787        32.49998180473429    
    303.5000000000000        46.61796134865182        15.87562506095183        252.9701993909835        4046.368485315465        351.0360070539767        33.49998080342090    
    304.5000000000000        48.05089747724143        15.99494935258615        256.7980961447442        4138.816492929842        351.0377339118448        34.49997977869910    
    305.5000000000000        49.56874500544527        16.11877393062414        260.8007723071058        4236.229657325995        351.0395027062772        35.49997872909153    
    306.5000000000000        51.17677427427692        16.24719253991681        264.9846738634065        4338.860208009626        351.0413161018997        36.49997765301690    
    307.5000000000000        52.88067242251043        16.38030068897703        269.3565243609482        4446.975254508543        351.0431769552355        37.49997654878008    
    308.5000000000000        54.68649210898782        16.51819790477149        273.9234178298753        4560.859944895202        351.0450883337386        38.49997541456089    
    309.5000000000000        56.60075402252115        16.66098653076065        278.6927882912689        4680.817289670741        351.0470535370677        39.49997424840127    
    310.5000000000000        58.63038063099727        16.80877249071195        283.6724520368306        4807.170069574181        351.0490761209212        40.49997304819112    
    311.5000000000000        60.78281126561225        16.96166192926735        288.8705110702364        4940.259285198919        351.0511599238016        41.49997181165278    
    312.5000000000000        63.06594534232384        17.11976459283439        294.2954668707789        5080.447486261128        351.0533090971432        42.49997053632266    
    313.5000000000000        65.48826834340964        17.28319458076566        299.9562847556962        5228.121961061966        351.0555281393096        43.49996921953132    
    314.5000000000000        68.05898106747514        17.45206798955613        305.8623214709290        5383.693747439153        351.0578219340577        44.49996785838078    
    315.5000000000000        70.78770870245387        17.62650270796514        312.0233092880133        5547.597405406149        351.0601957941723        45.49996644971835    
    316.5000000000000        73.68513384756905        17.80662491344632        318.4496668016517        5720.302436844154        351.0626555111018        46.49996499010722    
    317.5000000000000        76.76230731835125        17.99255103221633        325.1517695279177        5902.291623520279        351.0652074115876        47.49996347579315    
    318.5000000000000        80.03148280944301        18.18441395065614        332.1410492572649        6094.096532968480        351.0678584224641        48.49996190266562    
    319.5000000000000        83.50559555524686        18.38233711868005        339.4289161575982        6296.264210881815        351.0706161450458        49.49996026621384    
    320.5000000000000        87.19868650538379        18.58646303477057        347.0280095703106        6509.399533051424        351.0734889407972        50.49995856147613    
    321.5000000000000        91.12576929622318        18.79691482778499        354.9505813855861        6734.114256760038        351.0764860303418        51.49995678298080    
    322.5000000000000        95.30298811777176        19.01383202725923        363.2100479619281        6971.079297453259        351.0796176082972        52.49995492467814    
    323.5000000000000        99.74726629132297        19.23734647534719        371.8199615800192        7220.992013531990        351.0828949769743        53.49995297986138    
    324.5000000000000        104.4779842937686        19.46758717891881        380.7942679506065        7484.587698457640        351.0863307026597        54.49995094107341    
    325.5000000000000        109.5136507328208        19.70470256173075        390.1482070534038        7762.667804606775        351.0899387990651        55.49994879999828    
    326.5000000000000        114.8770694172006        19.94881565182099        399.8965762254369        8056.051390852560        351.0937349436195        56.49994654733288    
    327.5000000000000        120.5893625775884        20.20005395982032        410.0547264765790        8365.598984658351        351.0977367336795        57.49994417263464    
    328.5000000000000        126.6764616993640        20.45858248542121        420.6404816650055        8692.293431897791        351.1019639915289        58.49994166414072    
    329.5000000000000        133.1632722710325        20.72449832536002        431.6689309044054        9037.049241967516        351.1064391293644        59.49993900855147    
    330.5000000000000        140.0784832228931        20.99796268789246        443.1590368790887        9400.960943221371        351.1111875885039        60.49993619076962    
    331.5000000000000        147.4515870248950        21.27908879448245        455.1278049446751        9785.080577419823        351.1162383710450        61.49993319358487    
    332.5000000000000        155.3143505865292        21.56801866875470        467.5945347985205        10190.59090293141        351.1216246875091        62.49992999728966    
    333.5000000000000        163.7008980807527        21.86486383013309        480.5775587417898        10618.67630468728        351.1273847511078        63.49992657920772    
    334.5000000000000        172.6478347503255        22.16977478839521        494.0978342117413        11070.66354709956        351.1335627588799        64.49992291311176    
    335.5000000000000        182.1931023862394        22.48283903053440        508.1739229326130        11547.83756214445        351.1402101130917        65.49991896849900    
    336.5000000000000        192.3809767805964        22.80418467539415        522.8271896949776        12051.64071183547        351.1473869544666        66.49991470968099    
    337.5000000000000        203.2500340933752        23.13390016932521        538.0774725572187        12583.50085311026        351.1551641042560        67.49991009463119    
    338.5000000000000        214.8521169893272        23.47212637033899        553.9482696929068        13145.05021137374        351.1636255482594        68.49990507351114    
    339.5000000000000        227.2355779287229        23.81890223448876        570.4583878820016        13737.79020612231        351.1728716478480        69.49989958676468    
    340.5000000000000        240.4512499178287        24.17434692984352        587.6315887988999        14363.47790587712        351.1830233389568        70.49989356262634    
    341.5000000000000        254.5583715942775        24.53852918427047        605.4894831383012        15023.83980369368        351.1942276928633        71.49988691382150    
    342.5000000000000        269.6117143158881        24.91153654356656        624.0557131750543        15720.75913174344        351.2066653834490        72.49987953313490    
    343.5000000000000        285.6778613792862        25.29340172499330        643.3514464145453        16456.07868321317        351.2205608697239        73.49987128736825    
    344.5000000000000        302.8209445785259        25.68420639478800        663.4011329081553        17231.84068383343        351.2361965198120        74.49986200895879    
    345.5000000000000        321.1136594795811        26.08397789040378        684.2271518598319        18050.08389199698        351.2539325790819        75.49985148412927    
    346.5000000000000        340.6267102962149        26.49273933818653        705.8519124976381        18912.90602498351        351.2742360125566        76.49983943577222    
    347.5000000000000        361.4410593803615        26.91053225454076        728.2997364811107        19822.57170751534        351.2977231908912        77.49982549811874    
    348.5000000000000        383.6351275905137        27.33735763999441        751.5930452923205        20781.33297490580        351.3252248458273        78.49980917819121    
    349.5000000000000        407.3027872686724        27.77320456875426        775.7542462014283        21791.52603363882        351.3578881401783        79.49978979523087    
    350.5000000000000        432.5307554620463        28.21808366391723        800.8072693693755        22855.62145809040        351.3973431971011        80.49976638187172    
    351.5000000000000        459.4157604584987        28.67193181300300        826.7722836399180        23976.00859174289        351.4459871661702        81.49973751556008    
    352.5000000000000        488.0572350413028        29.13470032356421        853.6705755039700        25155.20202550528        351.5074955102497        82.49970101512493    
    353.5000000000000        518.5652822089845        29.60635041173884        881.5245215095122        26395.85150294172        351.5878051637513        83.49965335729679    
    354.5000000000000        551.0470120523601        30.08679678892571        910.3536282848460        27700.54148396165        351.6971699663928        84.49958845681736    
    355.5000000000000        585.6139909926542        30.57590603299482        940.1746456214279        29071.80645526658        351.8549557340071        85.49949482044772    
    356.5000000000000        622.3901400385329        31.07358019038631        971.0067663601983        30512.37872586731        352.1026511319129        86.49934782405128    
    357.5000000000000        661.5049131527066        31.57975108018668        1002.871019549595        32025.14922585505        352.5480760109586        87.49908346740504    
    358.5000000000000        703.0747066227085        32.09418173736403        1035.777279128855        33612.52636789797        353.5860534818676        88.49846731266433    
    359.5000000000000        747.2383041441033        32.61674709325423        1069.742567605118        35277.33968566507        358.7356651236718        89.49540472424424    
