 # author: MA Kubiak / Space Research Center PAS Warsaw Poland, contact: mkubiak@cbk.waw.pl                          
 # code version Program.keplerV_ellipt_V2      , Dates: calkV:21/04/2026  ; part_pr:21/04/2026                       
 # czas no T v_mas, kier.naplywu(dl, szer) macierz obrotu (ecl to helio), r, theta, phi(ecl,spher), V_detector(ecl,cart), IBEX_energy_channel
 #     2026.235462000000        0.8088930000000000E-03     9480.000000000000        -11.28000000301609         251.5700000000000         11.95000000000000        0.2459841265748581        0.9692738567985851         0.000000000000000       -0.9615244635393438        0.2440174711049008        0.1261989691358298        0.1223213615382913       -0.3104294319752456E-01    0.9920049496797150        0.9875679999999999         186.8707050000000        0.4269000000000000E-01     3.073999999999999        -29.46599999999999       -0.1300000000000000E-01 00
 # routs_end= 150.00;    Maxwellian,    elliptOrb=Off                                                                                        
 # Numerical parameters: GridKl=10  GridKf=09  GridKV=05  epsV= 0.0000100  epssJon=.0010000                                                  
 # Numerical parameters: GridKl=10  GridKf=09  GridKV=05  epsV= 0.0000100  epssJon=.0010000; tessel128                                                                                                                                                                                                                                                                                                                                                                                                                                                                 
# Axis to the Sun: alpha_ecl= 2.8530000000000000 delta_Ecl= 0.0760000000000000 delta_Ax= 90.0000000000000000  repoint= 00198
 #  flag_atom: He                                                   
 #  flag_general:                                                   
 #                                                                  
 #                                                                  
  # Ly_a_Profil: zero                                               
  # flag_Itot: zero                                                 
 #  v_SW_Eqtr: speed3D.hybrid2026c_patched.dat                      
 #  n_SW_Eqtr: density3D.hybrid2026c_patched.dat                    
 #  phot_Eqtr: 0.8500000  phion_Helium_T12F107_pat_2026c.dat        
 #  sigma_SW: p+He->H +He+, He + alpha (2 chnls);src:simuLosses.nb  
 #  flag_el:slow  swEqtrElectrons5.2026c.patched.dat                
 #  SW_lati: interpolation                                          
 #  phot_lati: analit pole-flattened after Pryor & Auchere          
 #
 #
 #
 #Spin  flux speed	speed^2 speed^3    long_ecl lat_ecl
   0.5000000000000000        1.877313552028417        31.48047449436123        995.7104016702240        31641.08326719154        264.2104087164055        89.49425462271908    
    1.500000000000000        1.992023472309928        32.01349264198781        1029.700812394999        33274.34006450736        269.9531490558745        88.49807383552223    
    2.500000000000000        2.113991557896278        32.55477374376790        1064.797092073847        34988.99879923797        271.1128420560786        87.49884329509096    
    3.500000000000000        2.243646359267899        33.10409715372730        1101.010917311431        36787.83449839424        271.6105985499495        86.49917347617766    
    4.500000000000000        2.381543816050327        33.66127520133665        1138.355556815334        38673.75562671731        271.8874125597059        85.49935708332924    
    5.500000000000000        2.528231340155926        34.22607547055139        1176.840603245119        40649.53382119419        272.0637523639566        84.49947404320221    
    6.500000000000000        2.684215833407045        34.79825426612601        1216.474438944697        42717.93811427514        272.1859792538094        83.49955511042565    
    7.500000000000000        2.850212829303086        35.37751783071996        1257.260831935051        44881.51987064203        272.2757347279982        82.49961464026400    
    8.500000000000000        3.026881238678753        35.96354956535800        1299.200876090390        47142.71188958145        272.3444779421612        81.49966023350822    
    9.500000000000000        3.214891495849827        36.55606391267358        1342.297133253052        49504.06593607067        272.3988438440845        80.49969629096840    
    10.50000000000000        3.415047222551250        37.15469446579206        1386.544672247413        51967.71358218945        272.4429400841133        79.49972553710896    
    11.50000000000000        3.628179194696816        37.75911421055176        1431.940433513113        54535.90828782619        272.4794457129213        78.49974974883170    
    12.50000000000000        3.855181499482544        38.36901239294242        1478.481450972538        57210.91998350799        272.5101825671014        77.49977013447356    
    13.50000000000000        4.097001221142292        38.98408359963641        1526.164036387984        59994.98620597968        272.5364327307015        76.49978754437390    
    14.50000000000000        4.354723489284878        39.60406808560489        1574.986620339404        62890.45497007851        272.5591246443378        75.49980259431568    
    15.50000000000000        4.629571057366253        40.22860160532105        1624.937703571081        65899.05065617440        272.5789471772292        74.49981574118567    
    16.50000000000000        4.922799146151462        40.85734881980234        1676.006702871087        69022.53002603243        272.5964222210735        73.49982733112302    
    17.50000000000000        5.235801561922192        41.48998253706623        1728.182057370279        72262.54952062237        272.6119523959539        72.49983763116060    
    18.50000000000000        5.570133700944203        42.12615252179176        1781.448609482067        75620.49144794085        272.6258532848132        71.49984685060447    
    19.50000000000000        5.927569352350898        42.76550110136992        1835.788987373230        79097.54990482595        272.6383757500601        70.49985515583533    
    20.50000000000000        6.309993805168916        43.40768229625528        1891.185117587477        82694.81283347934        272.6497217187483        69.49986268077812    
    21.50000000000000        6.719487586401555        44.05229865423100        1947.612624609463        86412.88034925336        272.6600555627502        68.49986953444970    
    22.50000000000000        7.158426181634002        44.69899529788634        2005.049150157438        90252.40947029156        272.6695124443237        67.49987580649406    
    23.50000000000000        7.629266411400324        45.34732414440062        2063.461802733469        94213.23404850582        272.6782045309678        66.49988157130423    
    24.50000000000000        8.134906682271771        45.99690458218746        2122.821865805078        98295.36805486427        272.6862256883223        65.49988689113484    
    25.50000000000000        8.678328274115744        46.64728752727075        2183.092203514740        102498.1186913616        272.6936550688933        64.49989181848224    
    26.50000000000000        9.263051185393550        47.29809913855314        2244.240748192133        106821.0312679822        272.7005598882656        63.49989639792588    
    27.50000000000000        9.892801582188124        47.94893613144418        2306.230603819192        111263.1723532778        272.7069975956188        62.49990066756774    
    28.50000000000000        10.57182759739676        48.59940782673645        2369.024052650256        115823.4088885759        272.7130175873128        61.49990466016896    
    29.50000000000000        11.30479789474327        49.24913625340307        2432.582557846393        120500.3977698079        272.7186625719631        60.49990840405510    
    30.50000000000000        12.09694719937082        49.89772008446362        2496.863331645961        125292.3316767612        272.7239696669931        59.49991192384356    
    31.50000000000000        12.95411400384739        50.54479876437392        2561.825678397911        130197.4008650200        272.7289712863327        58.49991524103213    
    32.50000000000000        13.88274081850266        51.18997066434126        2627.422846980098        135213.1741519585        272.7336958642476        57.49991837447925    
    33.50000000000000        14.89003538446801        51.83282328706320        2693.604835247731        140336.7824679746        272.7381684495405        56.49992134079798    
    34.50000000000000        15.98400986668877        52.47297930549052        2760.323361190448        145565.3140923688        272.7424111964255        55.49992415468166    
    35.50000000000000        17.17364252834791        53.11004561482408        2827.526600487610        150895.3957284778        272.7464437724497        54.49992682917429    
    36.50000000000000        18.46886263883184        53.74363545095397        2895.161424044612        156323.3544926300        272.7502836993722        53.49992937589681    
    37.50000000000000        19.88080512886953        54.37336187755337        2963.172835260880        161845.1723162745        272.7539466395147        52.49993180523690    
    38.50000000000000        21.42185806291598        54.99880847098867        3031.500697481444        167456.2055745755        272.7574466374974        51.49993412650934    
    39.50000000000000        23.10571646821889        55.61959846560093        3100.087570138554        173151.8425403523        272.7607963252696        50.49993634809196    
    40.50000000000000        24.94783985099082        56.23535201624919        3168.873805328048        178927.0741787783        272.7640070967765        49.49993847754155    
    41.50000000000000        26.96511353454127        56.84566321849464        3237.794830637723        184776.2436243772        272.7670892573873        48.49994052169290    
    42.50000000000000        29.17641502133181        57.45013602640087        3306.785603357327        190693.4515874576        272.7700521522393        47.49994248674397    
    43.50000000000000        31.60248142456433        58.04837823681652        3375.779812334490        196672.4721211601        272.7729042768938        46.49994437832922    
    44.50000000000000        34.26636752266578        58.63998322711549        3444.707696778944        202706.5484526858        272.7756533730853        45.49994620158317    
    45.50000000000000        37.19338704405143        59.22455264435903        3513.498803609979        208788.6385212916        272.7783065118584        44.49994796119554    
    46.50000000000000        40.41112654758330        59.80166287058718        3582.078102092060        214911.0705195159        272.7808701659916        43.49994966145925    
    47.50000000000000        43.94986506420333        60.37091409158754        3650.371831487457        221066.0613886724        272.7833502732886        42.49995130631238    
    48.50000000000000        47.84238855382660        60.93188933051369        3718.302584977801        227245.2671551683        272.7857522920532        41.49995289937502    
    49.50000000000000        52.12396062708748        61.48415905626688        3785.789915723893        233439.8375954969        272.7880812498569        40.49995444398161    
    50.50000000000000        56.83230241879328        62.02729267956076        3852.751748594419        239640.5416161880        272.7903417865280        39.49995594320938    
    51.50000000000000        62.00773293039973        62.56087810790196        3919.107040033617        245838.0335600698        272.7925381921489        38.49995739990364    
    52.50000000000000        67.69246648368627        63.08448691750282        3984.771406891120        252022.4377452660        272.7946744407276        37.49995881670004    
    53.50000000000000        73.93015318024777        63.59769148851387        4049.659319472692        258183.5553834364        272.7967542201114        36.49996019604445    
    54.50000000000000        80.76582652644478        64.10008332358525        4113.686576774223        264311.1126580444        272.7987809586251        35.49996154021063    
    55.50000000000000        88.24451885585727        64.59124547038525        4176.766819640518        270394.4278872040        272.8007578488482        34.49996285131596    
    56.50000000000000        96.41026477186070        65.07076761007987        4238.813715559459        276422.6449000663        272.8026878688875        33.49996413133561    
    57.50000000000000        105.3056008924932        65.53827089861768        4299.744360096008        282385.0822683030        272.8045738014496        32.49996538211513    
    58.50000000000000        114.9694007514024        65.99339024832410        4359.477149659853        288271.0437767585        272.8064182509788        31.49996660538186    
    59.50000000000000        125.4360186889319        66.43580312830319        4417.935694849227        294070.2180176328        272.8082236590888        30.49996780275513    
    60.50000000000000        136.7313346156344        66.86517353796613        4475.041641082836        299771.9901127084        272.8099923184865        29.49996897575551    
    61.50000000000000        148.8736196740142        67.28121709773455        4530.723315969409        305366.3063154201        272.8117263855618        28.49997012581318    
    62.50000000000000        161.8681186925861        67.68364648705516        4584.908818319571        310843.0225104699        272.8134278917929        27.49997125427546    
    63.50000000000000        175.7072469158406        68.07222587989007        4637.533336655766        316192.6461647335        272.8150987541002        26.49997236241368    
    64.50000000000000        190.3660707510328        68.44672040320623        4688.532701380708        321405.7257021278        272.8167407842641        25.49997345142949    
    65.50000000000000        205.8017743712018        68.80695512610166        4737.851468971892        326473.6867572589        272.8183556975079        24.49997452246042    
    66.50000000000000        221.9510984387533        69.15277901470974        4785.438280438069        331388.3906043776        272.8199451203362        23.49997557658522    
    67.50000000000000        238.7293844390916        69.48407401293291        4831.247206019807        336142.2880665851        272.8215105977067        22.49997661482856    
    68.50000000000000        256.0290140214355        69.80075307724167        4875.237556990477        340728.4135168448        272.8230535996065        21.49997763816533    
    69.50000000000000        273.7189047719966        70.10273782152616        4917.370904569050        345140.0926803394        272.8245755270947        20.49997864752476    
    70.50000000000000        291.6436946819180        70.38997753018965        4957.613767390731        349371.2328366339        272.8260777178651        19.49997964379405    
    71.50000000000000        309.6268685715293        70.66240967448893        4995.932118105286        353415.7543106023        272.8275614513805        18.49998062782173    
    72.50000000000000        327.4692588605021        70.92000122026694        5032.297277170705        357268.2267039786        272.8290279536197        17.49998160042092    
    73.50000000000000        344.9571186355968        71.16272116419903        5066.682123991356        360923.4822058605        272.8304784014791        16.49998256237215    
    74.50000000000000        361.8595772466284        71.39056122605815        5099.064033126984        364376.9327608728        272.8319139268623        15.49998351442611    
    75.50000000000000        377.9405091695671        71.60350803026758        5129.420961119550        367624.1617638636        272.8333356204903        14.49998445730619    
    76.50000000000000        392.9594165034263        71.80155850889403        5157.733628760909        370661.1604381718        272.8347445354599        13.49998539171084    
    77.50000000000000        406.6780666672159        71.98473874733462        5183.988312309906        373484.6419603302        272.8361416905782        12.49998631831572    
    78.50000000000000        418.8733712783655        72.15305062862406        5208.169126843896        376091.2078041605        272.8375280734941        11.49998723777586    
    79.50000000000000        429.3325828982583        72.30652910570900        5230.266254404065        378478.2380600240        272.8389046436499        10.49998815072760    
    80.50000000000000        437.8733504920726        72.44518865432840        5250.268274885865        380643.0709254041        272.8402723350732        9.499989057790371    
    81.50000000000000        444.3409092549782        72.56904979973355        5268.165949766263        382583.4102358263        272.8416320590237        8.499989959568543    
    82.50000000000000        448.6152337507678        72.67813443449330        5283.951562098360        384297.2585296168        272.8429847065164        7.499990856653059    
    83.50000000000000        450.6222364395546        72.77244248596547        5297.615529617830        385782.5505928073        272.8443311507318        6.499991749622997    
    84.50000000000000        450.3231545499208        72.85199104949685        5309.152040031257        387037.7642418506        272.8456722493306        5.499992639047178    
    85.50000000000000        447.7269878707272        72.91677678372707        5318.553622102050        388061.3341726496        272.8470088466845        4.499993525485615    
    86.50000000000000        442.8896678810348        72.96679003538367        5325.813172331835        388851.8716658336        272.8483417760366        3.499994409490892    
    87.50000000000000        435.9026366744530        73.00203001311462        5330.926175577431        389408.4095943557        272.8496718616032        2.499995291609649    
    88.50000000000000        426.9003162376446        73.02248342428676        5333.887608022526        389730.0666223441        272.8509999206273        1.499996172383900    
    89.50000000000000        416.0508071153213        73.02813244058129        5334.693075229090        389816.1697539578        272.8523267653969       0.4999970523523332    
    90.50000000000000        403.5464101352268        73.01895952410825        5333.339513603033        389666.3310828495        272.8536532052365      -0.5000020679482908    
    91.50000000000000        389.6038431456974        72.99493565004126        5329.823469305314        389280.2592644598        272.8549800484838       -1.500001187981866    
    92.50000000000000        374.4540897288576        72.95602732948957        5324.142170309397        388657.8819822466        272.8563081044610       -2.500000307211676    
    93.50000000000000        358.3326590805312        72.90221722268690        5316.296542554038        387799.6766365342        272.8576381854516       -3.499999425098995    
    94.50000000000000        341.4786848212654        72.83347998074287        5306.287654465156        386706.2768478634        272.8589711086915       -4.499998541101824    
    95.50000000000000        324.1251206889642        72.74979505457500        5294.118646432625        385378.6894193334        272.8603076983877       -5.499997654673572    
    96.50000000000000        306.4927860814516        72.65115060668663        5279.795249107131        383818.3437856274        272.8616487877715       -6.499996765261629    
    97.50000000000000        288.7883730759438        72.53751233013465        5263.321134704134        382026.5701790265        272.8629952212004       -7.499995872306019    
    98.50000000000000        271.2000204748979        72.40886943091830        5244.704874365877        380005.3874282610        272.8643478563183       -8.499994975237939    
    99.50000000000000        253.8932901822884        72.26523565330525        5223.959981427342        377757.4936129250        272.8657075662866       -9.499994073478341    
    100.5000000000000        237.0127005512443        72.10662999108791        5201.102068430268        375285.9489476942        272.8670752420983       -10.49999316643631    
    101.5000000000000        220.6788687085045        71.93308856366356        5176.150551796695        372594.3565495581        272.8684517949886       -11.49999225350750    
    102.5000000000000        204.9877616529267        71.74466510804194        5149.128672962217        369686.8561940086        272.8698381589573       -12.49999133407252    
    103.5000000000000        190.0149224016506        71.54143120014956        5120.063544623211        366568.1277007128        272.8712352934167       -13.49999040749508    
    104.5000000000000        175.8144289720101        71.32347171527310        5088.985390509477        363243.2934077921        272.8726441859820       -14.49998947312019    
    105.5000000000000        162.4205760097170        71.09088569761413        5055.927575042413        359717.9073950066        272.8740658554239       -15.49998853027223    
    106.5000000000000        149.8504642124583        70.84376611908846        5020.923570093587        355997.6107525569        272.8755013547991       -16.49998757825282    
    107.5000000000000        138.1058048836977        70.58220312546989        4984.007403927679        352088.1743464278        272.8769517747852       -17.49998661633861    
    108.5000000000000        127.1769825617391        70.30634375107671        4945.222420211778        347996.4597209639        272.8784182472385       -18.49998564377898    
    109.5000000000000        117.0447660611418        70.01636000301974        4904.616414004409        343729.8601954495        272.8799019490044       -19.49998465979348    
    110.5000000000000        107.6811748962496        69.71243964692843        4862.240174688607        339296.1253647298        272.8814041060068       -20.49998366356904    
    111.5000000000000        99.05224069995995        69.39477300728846        4818.145537366103        334703.1415926790        272.8829259976487       -21.49998265425723    
    112.5000000000000        91.11926489004155        69.06355362756264        4772.385314391028        329958.9034939944        272.8844689615598       -22.49998163097091    
    113.5000000000000        83.84084778407491        68.71896474388292        4725.011303342138        325071.2907063391        272.8860343987301       -23.49998059278098    
    114.5000000000000        77.17435965805163        68.36124349295848        4676.083505005831        320049.0583847470        272.8876237790723       -24.49997953871261    
    115.5000000000000        71.07679418243123        67.99063471878750        4625.663382037390        314901.0955612820        272.8892386474643       -25.49997846774124    
    116.5000000000000        65.50554715186077        67.60738588319055        4573.812985038539        309636.3131489477        272.8908806303244       -26.49997737878830    
    117.5000000000000        60.41895470191393        67.21173315541706        4520.592880502753        304263.4106713549        272.8925514427837       -27.49997627071628    
    118.5000000000000        55.77699177573832        66.80390637134403        4466.062845063543        298790.9466051566        272.8942528965229       -28.49997514232373    
    119.5000000000000        51.54188799786139        66.38415949422370        4410.286203540715        293227.7994435910        272.8959869083557       -29.49997399233946    
    120.5000000000000        47.67824032623426        65.95275868067884        4353.327899761682        287582.9366222878        272.8977555096454       -30.49997281941626    
    121.5000000000000        44.15290291336002        65.50996089997389        4295.251442120717        281865.0857270079        272.8995608566578       -31.49997162212415    
    122.5000000000000        40.93498636419903        65.05601399087817        4236.118861385819        276082.7236572714        272.9014052419671       -32.49997039894276    
    123.5000000000000        37.99613985931120        64.59118993113206        4175.995258937817        270244.5423927231        272.9032911070433       -33.49996914825288    
    124.5000000000000        35.31033704528758        64.11576640458738        4114.946256652475        264359.1831693223        272.9052210561761       -34.49996786832742    
    125.5000000000000        32.85373812197446        63.63001356576091        4053.036039090621        258435.0203729494        272.9071978719056       -35.49996655732107    
    126.5000000000000        30.60478106754766        63.13420511749943        3990.328704419883        252480.2843835370        272.9092245321586       -36.49996521325887    
    127.5000000000000        28.54372285444599        62.62862777584260        3926.889625551661        246503.2075822172        272.9113042293204       -37.49996383402368    
    128.5000000000000        26.65272822386406        62.11357556902712        3862.784595237595        240511.9303488740        272.9134403915055       -38.49996241734209    
    129.5000000000000        24.91573211277861        61.58934369910042        3798.078803701768        234514.3798272916        272.9156367063334       -39.49996096076846    
    130.5000000000000        23.31814534893162        61.05620749670598        3732.834167536064        228518.0163604127        272.9178971475658       -40.49995946166749    
    131.5000000000000        21.84687376606805        60.51446825395415        3667.115131544041        222530.3872661382        272.9202260050172       -41.49995791719427    
    132.5000000000000        20.49015471523754        59.96444035384933        3600.986966928683        216558.9601492230        272.9226279182250       -42.49995632427187    
    133.5000000000000        19.23738833375879        59.40642875432908        3534.512782222597        210610.8279199816        272.9251079144442       -43.49995467956634    
    134.5000000000000        18.07899481246615        58.84073880628574        3467.754676933483        204692.8130659806        272.9276714516337       -44.49995297945805    
    135.5000000000000        17.00633062906174        58.26769682546611        3400.776233750556        198811.6984398507        272.9303244672200       -45.49995122000939    
    136.5000000000000        16.01169180732086        57.68763715616673        3333.640867091247        192974.0728296838        272.9330734335702       -46.49994939692797    
    137.5000000000000        15.08814262510562        57.10091669789533        3266.413355485192        187186.4540434995        272.9359254212774       -47.49994750552474    
    138.5000000000000        14.22943520383412        56.50788508495214        3199.156212548770        181454.9624369555        272.9388881715806       -48.49994554066578    
    139.5000000000000        13.42989803452512        55.90888067052869        3131.929268814129        175785.2935326685        272.9419701794963       -49.49994349671738    
    140.5000000000000        12.68445047635955        55.30426481250884        3064.793611825879        170183.0644197898        272.9451807895612       -50.49994136748238    
    141.5000000000000        11.98851727348493        54.69441448556629        2997.810557412798        164653.7150434657        272.9485303064808       -51.49993914612684    
    142.5000000000000        11.33790476702765        54.07967087590593        2931.035915980603        159202.0326316390        272.9520301234658       -52.49993682509500    
    143.5000000000000        10.72883333701535        53.46041176448646        2864.527594444694        153832.7587202012        272.9556928716493       -53.49993439601011    
    144.5000000000000        10.15797979685730        52.83697086623050        2798.337396538494        148549.9713267381        272.9595325947439       -54.49993184955855    
    145.5000000000000        9.622227067325671        52.20975795770649        2732.523380120253        143358.0473021062        272.9635649540568       -55.49992917535403    
    146.5000000000000        9.118943316562330        51.57914696215259        2667.138044546666        138260.7320493584        272.9678074702122       -56.49992636177716    
    147.5000000000000        8.645618004446694        50.94551665678299        2602.232494759060        133261.4668262659        272.9722798094819       -57.49992339578554    
    148.5000000000000        8.199957420448060        50.30933649452266        2537.865200925457        128364.0701770241        272.9770041246423       -58.49992026268780    
    149.5000000000000        7.780049880006741        49.67093022879408        2474.077642084752        123570.8612617089        272.9820054628700       -59.49991694587306    
    150.5000000000000        7.383793766397592        49.03076712397225        2410.924186164044        118884.9718220120        272.9873122565839       -60.49991342648536    
    151.5000000000000        7.009602880275108        48.38925443740472        2348.450836073089        114308.7219122481        272.9929569176080       -61.49990968302966    
    152.5000000000000        6.655846432886667        47.74681188204149        2286.703007728536        109844.2365213309        272.9989765609536       -62.49990569089181    
    153.5000000000000        6.321168848012752        47.10389623285895        2225.727419749532        105493.5560912212        273.0054138924606       -63.49990142174995    
    154.5000000000000        6.004163412764860        46.46091786718537        2165.564361985557        101258.1090895142        273.0123183052783       -64.49989684284722    
    155.5000000000000        5.703726909062496        45.81829564795316        2106.252587595303        97139.04790996884        273.0197472448526       -65.49989191608661    
    156.5000000000000        5.418750758963083        45.17643551692737        2047.827593540463        93137.15822515385        273.0277679224006       -66.49988659689451    
    157.5000000000000        5.148132252301109        44.53566814785430        1990.315747382221        89252.45320877028        273.0364594852861       -67.49988083278144    
    158.5000000000000        4.891056608628777        43.89643479134474        1933.751608842571        85485.39648781807        273.0459157930525       -68.49987456150095    
    159.5000000000000        4.646585312650513        43.25899051570292        1878.151201968257        81835.10184424334        273.0562490059168       -69.49986770866963    
    160.5000000000000        4.414043720325666        42.62379046602337        1823.546832901890        78301.70048446670        273.0675942773664       -70.49986018465530    
    161.5000000000000        4.192747913177858        41.99115082530544        1769.956571846606        74884.28435874889        273.0801159686141       -71.49985188045532    
    162.5000000000000        3.982059718947600        41.36144739187003        1717.402150782846        71582.12536966405        273.0940159936273       -72.49984266216227    
    163.5000000000000        3.781443294284443        40.73505188166905        1665.903080529948        68394.27589415638        273.1095451985710       -73.49983236341716    
    164.5000000000000        3.590387781249738        40.11226671174438        1615.471253680343        65319.24193321288        273.1270191459720       -74.49982077494126    
    165.5000000000000        3.408406876863271        39.49348284802684        1566.124486826281        62355.86277502582        273.1468404298958       -75.49980762973654    
    166.5000000000000        3.235067235336086        38.87899535494363        1517.871005971264        59502.33666843920        273.1695309083575       -76.49979258170903    
    167.5000000000000        3.069976038514430        38.26912873547144        1470.720152837570        56756.91275729125        273.1957794061828       -77.49977517403154    
    168.5000000000000        2.912799103605746        37.66421001225358        1424.679705006728        54117.70639428205        273.2265143042593       -78.49975479100121    
    169.5000000000000        2.763148098643121        37.06458362214981        1379.757603419457        51582.83757892616        273.2630176043253       -79.49973058238938    
    170.5000000000000        2.620720896361513        36.47057018993839        1335.958431128865        49150.21403701139        273.3071110263001       -80.49970134001607    
    171.5000000000000        2.485212200461666        35.88250526776060        1293.286718912662        46817.74520181054        273.3614734498003       -81.49966528721018    
    172.5000000000000        2.356330390685042        35.30071518524252        1251.745017557215        44583.23088130944        273.4302122638744       -82.49961969985999    
    173.5000000000000        2.233782280256429        34.72548363281047        1211.331709107122        42444.25906975051        273.5199619962471       -83.49956017772423    
    174.5000000000000        2.117309321133984        34.15714511692969        1172.047528890750        40398.55257459385        273.6421810816132       -84.49947912099107    
    175.5000000000000        2.006610004116993        33.59594058961916        1133.885756834081        38443.47006872659        273.8185096689336       -85.49936217623777    
    176.5000000000000        1.901427949117325        33.04213798418917        1096.840626278165        36576.45202703137        274.0953061948641       -86.49917859275638    
    177.5000000000000        1.801549549685628        32.49595151751729        1060.901978819522        34794.75551397319        274.5930316783830       -87.49884845397831    
    178.5000000000000        1.706733687329642        31.95759790294680        1026.059195265491        33095.66275675959        275.7526547279903       -88.49807909154343    
    179.5000000000000        1.616735182050467        31.42727645790382        992.3000641408102        31476.43454090969        281.4951004994734       -89.49426032750144    
    180.5000000000000        1.531364556911517        30.90517697944057        959.6112905833057        29934.33625773879        84.21106002711528       -89.49425042333729    
    181.5000000000000        1.450384512221015        30.39141956116374        927.9744510828413        28466.42868856625        89.95335459552821       -88.49806908646615    
    182.5000000000000        1.373615693846233        29.88615464361897        897.3732973067476        27069.97496341994        91.11296528088106       -87.49883844069423    
    183.5000000000000        1.300879299523787        29.38950274650890        867.7894797025267        25742.20138321253        91.61068735078862       -86.49916857720760    
    184.5000000000000        1.231962672540716        28.90159664836635        839.2054257784152        24480.44735429690        91.88748247104516       -85.49935215975653    
    185.5000000000000        1.166717130915440        28.42251343451073        811.6001408161645        23281.96859851488        92.06381034661783       -84.49946910403776    
    186.5000000000000        1.104976971589861        27.95237040386636        784.9551415669168        22144.21085568191        92.18602902256447       -83.49955016049944    
    187.5000000000000        1.046549666375200        27.49122516250096        759.2487025977008        21064.55859179864        92.27577849804348       -82.49960968246477    
    188.5000000000000       0.9912955823338455        27.03915364075868        734.4602469865669        20040.51827443111        92.34451714042392       -81.49965526970109    
    189.5000000000000       0.9390720232205245        26.59618951793647        710.5672913742751        19069.60156313991        92.39887944353366       -80.49969132242717    
    190.5000000000000       0.8897111682752820        26.16237486121049        687.5479571781892        18149.41555187291        92.44297277784639       -79.49972056474233    
    191.5000000000000       0.8430720518377875        25.73768960018489        665.3777103977679        17277.54890190458        92.47947601210848       -78.49974477331052    
    192.5000000000000       0.7990236501620114        25.32221035568050        644.0372384091238        16451.86281724036        92.51021085953383       -77.49976515630723    
    193.5000000000000       0.7574457129114565        24.91583301956900        623.4987063381416        15669.97587599678        92.53645931754265       -76.49978256395833    
    194.5000000000000       0.7181886855283565        24.51864074697049        603.7439928672065        14929.94114484368        92.55914976413972       -75.49979761196472    
    195.5000000000000       0.6811529643686375        24.13049719149663        584.7449021467538        14229.51893442261        92.57897102216674       -74.49981075715222    
    196.5000000000000       0.6461997464029244        23.75144525231839        566.4823945775145        13566.87134225026        92.59644494823708       -73.49982234561396    
    197.5000000000000       0.6132472804356972        23.38131756104382        548.9280284221438        12939.89430546802        92.61197413540323       -72.49983264434731    
    198.5000000000000       0.5821589292039093        23.02014717276182        532.0635695168911        12346.91856955923        92.62587414544511       -71.49984186263043    
    199.5000000000000       0.5528617177416686        22.66780455534311        515.8637131692324        11786.08838148546        92.63839582396717       -70.49985016682199    
    200.5000000000000       0.5252273888909729        22.32421673783392        500.3066363666707        11255.73972578860        92.64974108450970       -69.49985769082909    
    201.5000000000000       0.4991986786803579        21.98931081333143        485.3709806643505        10754.27886454775        92.66007428795521       -68.49986454365413    
    202.5000000000000       0.4746519540087776        21.66294677069627        471.0332573112457        10280.10620297901        92.66953058753273       -67.49987081492921    
    203.5000000000000       0.4515393128465523        21.34506705065956        457.2742304258128        9831.817792157144        92.67822214325442       -66.49987657903753    
    204.5000000000000       0.4297417828520503        21.03551178647316        444.0709890272583        9407.946945495325        92.68624281450002       -65.49988189822547    
    205.5000000000000       0.4092163115799405        20.73421437645090        431.4052342099853        9007.225465866526        92.69367174850098       -64.49988682498235    
    206.5000000000000       0.3898656404307060        20.44100240339507        419.2549591160811        8628.319839486841        92.70057615636644       -63.49989140388182    
    207.5000000000000       0.3716394485710711        20.15578789673821        407.6023195759473        8270.073449300122        92.70701348345388       -62.49989567302077    
    208.5000000000000       0.3544630574916991        19.87841016515053        396.4271606072679        7931.303714338006        92.71303312283919       -61.49989966515595    
    209.5000000000000       0.3382744674495716        19.60873577471373        385.7111142653874        7610.926264658861        92.71867778030121       -60.49990340860930    
    210.5000000000000       0.3230220075036135        19.34663632604859        375.4366592173429        7307.922810745415        92.72398457079994       -59.49990692799489    
    211.5000000000000       0.3086450975645702        19.09194989737758        365.5855726682267        7021.292567172633        92.72898590611614       -58.49991024480769    
    212.5000000000000       0.2950941880228820        18.84456271284325        356.1421904606163        6750.147937845568        92.73371021863205       -57.49991337790366    
    213.5000000000000       0.2823196322264845        18.60431198418724        347.0894583386025        6493.592455443338        92.73818255549288       -56.49991634389369    
    214.5000000000000       0.2702754669417637        18.37106537748325        338.4121721034566        6250.818081003346        92.74242506944826       -55.49991915746909    
    215.5000000000000       0.2589205520861435        18.14469182823814        330.0956506137272        6021.059353524902        92.74645742674700       -54.49992183167229    
    216.5000000000000       0.2482117943415528        17.92503741063028        322.1249525403744        5803.573428893573        92.75029714799304       -53.49992437812261    
    217.5000000000000       0.2381107437593134        17.71197804892216        314.4867418668741        5597.688086293471        92.75395989447658       -52.49992680720638    
    218.5000000000000       0.2285829647602098        17.50535629999374        307.1669523390486        5402.735627861193        92.75745970989479       -51.49992912823719    
    219.5000000000000       0.2195901608150701        17.30504556516401        300.1531488367308        5218.116929204104        92.76080922536772       -50.49993134959176    
    220.5000000000000       0.2111042162411928        17.11089783530365        293.4325737100093        5043.245485773065        92.76401983409438       -49.49993347882587    
    221.5000000000000       0.2030922260304048        16.92278207997030        286.9935180825599        4877.583207914532        92.76710184077004       -48.49993552277345    
    222.5000000000000       0.1955283302645301        16.74056157519211        280.8245127762553        4720.617750806291        92.77006458992243       -47.49993748763165    
    223.5000000000000       0.1883851097203218        16.56410415942854        274.9146449360062        4571.868824919206        92.77291657655994       -46.49993937903416    
    224.5000000000000       0.1816389444531684        16.39327929791316        269.2534469525867        4430.884265059538        92.77566554191452       -45.49994120211491    
    225.5000000000000       0.1752659775447023        16.22795518498310        263.8307836358390        4297.235994818549        92.77831855657305       -44.49994296156297    
    226.5000000000000       0.1692456159998919        16.06800979399384        258.6371920384867        4170.527104897786        92.78088209289672       -43.49994466167068    
    227.5000000000000       0.1635572844512219        15.91331807940706        253.6634530041005        4050.380431543241        92.78336208830711       -42.49994630637568    
    228.5000000000000       0.1581829414597129        15.76376649204694        248.9010352479195        3936.448090709892        92.78576400075855       -41.49994789929758    
    229.5000000000000       0.1531044870252131        15.61923742275808        244.3415765541875        3828.397939476336        92.78809285750192       -40.49994944377036    
    230.5000000000000       0.1483059160365586        15.47962367324931        239.9773390448863        3725.923821562579        92.79035329807095       -39.49995094287086    
    231.5000000000000       0.1437715293786118        15.34481671577728        235.8008056491358        3628.734717971473        92.79254961227691       -38.49995239944406    
    232.5000000000000       0.1394865751723687        15.21471257451056        231.8048662836666        3536.558760050668        92.79468577387827       -37.49995381612531    
    233.5000000000000       0.1354379691328007        15.08921255975767        227.9828143367228        3449.142114098455        92.79676547049198       -36.49995519536010    
    234.5000000000000       0.1316120595005025        14.96821507111937        224.3280823840907        3366.242223565695        92.79879213023003       -35.49995653942194    
    235.5000000000000       0.1279969584790916        14.85162681390317        220.8345819235873        3287.635220042915        92.80076894547547       -34.49995785042803    
    236.5000000000000       0.1245813266628083        14.73935331544410        217.4963887486826        3213.107799910543        92.80269889415307       -33.49995913035315    
    237.5000000000000       0.1213542721296218        14.63130464612054        214.3079191742650        3142.461043406481        92.80458475880093       -32.49996038104272    
    238.5000000000000       0.1183058004895000        14.52739414694984        211.2638704283658        3075.508311688170        92.80642914370709       -31.49996160422389    
    239.5000000000000       0.1154268152643458        14.42753774920382        208.3591918083739        3012.074181206689        92.80823449034025       -30.49996280151573    
    240.5000000000000       0.1127086370384961        14.33165451311829        205.5890945357909        2951.994312983588        92.81000309127278       -29.49996397443867    
    241.5000000000000       0.1101430605485526        14.23966724005766        202.9490554759811        2895.115013689168        92.81173710276944       -28.49996512442276    
    242.5000000000000       0.1077228052364205        14.15150222138029        200.4348019566966        2841.292558276994        92.81343855619231       -27.49996625281508    
    243.5000000000000       0.1054408502255772        14.06708768311415        198.0422577391994        2790.391653423670        92.81510936835383       -26.49996736088688    
    244.5000000000000       0.1032905399276622        13.98635555487041        195.7675870879134        2742.286088096141        92.81675135093396       -25.49996844983968    
    245.5000000000000       0.1012658666080724        13.90924084362270        193.6071677549608        2696.857822880042        92.81836621906258       -24.49996952081085    
    246.5000000000000       0.9936121140374599E-01    13.83568107225004        191.5575683560451        2653.996239576150        92.81995559915735       -23.49997057487904    
    247.5000000000000       0.9757117093076174E-01    13.76561684202588        189.6155578556273        2613.598091470921        92.82152103609522       -22.49997161306885    
    248.5000000000000       0.9589098388958751E-01    13.69899188537206        187.7780998617093        2575.567126894317        92.82306399978836       -21.49997263635500    
    249.5000000000000       0.9431597203324563E-01    13.63575244989045        186.0423300611573        2539.813409193458        92.82458589122592       -20.49997364566668    
    250.5000000000000       0.9284186512157099E-01    13.57584726657888        184.4055497257870        2506.252977714422        92.82608804803711       -19.49997464189100    
    251.5000000000000       0.9146467769341914E-01    13.51922821444946        182.8652386889532        2474.807925940984        92.82757174962440       -18.49997562587638    
    252.5000000000000       0.9018086194188692E-01    13.46584955533744        181.4190296980788        2445.405705775090        92.82903822191106       -17.49997659843588    
    253.5000000000000       0.8898686654893494E-01    13.41566872879692        180.0647251395246        2417.979302491085        92.83048864174204       -16.49997756035002    
    254.5000000000000       0.8787964814057464E-01    13.36864546802116        178.8002691525349        2392.466527903154        92.83192414097333       -15.49997851236932    
    255.5000000000000       0.8685619101361246E-01    13.32474173309946        177.6237418743737        2368.809769467176        92.83334581028193       -14.49997945521717    
    256.5000000000000       0.8591393700169013E-01    13.28392253766903        176.5333779904860        2346.956241158100        92.83475470272452       -13.49998038959201    
    257.5000000000000       0.8505045486653764E-01    13.24615518600974        175.5275430762032        2326.857399001920        92.83615183707109       -12.49998131616936    
    258.5000000000000       0.8426351657548185E-01    13.21140930332819        174.6047310003718        2308.468780884197        92.83753820093676       -11.49998223560426    
    259.5000000000000       0.8355105962631660E-01    13.17965719358542        173.7635711463928        2291.750069135717        92.83891475373349       -10.49998314853303    
    260.5000000000000       0.8291124677135585E-01    13.15087359085525        173.0028189894435        2276.664814635506        92.84028242946077       -9.499984055574997    
    261.5000000000000       0.8234252206729376E-01    13.12503529020463        172.3213438881266        2263.180117539324        92.84164213935381       -8.499984957334535    
    262.5000000000000       0.8184348708048990E-01    13.10212150250618        171.7181367474754        2251.266720340725        92.84299477440533       -7.499985854402595    
    263.5000000000000       0.8141304666803924E-01    13.08211394637256        171.1923102850553        2240.898948315813        92.84434120777641       -6.499986747358154    
    264.5000000000000       0.8105000441228480E-01    13.06499688093772        170.7430983636341        2232.054647150509        92.84568229711087       -5.499987636770050    
    265.5000000000000       0.8075347831128449E-01    13.05075663464048        170.3698422450408        2224.714868727017        92.84701888676612       -4.499988523198315    
    266.5000000000000       0.8052266224257314E-01    13.03938184338795        170.0719956185835        2218.863932324979        92.84835180997348       -3.499989407195440    
    267.5000000000000       0.8035703077323642E-01    13.03086346303881        169.8491239206969        2214.489380182481        92.84968189093965       -2.499990289308089    
    268.5000000000000       0.8025616185658770E-01    13.02519450101645        169.7008965187264        2211.581799560652        92.85100994690073       -1.499991170078308    
    269.5000000000000       0.8021987008407379E-01    13.02237039314497        169.6270959880599        2210.134986790750        92.85233679013997      -0.4999920500447023    
    270.5000000000000       0.8024810653022154E-01    13.02238902656434        169.6276183334131        2210.145939864731        92.85366322997957       0.5000070702559343    
    271.5000000000000       0.8034098077409746E-01    13.02525042664231        169.7024645188177        2211.614684553421        92.85499007475727        1.500006190287458    
    272.5000000000000       0.8049863259058155E-01    13.03095693097495        169.8517451790456        2214.544370063065        92.85631813379760        2.500005309513221    
    273.5000000000000       0.8072130627695877E-01    13.03951326314962        170.0756826500159        2218.941313011624        92.85764821938851        3.500004427394460    
    274.5000000000000       0.8100964925317687E-01    13.05092601921122        170.3745979039513        2224.814752644838        92.85898114877327        4.500003543389123    
    275.5000000000000       0.8136435278672584E-01    13.06520427868575        170.7489271940618        2232.177197147913        92.86031774616804        5.500002656950687    
    276.5000000000000       0.8178638432529882E-01    13.08235948206587        171.1992195545519        2241.044397315666        92.86165884481612        6.500001767526483    
    277.5000000000000       0.8227676502933178E-01    13.10240528030964        171.7261339936097        2251.435325107281        92.86300528908936        7.500000874556467    
    278.5000000000000       0.8283674459038686E-01    13.12535754763568        172.3304408815522        2263.372235441437        92.86435793664855        8.499999977471937    
    279.5000000000000       0.8346769752547383E-01    13.15123474502506        173.0130330236233        2276.880930807489        92.86571766067442        9.499999075693728    
    280.5000000000000       0.8417135192353516E-01    13.18005703625949        173.7749039595669        2291.990382828092        92.86708535218196        10.49999816863087    
    281.5000000000000       0.8494935171356486E-01    13.21184766293383        174.6171859441900        2308.733539708419        92.86846192243145        11.49999725567909    
    282.5000000000000       0.8580359449486076E-01    13.24663204914095        175.5411286488819        2327.146975892110        92.86984830545032        12.49999633621889    
    283.5000000000000       0.8673629648204424E-01    13.28443785647290        176.5481026825872        2347.271031402645        92.87124546068142        13.49999540961389    
    284.5000000000000       0.8774984470928979E-01    13.32529523102648        177.6396088389629        2369.150081639775        92.87265437577395        14.49999447520919    
    285.5000000000000       0.8884678472109421E-01    13.36923729614979        178.8172939703935        2392.832945238495        92.87407606953514        15.49999353232903    
    286.5000000000000       0.9002996630855987E-01    13.41629959292337        180.0829392130268        2418.372751570397        92.87551159506236        16.49999258027494    
    287.5000000000000       0.9130266112713967E-01    13.46652000507288        181.4384614515257        2445.827084384494        92.87696204307686        17.49999161832363    
    288.5000000000000       0.9266818766894483E-01    13.51993929761927        182.8859313488664        2475.258466419165        92.87842854548266        18.49999064572435    
    289.5000000000000       0.9413026648419141E-01    13.57660080655094        184.4275688340838        2506.734400861038        92.87991227917669        19.49998966169651    
    290.5000000000000       0.9569284545037139E-01    13.63655079069204        186.0657567032865        2540.327790628507        92.88141447013838        20.49998866542712    
    291.5000000000000       0.9736031769577021E-01    13.69983802137930        187.8030346948804        2576.116990551193        92.88293639783089        21.49998765606756    
    292.5000000000000       0.9913748073785865E-01    13.76651353187700        189.6420971726480        2614.185926146144        92.88447939994877        22.49998663273061    
    293.5000000000000       0.1010294949607576        13.83663020111798        191.5857864999047        2654.624136456959        92.88604487755161        23.49998559448715    
    294.5000000000000       0.1030416327558134        13.91024445217217        193.6371453695639        2697.528059479342        92.88763430062738        24.49998454036219    
    295.5000000000000       0.1051795384332901        13.98741558513685        195.7994044229993        2743.000998619042        92.88924921413461        25.49998346933105    
    296.5000000000000       0.1074493968952164        14.06820511673082        198.0759704734419        2791.153122133445        92.89089124457861        26.49998238031508    
    297.5000000000000       0.1098578673841974        14.15267860176698        200.4704844604635        2842.102944154031        92.89256210718366        27.49998127217668    
    298.5000000000000       0.1124119580817684        14.24090529058339        202.9868189518735        2895.977552091217        92.89426361373113        28.49998014371415    
    299.5000000000000       0.1151193941770544        14.33295685483223        205.6290503483177        2952.912333529709        92.89599768114257        29.49997899365627    
    300.5000000000000       0.1179884517583334        14.42890715533904        208.4014591453181        3013.051282648572        92.89776634089743        30.49997782065567    
    301.5000000000000       0.1210277523908806        14.52883348293775        211.3085742544536        3076.548313008101        92.89957174938682        31.49997662328212    
    302.5000000000000       0.1242466679517546        14.63281755119913        214.3552117301597        3143.568498563411        92.90141619931913        32.49997540001513    
    303.5000000000000       0.1276553765119487        14.74094380729014        217.5464358696487        3214.287651761857        92.90330213230955        33.49997414923535    
    304.5000000000000       0.1312647990335196        14.85329993505349        220.8875848213952        3288.893347555161        92.90523215280410        34.49997286921536    
    305.5000000000000       0.1350869740913206        14.96997695964166        224.3842835472777        3367.585671523523        92.90720904351130        35.49997155810973    
    306.5000000000000       0.1391344436985107        15.09106797238565        228.0424175483560        3450.577159181209        92.90923578253995        36.49997021394322    
    307.5000000000000       0.1434208328174984        15.21666884379975        231.8681646108074        3538.094029693530        92.91131556247193        37.49996883459841    
    308.5000000000000       0.1479601578301093        15.34687805024899        235.8680020194916        3630.376947438663        92.91345181163442        38.49996741780165    
    309.5000000000000       0.1527675005237704        15.48179488994951        240.0486622573481        3727.680576727601        92.91564821787733        39.49996596110699    
    310.5000000000000       0.1578589210171006        15.62152268813987        244.4172455650464        3830.276879621042        92.91790875521185        40.49996446187875    
    311.5000000000000       0.1632515085758047        15.76616891825543        248.9812409883347        3938.456410966663        92.92023771372362        41.49996291727171    
    312.5000000000000       0.1689635631050075        15.91584327082153        253.7484773618032        4052.527875195241        92.92263973324458        42.49996132420857    
    313.5000000000000       0.1750147810716203        16.07066025537310        258.7272245838414        4172.821464813157        92.92511984135044        43.49995967935487    
    314.5000000000000       0.1814258137314400        16.23074079745156        263.9262648924376        4299.691573602390        92.92768349634959        44.49995797909061    
    315.5000000000000       0.1882196443777115        16.39620965251214        269.3548264109223        4433.516177249118        92.93033663605051        45.49995621947765    
    316.5000000000000       0.1954201047571456        16.56719478267041        275.0225810527423        4574.697829367103        92.93308573323766        46.49995439622300    
    317.5000000000000       0.2030527933252766        16.74382614288864        280.9396246502465        4723.664346454206        92.93593785896192        47.49995250463704    
    318.5000000000000       0.2111452033740725        16.92622947487445        287.1162755300680        4880.864611469039        92.93890075496485        48.49995053958524    
    319.5000000000000       0.2197274145808339        17.11454235278779        293.5636507925484        5046.784842628857        92.94198291681572        49.49994849543305    
    320.5000000000000       0.2288304684115874        17.30889455470515        300.2930052681856        5221.932714287784        92.94519368966100        50.49994636598257    
    321.5000000000000       0.2384905387133421        17.50943219427330        307.3166012032320        5406.861791687020        92.94854337887992        51.49994414439900    
    322.5000000000000       0.2487437542309895        17.71629413567361        314.6468981197377        5602.151603709900        92.95204337842952        52.49994182312550    
    323.5000000000000       0.2596306878608480        17.92962566201651        322.2970561166976        5808.422626035805        92.95570632027214        53.49993939378430    
    324.5000000000000       0.2711961896452523        18.14957266066832        330.2807563232421        6026.333347777536        92.95954624904333        54.49993684706057    
    325.5000000000000       0.2834803079251328        18.37626121756855        338.6114416484779        6256.560244318133        92.96357882708189        55.49993417256656    
    326.5000000000000       0.2965371071529110        18.60984519707937        347.3041097764806        6499.849859732077        92.96782157616695        56.49993135868147    
    327.5000000000000       0.3104123060187347        18.85045353723897        356.3733840106860        6756.967128048081        92.97229416386890        57.49992839236113    
    328.5000000000000       0.3251697919713574        19.09826156672319        365.8362732739766        7028.777350938413        92.97701874442852        58.49992525891222    
    329.5000000000000       0.3408644431228501        19.35341770960019        375.7094041683339        7316.169395466080        92.98202036667979        59.49992194172172    
    330.5000000000000       0.3575623620485046        19.61605694718317        386.0093866277402        7620.063024813997        92.98732746492519        60.49991842193116    
    331.5000000000000       0.3753292404654106        19.88635011453895        396.7550087054470        7941.483785650859        92.99297245313782        61.49991467804262    
    332.5000000000000       0.3942362185826053        20.16439964179964        407.9628161508979        8281.423668149966        92.99899244879234        62.49991068543880    
    333.5000000000000       0.4143715139809930        20.45044121404089        419.6556693019291        8641.116820368261        93.00543016056545        63.49990641579404    
    334.5000000000000       0.4357978854889780        20.74452870989133        431.8494441295489        9021.618742893115        93.01233498489020        64.49990183634708    
    335.5000000000000       0.4586304918690803        21.04686258551119        444.5669430530057        9424.252362637231        93.01976437103497        65.49989690899598    
    336.5000000000000       0.4829302241068269        21.35750944597724        457.8258154252915        9850.218666510073        93.02778553469231        66.49989158916121    
    337.5000000000000       0.5088287588316716        21.67659104540430        471.6469010210898        10300.87592868619        93.03647762850068        67.49988582434625    
    338.5000000000000       0.5363956183927122        22.00420132481430        486.0503180701590        10777.60463669543        93.04593451826364        68.49987955229648    
    339.5000000000000       0.5657735820305868        22.34040244343851        501.0557178265884        11281.83254399773        93.05626837168485        69.49987269861867    
    340.5000000000000       0.5970489404619576        22.68533901538195        516.6868898296177        11815.17597850551        93.06761435128088        70.49986517366862    
    341.5000000000000       0.6303755301043978        23.03905776613139        532.9641657646988        12379.20247628199        93.08013682925434        71.49985686842933    
    342.5000000000000       0.6658426162983430        23.40160429268052        549.9081497362343        12975.53937669701        93.09403773308593        72.49984764897555    
    343.5000000000000       0.7036222715000996        23.77308720459469        567.5432633330294        13606.01849899691        93.10956792574514        73.49983734892614    
    344.5000000000000       0.7438145765677071        24.15348798325756        585.8885928392482        14272.35011952291        93.12704299092145        74.49982575897464    
    345.5000000000000       0.7866103754953384        24.54300208880967        604.9740510388937        14976.70079261961        93.14686554971144        75.49981261208750    
    346.5000000000000       0.8321448169168967        24.94158412839712        624.8187380193818        15720.92296814202        93.16955749521443        76.49979756212456    
    347.5000000000000       0.8806109799574850        25.34936438257052        645.4507425406689        16507.26517097903        93.19580769863377        77.49978015219786    
    348.5000000000000       0.9321637185854733        25.76629540672609        666.8900632484920        17337.75510586875        93.22654460346837        78.49975976652242    
    349.5000000000000       0.9870306016294263        26.19248793665519        689.1651596582872        18214.81617642256        93.26305029808474        79.49973555475599    
    350.5000000000000        1.045400205351370        26.62792274683645        712.2986794984123        19140.73918737756        93.30714662578147        80.49970630855725    
    351.5000000000000        1.107501211464199        27.07259932032428        736.3144113450138        20117.92792429193        93.36151264810341        81.49967025101728    
    352.5000000000000        1.173568044760053        27.52649002455203        761.2352192699165        21148.83206784682        93.43025603397170        82.49962465765914    
    353.5000000000000        1.243818848964283        27.98955146253091        787.0835414328805        22235.96825107223        93.52001176507160        83.49956512765046    
    354.5000000000000        1.318533851452113        28.46169991651251        813.8797359812316        23381.84007479571        93.64223906437185        84.49948406015540    
    355.5000000000000        1.398023440670407        28.94286633707181        841.6452460987500        24589.07774684165        93.81857958041941        85.49936709981024    
    356.5000000000000        1.482526728543072        29.43297706116711        870.4015298499329        25860.39640543110        94.09539499594766        86.49918349172619    
    357.5000000000000        1.572376223319775        29.93189450301454        900.1663461445003        27198.42408657573        94.59315490367197        87.49885330837451    
    358.5000000000000        1.667885513280237        30.43954598905056        930.9612387448373        28606.03039787885        95.75286026904070        88.49808384059764    
    359.5000000000000        1.769412375137821        30.95578604413316        962.8033853322554        30085.96436333036        101.4957518242559        89.49426452686674    
