 # author: MA Kubiak / Space Research Center PAS Warsaw Poland, contact: mkubiak@cbk.waw.pl                          
 # code version Program.keplerV_ellipt_V2      , Dates: calkV:20/04/2026  ; part_pr:20/04/2026                       
 # czas no T v_mas, kier.naplywu(dl, szer) macierz obrotu (ecl to helio), r, theta, phi(ecl,spher), V_detector(ecl,cart), IBEX_energy_channel
 #     2026.123130000000        0.8088930000000000E-03     9480.000000000000        -11.28000000301609         251.5700000000000         11.95000000000000        0.2459841265748581        0.9692738567985851         0.000000000000000       -0.9615244635393438        0.2440174711049008        0.1261989691358298        0.1223213615382913       -0.3104294319752456E-01    0.9920049496797150        0.9781350000000000         145.7995590000000        0.2072900000000000E-01    -17.00900000000000        -24.50300000000000        0.4200000000000001E-01 00
 # routs_end= 150.00;    Maxwellian,    elliptOrb=Off                                                                                        
 # Numerical parameters: GridKl=10  GridKf=09  GridKV=05  epsV= 0.0000100  epssJon=.0010000                                                  
 # Numerical parameters: GridKl=10  GridKf=09  GridKV=05  epsV= 0.0000100  epssJon=.0010000; tessel128                                                                                                                                                                                                                                                                                                                                                                                                                                                                 
# Axis to the Sun: alpha_ecl= 321.8440000000000000 delta_Ecl= 0.0890000000000000 delta_Ax= 75.0000000000000000  repoint= 00157
 #  flag_atom: He                                                   
 #  flag_general:                                                   
 #                                                                  
 #                                                                  
  # Ly_a_Profil: zero                                               
  # flag_Itot: zero                                                 
 #  v_SW_Eqtr: speed3D.hybrid2026c_patched.dat                      
 #  n_SW_Eqtr: density3D.hybrid2026c_patched.dat                    
 #  phot_Eqtr: 0.8500000  phion_Helium_T12F107_2026c.dat            
 #  sigma_SW: p+He->H +He+, He + alpha (2 chnls);src:simuLosses.nb  
 #  flag_el:slow  swEqtrElectrons5.2026c.patched.dat                
 #  SW_lati: interpolation                                          
 #  phot_lati: analit pole-flattened after Pryor & Auchere          
 #
 #
 #
 #Spin  flux speed	speed^2 speed^3    long_ecl lat_ecl
   0.5000000000000000        30.92266381131988        32.50362441950534        1061.745193556157        34853.41731718487        319.9677867921916        75.08081019621413    
    1.500000000000000        32.50909420452751        33.02257496841271        1095.894661794420        36547.12296664427        316.2319457940699        75.01547291295532    
    2.500000000000000        34.14726337682326        33.54846283076276        1131.046740661690        38318.02623815634        312.5450045736941        74.88564602240476    
    3.500000000000000        35.83498780268958        34.08103702124508        1167.205883057189        40168.27559045589        308.9368161926051        74.69297107219593    
    4.500000000000000        37.56991070510200        34.62010851607465        1204.379913996482        42100.21499092122        305.4334672467050        74.43978361389317    
    5.500000000000000        39.34904930804419        35.16545781635843        1242.574074596900        44116.09463479517        302.0563984795186        74.12898082011417    
    6.500000000000000        41.16899291481548        35.71685941852147        1281.792316483543        46218.11422174901        298.8219931022023        73.76387280266319    
    7.500000000000000        43.02617737139836        36.27408461300717        1322.037853371521        48408.47147170069        295.7415966039917        73.34803324792367    
    8.500000000000000        44.91639300773698        36.83690891237338        1363.313323739688        50689.34773382415        292.8218776615352        72.88516191747379    
    9.500000000000000        46.83498309880124        37.40512773057014        1405.622231754311        53063.00271090624        290.0654158930553        72.37896727236296    
    10.50000000000000        48.77740184587947        37.97851188590362        1448.965356142616        55531.55334698338        287.4714047771021        71.83307315352036    
    11.50000000000000        50.73857071262604        38.55682109797636        1493.341556936374        58097.00504862383        285.0363777103136        71.25094989143857    
    12.50000000000000        52.71304861560581        39.13982778214306        1538.749925511246        60761.39102636608        282.7548919369306        70.63586777162833    
    13.50000000000000        54.69537151838046        39.72728314945686        1585.186804954646        63526.57485577845        280.6201313645950        69.99086943290980    
    14.50000000000000        56.67991022142770        40.31894789149428        1632.648220674349        66394.39102045889        278.6244108150929        69.31875730394562    
    15.50000000000000        58.66102735211591        40.91456851150038        1681.128041485830        69366.53333959155        276.7595795982184        68.62209230571075    
    16.50000000000000        60.63317790610627        41.51388194310751        1730.618206953091        72444.55611483598        275.0173318035242        67.90320050437458    
    17.50000000000000        62.59066433518299        42.11662612025952        1781.109624061144        75629.92606696610        273.3894355885664        67.16418499423094    
    18.50000000000000        64.52805443482393        42.72253850290210        1832.592092274890        78924.01785470451        271.8678953986670        66.40694089634543    
    19.50000000000000        66.44056263436708        43.33136589569776        1885.055053516176        82328.15215410912        270.4450607085855        65.63317190490687    
    20.50000000000000        68.32309761182802        43.94286654395397        1938.487987227470        85843.63030121766        269.1136934589126        64.84440726953282    
    21.50000000000000        70.17160217797111        44.55678571786479        1992.877972309945        89471.54938961451        267.8670044984236        64.04201846260015    
    22.50000000000000        71.98196612355063        45.17285270007550        2048.209388374138        93212.77293189330        266.6986674229543        63.22723505405173    
    23.50000000000000        73.75086461434144        45.79081106286646        2104.466625604216        97068.10944881964        265.6028164305346        62.40115951580679    
    24.50000000000000        75.47579911516294        46.41039922456513        2161.632264121904        101038.1778769255        264.5740332849099        61.56478081880712    
    25.50000000000000        77.15467362627754        47.03135091090196        2219.687200886961        105123.4170166959        263.6073272191016        60.71898678165444    
    26.50000000000000        78.78603949953883        47.65340170671000        2278.611273377794        109324.1245607475        262.6981106034543        59.86457519239600    
    27.50000000000000        80.36946232022881        48.27629571365873        2338.383908341284        113640.5004073309        261.8421724173621        59.00226376361856    
    28.50000000000000        81.90519025141268        48.89977143175038        2398.982725652903        118072.5350626786        261.0356509636945        58.13269900278615    
    29.50000000000000        83.39431011005688        49.52354782728356        2460.382038680880        122619.8842294323        260.2750068139636        57.25646409004848    
    30.50000000000000        84.83838301887027        50.14733121731780        2522.553509839878        127281.9083284200        259.5569966385691        56.37408585844631    
    31.50000000000000        86.23954647736643        50.77081995050828        2585.466469831078        132057.6799315262        258.8786483331987        55.48604096931888    
    32.50000000000000        87.60073718158927        51.39370932114699        2649.088596457174        136946.0432010593        258.2372376778769        54.59276137070881    
    33.50000000000000        88.92607945617900        52.01572154778732        2713.389025114154        141945.8498477826        257.6302666420464        53.69463911998090    
    34.50000000000000        90.22022514873163        52.63654644209436        2778.331924148912        147055.4304791084        257.0554433640764        52.79203064460356    
    35.50000000000000        91.48817618015762        53.25589002906357        2843.881701319364        152273.0061955822        256.5106637765360        51.88526050765378    
    36.50000000000000        92.73577047186565        53.87343783406958        2909.999044632903        157596.3608648465        255.9939948117494        50.97462473744937    
    37.50000000000000        93.96908633238527        54.48885874231565        2976.641334677775        163022.8683749169        255.5036590998041        50.06039377399318    
    38.50000000000000        95.19470842632309        55.10182106516846        3043.764354485541        168549.6215847176        255.0380210590574        49.14281507873564    
    39.50000000000000        96.41988692347660        55.71199549840652        3111.322532683819        174173.4394259114        254.5955742741524        48.22211544857066    
    40.50000000000000        97.65204273263241        56.31903849936306        3179.267097894794        179890.7047532748        254.1749300563233        47.29850306996840    
    41.50000000000000        98.89915459349348        56.92260456068051        3247.547564816045        185697.4922447931        253.7748070837055        46.37216934470065    
    42.50000000000000        100.1696657928881        57.52231534801224        3316.107979367222        191589.2210482385        253.3940220242792        45.44329051468393    
    43.50000000000000        101.4717466270307        58.11779534694958        3384.891042032483        197561.0045226488        253.0314810501464        44.51202911001273    
    44.50000000000000        102.8137542849592        58.70866660218535        3453.837446175416        203607.5816766697        252.6861721584754        43.57853524122933    
    45.50000000000000        104.2042851712277        59.29453433265125        3522.884225587098        209723.1669973885        252.3571582212620        42.64294775423252    
    46.50000000000000        105.6516896075215        59.87499450756787        3591.965618383228        215901.5184352126        252.0435706927745        41.70539526392029    
    47.50000000000000        107.1648349024329        60.44966960184910        3661.017373482286        222136.3196007477        251.7446039100125        40.76599708065206    
    48.50000000000000        108.7511684257013        61.01808056853250        3729.961250977734        228419.7644763233        251.4595099276016        39.82486404186412    
    49.50000000000000        110.4192727270904        61.57983101736303        3798.727271997269        234744.5677473650        251.1875938342255        38.88209925964856    
    50.50000000000000        112.1772510609245        62.13448189375536        3867.238535819664        241102.5783510798        250.9282095029250        37.93779879377916    
    51.50000000000000        114.0308116841659        62.68151837934210        3935.407166136711        247484.4023014646        250.6807557323834        36.99205225851163    
    52.50000000000000        115.9869721293352        63.22051659011122        4003.154848212740        253881.2953452557        250.4446727406693        36.04494337048004    
    53.50000000000000        118.0513101951149        63.75100523911124        4070.395648040626        260283.5549334872        250.2194389768488        35.09655044413316    
    54.50000000000000        120.2287849944431        64.27250994430747        4137.041738693682        266681.0717132968        250.0045682194374        34.14694684038995    
    55.50000000000000        122.5224498129132        64.78450896261947        4202.997613419864        273062.7568934484        249.7996069338610        33.19620137352492    
    56.50000000000000        124.9344463434444        65.28653300036022        4268.173061951797        279417.8050353391        249.6041318639687        32.24437868071053    
    57.50000000000000        127.4658363100957        65.77811007055773        4332.476244040754        285735.0383269056        249.4177478352193        31.29153955813365    
    58.50000000000000        130.1152645852389        66.25874391481072        4395.810775591848        292002.6088267182        249.2400857494677        30.33774126715556    
    59.50000000000000        132.8801640619389        66.72796900735308        4458.083272920555        298208.7724674874        249.0708007533461        29.38303781359371    
    60.50000000000000        135.7562334035867        67.18532447986550        4519.200066788127        304341.5773557944        248.9095705640815        28.42748020285951    
    61.50000000000000        138.7366154025824        67.63035155086153        4579.066822221573        310388.8214503943        248.7560939382411        27.47111667338464    
    62.50000000000000        141.8132247048801        68.06263464397239        4637.594465279659        316338.6916687900        248.6100892703783        26.51399291050266    
    63.50000000000000        144.9748789635691        68.48173842803938        4694.690727801953        322178.9121728810        248.4712933098720        25.55615224271926    
    64.50000000000000        148.2087588076083        68.88727147687801        4750.268841477018        327897.6366613114        248.3394599854327        24.59763582209822    
    65.50000000000000        151.4992145572601        69.27883945548004        4804.241420616814        333482.8515684483        248.2143593278099        23.63848279030838    
    66.50000000000000        154.8279571831268        69.65605845665198        4856.522449575460        338922.6002604256        248.0957764821822        22.67873043171674    
    67.50000000000000        158.1752065410683        70.01857561933778        4907.030412542325        344205.3407499133        247.9835108025601        21.71841431477048    
    68.50000000000000        161.5193057176772        70.36608054300399        4955.690036125385        349320.1479548622        247.8773750212947        20.75756842278497    
    69.50000000000000        164.8367361711381        70.69827525090848        5002.428270108260        354256.3147884629        247.7771944874689        19.79622527514433    
    70.50000000000000        168.1020393181467        71.01488279500199        5047.175645079269        359003.5158641138        247.6828064685635        18.83441603982138    
    71.50000000000000        171.2880804103779        71.31564016739624        5089.865401118474        363551.7337253653        247.5940595103407        17.87217063803695    
    72.50000000000000        174.3667278042111        71.60030884914781        5130.435157927856        367891.4604719720        247.5108128503908        16.90951784180099    
    73.50000000000000        177.3095814657616        71.86868185126863        5168.828045400682        372013.8375164708        247.4329358812328        15.94648536500809    
    74.50000000000000        180.0881735107850        72.12057711211406        5204.991935435154        375910.5974663831        247.3603076592676        14.98309994869938    
    75.50000000000000        182.6734455961054        72.35582965644704        5238.878442090547        379573.9752992129        247.2928164562509        14.01938744104815    
    76.50000000000000        185.0370881599966        72.57429901625454        5270.444053817992        382996.8427536134        247.2303593502841        13.05537287257773    
    77.50000000000000        187.1515626984289        72.77586651997913        5299.649824147537        386172.6888436181        247.1728418536269        12.09108052707744    
    78.50000000000000        188.9929838304140        72.96043589851691        5326.461553997112        389095.6548023680        247.1201775749083        11.12653400864438    
    79.50000000000000        190.5390082442267        73.12792912385582        5350.849249543602        391760.4864680605        247.0722879135673        10.16175630524429    
    80.50000000000000        191.7679600829413        73.27827892127756        5372.786084486047        394162.4310872940        247.0291017845835        9.196769849155325    
    81.50000000000000        192.5664570742520        73.41119268134135        5392.214049770729        396293.4911795200        246.9905553717699        8.231596574632189    
    82.50000000000000        193.2141513669808        73.52736338395813        5409.220444620263        398161.7299952627        246.9565919080968        7.266257973103865    
    83.50000000000000        193.4140268591632        73.62605290502982        5423.685813684971        399752.7904875515        246.9271614816956        6.300775146198787    
    84.50000000000000        193.2591059634373        73.70747961035842        5435.631763518440        401067.9176904019        246.9022208663590        5.335168856872944    
    85.50000000000000        192.7512100232280        73.77163183119953        5445.048148059785        402105.0748799252        246.8817333755144        4.369459578900912    
    86.50000000000000        191.8994363086431        73.81851647995704        5451.929333688829        402862.9150481878        246.8656687387908        3.403667544976940    
    87.50000000000000        190.7171161609706        73.84813070497633        5456.269996434586        403340.3149736340        246.8540030004436        2.437812793662022    
    88.50000000000000        189.2199866240553        73.86046813350330        5458.066080414391        403536.4869671332        246.8467184390315        1.471915215403500    
    89.50000000000000        187.4297230683646        73.85554511679679        5457.318676956822        403451.4097191246        246.8438035078713       0.5059945978466519    
    90.50000000000000        185.3725969372547        73.83339077512260        5454.032536221668        403085.6616835420        246.8452527959141      -0.4599293293478233    
    91.50000000000000        183.0740893728153        73.79401751438634        5448.211678810979        402439.9309503977        246.8510670088138       -1.425836849970777    
    92.50000000000000        180.5622729006415        73.73751332278377        5439.872937281533        401516.5059037648        246.8612529700699       -2.391708216808315    
    93.50000000000000        177.8753641253281        73.66383107512299        5429.015540014457        400315.9795445257        246.8758236422506       -3.357523607055192    
    94.50000000000000        175.0370350123151        73.57317156507268        5415.676227770678        398843.1988553468        246.8947981684117       -4.323263077390228    
    95.50000000000000        172.0819399131158        73.46560776084952        5399.875084224237        397101.4024167322        246.9182019339532       -5.288906518503206    
    96.50000000000000        169.0414319306388        73.34126342805088        5381.641158134760        395094.9756351415        246.9460666492676       -6.254433608858521    
    97.50000000000000        165.9445281708623        73.20026050356869        5361.004786562188        392828.6076202927        246.9784304536653       -7.219823767475316    
    98.50000000000000        162.8214368865621        73.04275349010214        5338.002603468012        390307.8354524596        247.0153380411817       -8.185056105495775    
    99.50000000000000        159.6980525906800        72.86888136816414        5312.670372295412        387538.2394931435        247.0568408090120       -9.150109376304107    
    100.5000000000000        156.6009852119489        72.67883181906460        5285.052421187278        384526.4803965362        247.1029970294526       -10.11496192394700    
    101.5000000000000        153.5531638051082        72.47280025894622        5255.195521243008        381279.6092466842        247.1538720463795       -11.07959162959324    
    102.5000000000000        150.5764473021293        72.25099928930351        5223.150121087295        377805.1828019618        247.2095384974515       -12.04397585575405    
    103.5000000000000        147.6896680057565        72.01364001184690        5188.967520340694        374110.9389760546        247.2700765633894       -13.00809138796762    
    104.5000000000000        144.9099572109454        71.76095367280102        5152.702927937142        370205.1170358711        247.3355742458703       -13.97191437363067    
    105.5000000000000        142.2513031267780        71.49318983606447        5114.415113598840        366096.4067423486        247.4061276757633       -14.93542025763587    
    106.5000000000000        139.7264026595880        71.21062364179001        5074.167339018383        361794.0327723213        247.4818414536501       -15.89858371444708    
    107.5000000000000        137.3450992712671        70.91354335937895        5032.025445358330        357307.5313057067        247.5628290248006       -16.86137857621400    
    108.5000000000000        135.1148980384023        70.60226433052463        4988.059719423660        352646.9327664905        247.6492130910255       -17.82377775649357    
    109.5000000000000        133.0412078226100        70.27711003888099        4942.342011709299        347822.4297262938        247.7411260621026       -18.78575316910591    
    110.5000000000000        131.1274759301896        69.93841729310319        4894.946319873206        342844.4194892597        247.8387105497750       -19.74727564161028    
    111.5000000000000        129.3752012233620        69.58652635283923        4845.947284238045        337723.3300491961        247.9421199076493       -20.70831482283621    
    112.5000000000000        127.7838422189372        69.22178551778889        4795.420689302789        332469.6551826332        248.0515188206910       -21.66883908385048    
    113.5000000000000        126.3514118150975        68.84455108191557        4743.443440673327        327093.9482932024        248.1670839484124       -22.62881541167823    
    114.5000000000000        125.0750591110150        68.45519070839771        4690.093926597950        321606.8467944650        248.2890046263001       -23.58820929502714    
    115.5000000000000        123.9502089673017        68.05408112365846        4635.451479365945        316018.9909950636        248.4174836305191       -24.54698460118395    
    116.5000000000000        122.9710618562645        67.64158568218068        4579.593201666155        310340.6862092604        248.5527380114824       -25.50510344316585    
    117.5000000000000        122.1308954015985        67.21807658616058        4522.596937088528        304582.1994806622        248.6950000024812       -26.46252603610774    
    118.5000000000000        121.4222720951960        66.78391013496430        4464.537878913342        298753.4105831502        248.8445180102496       -27.41921054175586    
    119.5000000000000        120.8375129388733        66.33945854480507        4405.492868272271        292864.2479089494        249.0015576950925       -28.37511289980993    
    120.5000000000000        120.3679477353708        65.88510189193936        4345.539138195761        286924.5437120930        249.1664031490411       -29.33018664471395    
    121.5000000000000        120.0039009711168        65.42118580716323        4284.748501500994        280943.4352512592        249.3393581814409       -30.28438270633384    
    122.5000000000000        119.7353981019651        64.94805891666455        4223.192462644847        274929.8892845170        249.5207477224181       -31.23764919277622    
    123.5000000000000        119.5516227127179        64.46605718826618        4160.940137742595        268892.4962609034        249.7109193558347       -32.18993115339673    
    124.5000000000000        119.4420945590998        63.97550571537466        4098.058430007311        262839.4831190836        249.9102449946475       -33.14117031980960    
    125.5000000000000        119.3962602476925        63.47674608885684        4034.615567404848        256779.0569411572        250.1191227130316       -34.09130482244480    
    126.5000000000000        119.4031674505423        62.97010085388258        3970.676335977410        250718.9274073472        250.3379787512582       -35.04026887989416    
    127.5000000000000        119.4514444321489        62.45588231724389        3906.303268289044        244666.4302083958        250.5672697111202       -35.98799245794494    
    128.5000000000000        119.5296375159253        61.93440392762928        3841.558233926759        238628.6942602305        250.8074849617263       -36.93440089480415    
    129.5000000000000        119.6256553134867        61.40597793537076        3776.501928546329        232612.5760708712        251.0591492777324       -37.87941448857065    
    130.5000000000000        119.7277687780335        60.87090460007627        3711.192592627750        226624.5464232354        251.3228257345979       -38.82294804250059    
    131.5000000000000        119.8242760763950        60.32948253368687        3645.687141081099        220670.7864988538        251.5991188882410       -39.76491036302725    
    132.5000000000000        119.9037032180226        59.78201680518742        3580.042274110916        214757.3028708703        251.8886782695826       -40.70520370482928    
    133.5000000000000        119.9546553774089        59.22882241181970        3514.314875138705        208889.9671238869        252.1922022278999       -41.64372315647810    
    134.5000000000000        119.9657532681944        58.67021430923617        3448.560677824420        203074.3853301556        252.5104421607215       -42.58035595931899    
    135.5000000000000        119.9255255979892        58.10648454641619        3382.831545930139        197315.6581933931        252.8442071721736       -43.51498075123956    
    136.5000000000000        119.8225323498016        57.53790658801085        3317.175793040955        191618.3975321390        253.1943692062749       -44.44746672582991    
    137.5000000000000        119.6461321329056        56.96477357027617        3251.643130438345        185987.2068093512        253.5618687066560       -45.37767269612052    
    138.5000000000000        119.3855745553162        56.38736818627640        3186.280670327342        180426.2946545020        253.9477208595588       -46.30544605057354    
    139.5000000000000        119.0314226226522        55.80599106985026        3121.136716174967        174939.8506329676        254.3530224826994       -47.23062158727031    
    140.5000000000000        118.5747183275110        55.22093121721291        3056.256858611920        169531.6706107691        254.7789596285972       -48.15302021025119    
    141.5000000000000        118.0073587700178        54.63246412684187        2991.683861114351        164205.1588317533        255.2268159771594       -49.07244746969072    
    142.5000000000000        117.3220880045084        54.04087593730902        2927.460547847287        158963.5921465227        255.6979820984707       -49.98869192498988    
    143.5000000000000        116.5120619782819        53.44641987441258        2863.624595753999        153809.6613993525        256.1939656725983       -50.90152330689922    
    144.5000000000000        115.5719707681275        52.84938374340308        2800.216631040045        148746.1986476055        256.7164027583430       -51.81069045140931    
    145.5000000000000        114.4975348925725        52.25003433278505        2737.273491074272        143775.5789044865        257.2670702066497       -52.71591897431457    
    146.5000000000000        113.2856668952436        51.64865385638942        2674.832605910958        138900.1128401840        257.8478993159687       -53.61690865103569    
    147.5000000000000        111.9343970220180        51.04551892382350        2612.929392395348        134121.8171537445        258.4609908250097       -54.51333046144347    
    148.5000000000000        110.4434038966233        50.44090070411746        2551.597440114224        129442.4474666827        259.1086313313874       -55.40482325405019    
    149.5000000000000        108.8134224447621        49.83507730319135        2490.870021379131        124863.6363762492        259.7933112102899       -56.29098997803324    
    150.5000000000000        107.0462611755058        49.22829707832950        2430.775503214023        120386.4854242989        260.5177440823724       -57.17139342519247    
    151.5000000000000        105.1455364556348        48.62083030264886        2371.343859835875        116012.1628071368        261.2848878403222       -58.04555141723741    
    152.5000000000000        103.1163654289897        48.01294559005373        2312.603313313327        111741.5812156688        262.0979671832294       -58.91293136698491    
    153.5000000000000        100.9645420978010        47.40489749969238        2254.579418260420        107575.3576218833        262.9604975194640       -59.77294413550074    
    154.5000000000000        98.69720693869181        46.79695144126908        2197.297607421498        103514.0155470171        263.8763099721831       -60.62493710153912    
    155.5000000000000        96.32259892155606        46.18936728650026        2140.781443360878        99557.85065793344        264.8495770439334       -61.46818635573264    
    156.5000000000000        93.84984884348688        45.58239729066388        2085.052587225784        95706.94723698191        265.8848382514688       -62.30188793121401    
    157.5000000000000        91.28891369922964        44.97631295822200        2030.133309408428        91961.35920957904        266.9870247081289       -63.12514798666325    
    158.5000000000000        88.65061738645828        44.37138180825492        1976.044176737642        88320.94323072315        268.1614811836052       -63.93697186994191    
    159.5000000000000        85.94641730920448        43.76786621036762        1922.804084168099        84785.37569223222        269.4139835800804       -64.73625201435621    
    160.5000000000000        83.18791492415718        43.16603994335183        1870.431599707535        81354.23976370307        270.7507489969485       -65.52175466042527    
    161.5000000000000        80.38716505472797        42.56616775377000        1818.943340592291        78026.93556500557        272.1784345814025       -66.29210546077084    
    162.5000000000000        77.55599458678419        41.96853169835185        1768.356145437389        74802.81851092754        273.7041201539085       -67.04577412332864    
    163.5000000000000        74.70654465073967        41.37339028432971        1718.683491540508        71680.96975207496        275.3352681498507       -67.78105838952378    
    164.5000000000000        71.85031711844927        40.78102032712236        1669.939207495949        68660.44844227521        277.0796527641419       -68.49606784212867    
    165.5000000000000        68.99893710220198        40.19169446517576        1622.135558760057        65740.17522150915        278.9452484262511       -69.18870830570302    
    166.5000000000000        66.16310832016248        39.60568443773800        1575.283500338023        62918.95040580744        280.9400660830015       -69.85666795251134    
    167.5000000000000        63.35338402432346        39.02327063258078        1529.393398097207        60195.50073732068        283.0719246067264       -70.49740666411076    
    168.5000000000000        60.57924345142663        38.44472937871859        1484.474159264606        57568.44161829510        285.3481445840272       -71.10815071526126    
    169.5000000000000        57.84947770638394        37.87035246652144        1440.534734239293        55036.36683728424        287.7751536512630       -71.68589540981903    
    170.5000000000000        55.17239469576268        37.30042069550115        1397.581823728349        52597.70666178701        290.3579975567423       -72.22741883682104    
    171.5000000000000        52.55452217917103        36.73520157137647        1355.620246557102        50250.78512531552        293.0997604919324       -72.72931030514934    
    172.5000000000000        50.00270097342888        36.17499761674436        1314.656220228370        47993.98866388437        296.0009129610007       -73.18801707128179    
    173.5000000000000        47.52206325180827        35.62007537411059        1274.692239934536        45825.49249832842        299.0586257183792       -73.59991245698022    
    174.5000000000000        45.11706809795855        35.07068692781146        1235.728698356387        43743.35642980616        302.2661125578032       -73.96138710790204    
    175.5000000000000        42.79135248185939        34.52709702293043        1197.766066338432        41745.65831983342        305.6120888687811       -74.26896278472067    
    176.5000000000000        40.54769911737318        33.98955574973163        1160.802875179595        39830.38443033638        309.0804498630079       -74.51942471619658    
    177.5000000000000        38.38822830423844        33.45829988065528        1124.835811409287        37995.43755040486        312.6502732252779       -74.70996452339162    
    178.5000000000000        36.31433616794741        32.93355077106538        1089.859811320798        36238.65653821266        316.2962275013873       -74.83832180027690    
    179.5000000000000        34.32667847953342        32.41551718907003        1055.868299248608        34557.83277020008        319.9894167812762       -74.90290969217529    
    180.5000000000000        32.42559798807891        31.90441771335556        1022.854735211749        32950.79193440755        323.6986203503242       -74.90290936796342    
    181.5000000000000        30.61058445901915        31.40042612813187        990.8090612526930        31415.22180691906        327.3918093107170       -74.83832083178649    
    182.5000000000000        28.88086602700607        30.90374298788232        959.7225468340592        29948.91911883631        331.0377629638567       -74.70996292279739    
    183.5000000000000        27.23532603011741        30.41455006859535        929.5848621831547        28549.64866305840        334.6075854297674       -74.51942250295791    
    184.5000000000000        25.67225997436870        29.93300253433071        900.3836061656573        27215.12245230285        338.0759452949051       -74.26895998445509    
    185.5000000000000        24.18975516738602        29.45924299496072        872.1053761057568        25943.05841758517        341.4219202910048       -73.96138375102136    
    186.5000000000000        22.78573876131946        28.99341290252420        844.7366317272774        24731.22734691577        344.6294056786576       -73.59990857724262    
    187.5000000000000        21.45778412147801        28.53562226753201        818.2617774377942        23577.36085751410        347.6871168945064       -73.18801270439619    
    188.5000000000000        20.20325502233252        28.08597171483588        792.6646981251303        22479.22883604964        350.5882677749150       -72.72930548753257    
    189.5000000000000        19.01946006651659        27.64454897218690        767.9285124109214        21434.62571476186        353.3300291107776       -72.22741360456729    
    190.5000000000000        17.90352022257397        27.21143575766766        744.0361431871628        20441.40115930148        355.9128714358685       -71.68588979790287    
    191.5000000000000        16.85262892173041        26.78669992889655        720.9698528068105        19497.43756028234        358.3398789644761       -71.10814475696662    
    192.5000000000000        15.86386755097600        26.37038357348602        698.7106809068923        18600.62919236710       0.6161074794261465       -70.49740039066043    
    193.5000000000000        14.93437676861694        25.96253024560232        677.2400131796828        17748.94782512224        2.747964592489089       -69.85666139286175    
    194.5000000000000        14.06112419430416        25.56316205162176        656.5384586230800        16940.39977592743        4.742780914992484       -69.18870148646772    
    195.5000000000000        13.24139727323930        25.17230682219735        636.5872291282535        16173.07592125422        6.608375322587883       -68.49606078759673    
    196.5000000000000        12.47243060275246        24.78999855243533        617.3682260991850        15445.15556329650        8.352758762758624       -67.78105112174364    
    197.5000000000000        11.75125527104086        24.41619072761524        598.8596523321329        14754.73694568391        9.983905663690024       -67.04576666223383    
    198.5000000000000        11.07525236300128        24.05087484487501        581.0421334767115        14100.07225437406        11.50959021765355       -66.29209782433006    
    199.5000000000000        10.44181734988099        23.69401029231562        563.8952496129477        13479.43661643808        12.93727485649633       -65.52174686480316    
    200.5000000000000        9.848528691703695        23.34555646490686        547.3990784823038        12891.18054309248        14.27403939660641       -64.73624407407559    
    201.5000000000000        9.292901738022406        23.00543181079524        531.5322880891455        12333.66110296072        15.52654098082366       -63.93696379804181    
    202.5000000000000        8.772711791309671        22.67357361482663        516.2750604213932        11805.34686917672        16.70099670410565       -63.12513979484812    
    203.5000000000000        8.285724905934668        22.34990524052672        501.6075224010820        11304.75870217395        17.80318246425017       -62.30187962999253    
    204.5000000000000        7.829856237671521        22.03431562729608        487.5087982054653        10830.43456200900        18.83844302670772       -61.46817795454501    
    205.5000000000000        7.403238146731542        21.72673646664876        473.9606304014087        10381.05443901508        19.81170950077850       -60.62492860887225    
    206.5000000000000        7.004009994155978        21.42707047359388        460.9440078483524        9955.319425008203        20.72752139941392       -59.77293555899220    
    207.5000000000000        6.630411925171608        21.13521266200726        448.4402272848706        9551.988540109220        21.59005122161142       -58.91292271351588    
    208.5000000000000        6.280794299884895        20.85106886303750        436.4316535117480        9169.899683321199        22.40313008723757       -58.04554269301552    
    209.5000000000000        5.953607339008366        20.57452472938285        424.9003431079825        8807.922158796811        23.17027340162621       -57.17138463582553    
    210.5000000000000        5.647394453783569        20.30547372385108        413.8293260162900        8464.998115748203        23.89470586107716       -56.29098112859452    
    211.5000000000000        5.360771819658743        20.04379795076909        403.2017032794972        8140.109359738752        24.57938535571989       -55.40481434913632    
    212.5000000000000        5.092442157697653        19.78937506768021        393.0009744803430        7832.286767029399        25.22702550387073       -54.51332150522567    
    213.5000000000000        4.841194106533703        19.54208535537159        383.2113378706202        7540.618302870336        25.84011667858125       -53.61689964730505    
    214.5000000000000        4.605899231955827        19.30180169283483        373.8171905529605        7264.229128152006        26.42094547551702       -52.71590992652226    
    215.5000000000000        4.385494853445447        19.06840323866744        364.8037889547999        7002.303525701657        26.97161263161070       -51.81068136270191    
    216.5000000000000        4.178989955451572        18.84175618689926        356.1563286073210        6754.050972736353        27.49404944369239       -50.90151418015032    
    217.5000000000000        3.985456025469124        18.62173208116401        347.8607653464356        6518.732318233548        27.99003276123043       -49.98868276282776    
    218.5000000000000        3.804041184612307        18.40820367283263        339.9035822704469        6295.649432294018        28.46119864167916       -49.07243827452324    
    219.5000000000000        3.633941952676026        18.20104223841255        332.2716756178701        6084.140354591460        28.90905476387811       -48.15301098428759    
    220.5000000000000        3.474413863881129        18.00012050637387        324.9524611108990        5883.581098240308        29.33499169679173       -47.23061233254079    
    221.5000000000000        3.324760268257280        17.80531393959771        317.9338949769310        5693.384357527812        29.74029311930408       -46.30543676894661    
    222.5000000000000        3.184330689148703        17.61649865390900        311.2043777730465        5512.995339352702        30.12614508300016       -45.37766338931843    
    223.5000000000000        3.052524708710916        17.43355349892154        304.7528191823686        5341.892299779816        30.49364440474144       -44.44745739544252    
    224.5000000000000        2.928778189346618        17.25635712359491        298.5685050851285        5179.581307233889        30.84380626998757       -43.51497139873666    
    225.5000000000000        2.812564376171793        17.08479028480357        292.6411706413737        5025.597157697523        31.17757112165276       -42.58034658606133    
    226.5000000000000        2.703396455751522        16.91873548899515        286.9609687149426        4879.501297406267        31.49581090309869       -41.64371376372732    
    227.5000000000000        2.600818276380254        16.75807740898952        281.5184689174623        4740.880682657038        31.79933471784875       -40.70519429375672    
    228.5000000000000        2.504408784249629        16.60270186090647        276.3046032227863        4609.345218890036        32.08889396287736       -39.76490093472202    
    229.5000000000000        2.413772622010903        16.45249601607047        271.3106564047962        4484.526484506689        32.36518698695229       -38.82293859797674    
    230.5000000000000        2.328545866569359        16.30735161636009        266.5283744234133        4366.079968805298        32.62886332052505       -37.87940502877354    
    231.5000000000000        2.248386221859017        16.16716001787338        261.9497613520919        4253.678439930597        32.88052751908162       -36.93439142061645    
    232.5000000000000        2.172979478513291        16.03181792816516        257.5672751319604        4147.016548823966        33.12074265768192       -35.98798297019188    
    233.5000000000000        2.102032438015636        15.90122560559249        253.3737464247997        4045.807824989416        33.35003351061348       -35.04025937934814    
    234.5000000000000        2.035273816950041        15.77528434542567        249.3622773102699        3949.781299194750        33.56888944664369       -34.09129530982994    
    235.5000000000000        1.972449318866066        15.65389932315099        245.5263282776237        3858.683157100834        33.77776706724975       -33.14116079580568    
    236.5000000000000        1.913324644412033        15.53697751710769        241.8596334323987        3772.273896204393        33.97709261240984       -32.18992161864251    
    237.5000000000000        1.857682026251793        15.42443093992112        238.3562978878007        3690.330228300194        34.16726415602747       -31.23763964787302    
    238.5000000000000        1.805319414505406        15.31617306056802        235.0106650508199        3612.641162532293        34.34865361080659       -30.28437315184832    
    239.5000000000000        1.756049135542511        15.21212079101108        231.8173735916101        3539.008964525740        34.52160856037437       -29.33017708118087    
    240.5000000000000        1.709697247421181        15.11219456440233        228.7713497953706        3469.248509361598        34.68645393463777       -28.37510332773458    
    241.5000000000000        1.666100902035818        15.01631723448615        225.8677611100743        3403.185683080178        34.84349354273797       -27.41920096161650    
    242.5000000000000        1.625110418023513        14.92441504322868        223.1020375760522        3340.657484771545        34.99301147651535       -26.46251644835743    
    243.5000000000000        1.586585178010471        14.83641589517811        220.4698082514272        3281.510134856799        35.13527339609607       -25.50509384823455    
    244.5000000000000        1.550394059106567        14.75225117056914        217.9669499214020        3225.599871248982        35.27052770804718       -24.54697499948033    
    245.5000000000000        1.516417699389307        14.67185606417098        215.5895937658731        3172.792879419315        35.39900664550286       -23.58819968693991    
    246.5000000000000        1.484543519313934        14.59516824655249        213.3340701596117        3122.963554012597        35.52092725872859       -22.62880579757794    
    247.5000000000000        1.454667405581049        14.52212717172484        211.1968820989424        3075.993635349496        35.63649232375082       -21.66882946409079    
    248.5000000000000        1.426693188899301        14.45267613551917        209.1747650254065        3031.773418121445        35.74589117592536       -20.70830519775514    
    249.5000000000000        1.400532090985803        14.38676098082664        207.2646387833933        2990.200353638669        35.84930047464122       -19.74726601153142    
    250.5000000000000        1.376100862478628        14.32432979239912        205.4635916367053        2951.178435852880        35.94688490474708       -18.78574353433958    
    251.5000000000000        1.353323370570934        14.26533399417559        203.7689096505169        2914.618707381454        36.03879781973930       -17.82376811733773    
    252.5000000000000        1.332129576262888        14.20972795464365        202.1780594083984        2880.438676519556        36.12518183125596       -16.86136893295530    
    253.5000000000000        1.312454278048449        14.15746851881207        200.6886686691084        2848.561691752529        36.20616934897527       -15.89857406736177    
    254.5000000000000        1.294238700299552        14.10851447776483        199.2985055739411        2818.916303205580        36.28188307461301       -14.93541060699055    
    255.5000000000000        1.277427101719472        14.06282748650427        198.0055030266857        2791.436689972157        36.35243645334845       -13.97190471968313    
    256.5000000000000        1.261970258134098        14.02037178506463        196.8077473244744        2766.062291910243        36.41793408567666       -13.00808173096764    
    257.5000000000000        1.247822199320972        13.98111436531824        195.7034784998426        2742.737669569138        36.47847210238369       -12.04396619594394    
    258.5000000000000        1.234941649937301        13.94502487327285        194.6910839201173        2721.412244768601        36.53413850506664       -11.07958196720866    
    259.5000000000000        1.223291434408842        13.91207459288915        193.7690658838872        2702.039493343232        36.58501347436970       -10.11495225921756    
    260.5000000000000        1.212836586367003        13.88223776826144        192.9360768831710        2684.577616356384        36.63116964787704       -9.150099709453855    
    261.5000000000000        1.203547342897850        13.85549131103692        192.1909099617382        2668.989276207010        36.67267236939303       -8.185046436743889    
    262.5000000000000        1.195396611319274        13.83181449304051        191.5324873947486        2655.241272455655        36.70957991114413       -7.219814097036639    
    263.5000000000000        1.188360922025572        13.81118910244661        190.9598623071478        2643.304491112622        36.74194367025749       -6.254423936943983    
    264.5000000000000        1.181910075989366        13.79335713323769        190.4654144586170        2633.010429429011        36.76980834070235       -5.288896845320449    
    265.5000000000000        1.177557193581429        13.77903080291647        190.0688216549343        2624.767271084499        36.79321206172383       -4.323253403144101    
    266.5000000000000        1.173757240527205        13.76747273900487        189.7491175493815        2618.127578068092        36.81218654365087       -3.357513931948072    
    267.5000000000000        1.171009694797778        13.75891600154463        189.5126385759148        2613.220650113020        36.82675717182037       -2.391698541040756    
    268.5000000000000        1.169305736559349        13.75335426200196        189.3590542145020        2610.036374125208        36.83694308922609       -1.425827173741943    
    269.5000000000000        1.168639448264444        13.75078362245314        189.2881561678376        2608.568330516232        36.84275725837431      -0.4599196528557826    
    270.5000000000000        1.169007792731325        13.75120189181091        189.2998372382915        2608.813324045881        36.84420650270345       0.5060042744042912    
    271.5000000000000        1.170411277214549        13.75460890262208        189.3940997817822        2610.771551149320        36.84129152780599        1.471924891829181    
    272.5000000000000        1.172852872727751        13.76100689779748        189.5710674368258        2614.446867866841        36.83400692257185        2.437822469757939    
    273.5000000000000        1.176338329164343        13.77040073473705        189.8309912599611        2619.846930814542        36.82234114025590        3.403677220544411    
    274.5000000000000        1.180876655969472        13.78279793383795        190.1742517503799        2626.983260613623        36.80627645935502        4.369469253739960    
    275.5000000000000        1.186479547465643        13.79820810808632        190.6013419520280        2635.870869665585        36.78578892406166        5.335178530781992    
    276.5000000000000        1.193161771744140        13.81664278471266        191.1128635666259        2646.528214665514        36.76084826394113        6.300784818974007    
    277.5000000000000        1.200941557641434        13.83811579343062        191.7095391390176        2658.977494582220        36.73141779235583        7.266267644538734    
    278.5000000000000        1.209840573734522        13.86264382983560        192.3922304256950        2673.245109617761        36.69745428303250        8.231606244517153    
    279.5000000000000        1.219883758454466        13.89024628202509        193.1619353592150        2689.361656499430        36.65890782403455        9.196779517277117    
    280.5000000000000        1.231099365949583        13.92094441908347        194.0197645525338        2707.361432462591        36.61572164826276        10.16176597138542    
    281.5000000000000        1.243519818233570        13.95476175221415        194.9669547332873        2727.282817109180        36.56783193945847        11.12654367258280    
    282.5000000000000        1.257180493848053        13.99172483324002        196.0048943759028        2749.168913270475        36.51516761252721        12.09109018858571    
    283.5000000000000        1.272120058207817        14.03186283684091        197.1351145783122        2773.067442150573        36.45765006683138        13.05538253142251    
    284.5000000000000        1.288381491057317        14.07520653596568        198.3592594294178        2799.030126601876        36.39519291092054        14.01939709698977    
    285.5000000000000        1.306011989193059        14.12178870449537        199.6791023251300        2827.113190681296        36.32770165697154        14.98310960149093    
    286.5000000000000        1.325062863032067        14.17164623199822        201.0966126512996        2857.378977092139        36.25507338299956        15.94649501439477    
    287.5000000000000        1.345590111056722        14.22481808224687        202.6138980172192        2889.894761639335        36.17719636067001        16.90952748751959    
    288.5000000000000        1.367654476737774        14.28134480163141        204.2331916374547        2924.732565059936        36.09394964628937        17.87218027981483    
    289.5000000000000        1.391322806046730        14.34127211551579        205.9569685904321        2961.972021848597        36.00520263227732        18.83442567737570    
    290.5000000000000        1.416667392586318        14.40464636783125        207.7878090396773        3001.697350783734        35.91081455611992        19.79623490818133    
    291.5000000000000        1.443765960853336        14.47151606956260        209.7284498708866        3043.998703357433        35.81063396346951        20.75757805099880    
    292.5000000000000        1.472703116360422        14.54193416300245        211.7818622653234        3088.974218698053        35.70449812169056        21.71842393784226    
    293.5000000000000        1.503569732241407        14.61595624706622        213.9511994928718        3136.728941023390        35.59223237974329        22.67874004931364    
    294.5000000000000        1.536464340170590        14.69364003652809        216.2397873331834        3187.374853481506        35.47364946984874        23.63849240208219    
    295.5000000000000        1.571493696931968        14.77504641230294        218.6511649665608        3241.032120125259        35.34854874587933        24.59764542768422    
    296.5000000000000        1.608770800446058        14.86023787371188        221.1890394204486        3297.828185704422        35.21671535286686        25.55616184173493    
    297.5000000000000        1.648417358298552        14.94927931871226        223.8573212585114        3357.898997371994        35.07791932140469        26.51400250254606    
    298.5000000000000        1.690563343496372        15.04223940252968        226.6601698853857        3421.390268213581        34.93191458003673        27.47112625803286    
    299.5000000000000        1.735348936429507        15.13918932138734        229.6019669669652        3488.457266630055        34.77843787796394        28.42748977966706    
    300.5000000000000        1.782925426945006        15.24020266670643        232.6873165747534        3559.265088599777        34.61720760954982        29.38304738209045    
    301.5000000000000        1.833455438918555        15.34535809561226        235.9211414638206        3633.991401080662        34.44792253115802        30.33775082684473    
    302.5000000000000        1.887113451489610        15.45473605888517        239.3085861838997        3712.824488420098        34.27026035979709        31.29154910848969    
    303.5000000000000        1.944084698851231        15.56842002857889        242.8550707991538        3795.965106023279        34.08387624186518        32.24438822117656    
    304.5000000000000        2.004564190414077        15.68649568645718        246.5662697402169        3883.626311209569        33.88840107896539        33.19621090351003    
    305.5000000000000        2.068765606504400        15.80905130960429        250.4481356582704        3976.034576332494        33.68343969628540        34.14695635926645    
    306.5000000000000        2.136918584259567        15.93617922818008        254.5069624343463        4073.431988287307        33.46856883738250        35.09655995123316    
    307.5000000000000        2.209268734560476        16.06797380688603        258.7493253995515        4176.075233469734        33.24333496736750        36.04495286509200    
    308.5000000000000        2.286080028397020        16.20453363300269        263.1821724370059        4284.238647650377        33.00725186441564        36.99206173987658    
    309.5000000000000        2.367637889360066        16.34595959126885        267.8127675582192        4398.213369120889        32.75979797722504        37.93780826108627    
    310.5000000000000        2.454249276000008        16.49235600018099        272.6487458654254        4518.309514192241        32.50041352346575        38.88210871203045    
    311.5000000000000        2.546245404002418        16.64382919703825        277.6980802610089        4644.856152674371        32.22849730138923        39.82487347839177    
    312.5000000000000        2.643977545912730        16.80048902984383        282.9691470140485        4778.203807802604        31.94340318356750        40.76600650032890    
    313.5000000000000        2.747823761815821        16.96244631861151        288.4706476246275        4918.723193115502        31.64443625817482        41.70540466567576    
    314.5000000000000        2.858188654197310        17.12981431857236        294.2116809221316        5066.808164254464        31.33084857928290        42.64295713691519    
    315.5000000000000        2.975513239351809        17.30270777174406        300.2017229118737        5222.876146612211        31.00183448328807        43.57854460359884    
    316.5000000000000        3.100264391761404        17.48124038013604        306.4505594760037        5387.367563860841        30.65652542380119        44.51203845073095    
    317.5000000000000        3.232945237585746        17.66553330885793        312.9685964668755        5560.755021142487        30.29398427210033        45.44329983230536    
    318.5000000000000        3.374086186935934        17.85570422702687        319.7664766932633        5743.533976175750        29.91319902457016        46.37217863766134    
    319.5000000000000        3.524257394961114        18.05187146084926        326.8552570380613        5936.229125982190        29.51307585245571        47.29851233657367    
    320.5000000000000        3.684069068105160        18.25415693388782        334.2465286469515        6139.398888255554        29.09243142279958        48.22212468698159    
    321.5000000000000        3.854179005907275        18.46268244131063        341.9523057184123        6353.633999253488        28.64998441270998        49.14282428695360    
    322.5000000000000        4.035278496114548        18.67756993518716        349.9850326031810        6579.558596266299        28.18434613229547        50.06040294984253    
    323.5000000000000        4.228109047231287        18.89894638722894        358.3578074362544        6817.838763553766        27.69401016496420        50.97463387855828    
    324.5000000000000        4.433461177917627        19.12693856685269        367.0841868766333        7069.178242648471        27.17734092771844        51.88526961143214    
    325.5000000000000        4.652184193256089        19.36167105504175        376.1781332214418        7334.318791824457        26.63256104915776        52.79203970821860    
    326.5000000000000        4.885170815172785        19.60326949982038        385.6541491824768        7614.045606741679        26.05773745997241        53.69464814032934    
    327.5000000000000        5.133376368679399        19.85185948190748        395.5272724509118        7909.189852215627        25.45076609093695        54.59277034438551    
    328.5000000000000        5.397788443997875        20.10756261417841        405.8129115093970        8220.624894088402        24.80935507844976        55.48604989258131    
    329.5000000000000        5.679482712530973        20.37049742160572        416.5268950649381        8549.269819531391        24.13100638979073        56.37409472717471    
    330.5000000000000        5.979599498410610        20.64078119705675        427.6855491505521        8896.093396093287        23.41299580261268        57.25647289970021    
    331.5000000000000        6.299325181984234        20.91853925031468        439.3061458375914        9262.131972980071        22.65235121000562        58.13270774834437    
    332.5000000000000        6.639866121221329        21.20387183115210        451.4054443035378        9648.442947240857        21.84582927953000        59.00227243953426    
    333.5000000000000        7.002563752267331        21.49687637979486        464.0007011879289        10056.14118587659        20.98989057960251        59.86458379252213    
    334.5000000000000        7.388709013227642        21.79768444055188        477.1112006113373        10486.44847734774        20.08067340972972        60.71899529917157    
    335.5000000000000        7.799885557211415        22.10637821874768        490.7547185964138        10940.58300408640        19.11396674566899        61.56478924613987    
    336.5000000000000        8.237423891775661        22.42307312068601        504.9510460510712        11419.87480316621        18.08518295385727        62.40116784452961    
    337.5000000000000        8.702932883474425        22.74782124397313        519.7177984692869        11925.63066243190        16.98933126315016        63.22724327478340    
    338.5000000000000        9.198038459371258        23.08074442860970        535.0762782684822        12459.33136256052        15.82099343290080        64.04202656488643    
    339.5000000000000        9.724425742969933        23.42190329869569        551.0456590605750        13022.43944962867        14.57430365657561        64.84441524171633    
    340.5000000000000        10.28374022544753        23.77135235420647        567.6453207459060        13616.47527444663        13.24293552536360        65.63317973398473    
    341.5000000000000        10.87781098400966        24.12914602623273        584.8952351938101        14243.03730401546        11.82009988344167        66.40694856781538    
    342.5000000000000        11.50826307028722        24.49532619468578        602.8153026437062        14903.77783231004        10.29855866704199        67.16419249192758    
    343.5000000000000        12.17715068302831        24.86992784482743        621.4255479739257        15600.40948622927        8.670661347070109        67.90320781029989    
    344.5000000000000        12.88618011508006        25.25297679871032        640.7462048969103        16334.71923859489        6.928412365857629        68.62209939986460    
    345.5000000000000        13.63694025083051        25.64444741086090        660.7951533634435        17108.45618070743        5.063579879305789        69.31876416416559    
    346.5000000000000        14.43164875068832        26.04439722408565        681.5951779856814        17923.62905803769        3.067857977250071        69.99087603473345    
    347.5000000000000        15.27166924992642        26.45273463563987        703.1613449756943        18781.99096537830       0.9330959724473210        70.63587408819632    
    348.5000000000000        16.15888291622093        26.86954085894058        725.5188337977146        19685.78750317244        358.6515986752920        71.25095589346287    
    349.5000000000000        17.09491323863455        27.29468361173894        748.6810913442091        20636.82785756516        356.2165700403124        71.83307880934753    
    350.5000000000000        18.08119304394989        27.72819615055655        772.6711852845652        21637.39396652411        353.6225573104586        72.37897254816896    
    351.5000000000000        19.11890389242607        28.16995011023160        797.5034724372256        22689.46888053346        350.8660939054801        72.88516677762885    
    352.5000000000000        20.20983451656233        28.61993885191982        823.1991128986314        23795.37755209289        347.9463733341871        73.34803765556553    
    353.5000000000000        21.35453811632793        29.07805728866547        849.7741513161590        24957.30402804373        344.8659752523521        73.76387672050787    
    354.5000000000000        22.55422475964657        29.54422347499633        877.2457527930071        26177.53139740964        341.6315683808125        74.12898421151453    
    355.5000000000000        23.80948135914014        30.01833477435486        905.6299564982243        27458.35657112324        338.2544982579408        74.43978644412555    
    356.5000000000000        25.12059421363692        30.50027578725787        934.9421226991709        28802.11114761918        334.7511481461182        74.69297330991471    
    357.5000000000000        26.48771219306997        30.98991770313740        965.1965377187590        30211.12851268923        331.1429588382465        74.88564764115928    
    358.5000000000000        27.91104370968230        31.48710474508637        996.4056733259961        31687.71409838584        327.4560169731400        75.01547389262541    
    359.5000000000000        29.38953158128328        31.99174174488684        1028.585630700605        33234.40065472628        323.7201756441660        75.08081052419939    
