 # author: MA Kubiak / Space Research Center PAS Warsaw Poland, contact: mkubiak@cbk.waw.pl                          
 # code version Program.keplerV_ellipt_V2      , Dates: calkV:20/04/2026  ; part_pr:20/04/2026                       
 # czas no T v_mas, kier.naplywu(dl, szer) macierz obrotu (ecl to helio), r, theta, phi(ecl,spher), V_detector(ecl,cart), IBEX_energy_channel
 #     2026.131351000000        0.8088930000000000E-03     9480.000000000000        -11.28000000301609         251.5700000000000         11.95000000000000        0.2459841265748581        0.9692738567985851         0.000000000000000       -0.9615244635393438        0.2440174711049008        0.1261989691358298        0.1223213615382913       -0.3104294319752456E-01    0.9920049496797150        0.9786629999999999         148.8261600000000        0.2480900000000000E-01    -15.70400000000000        -25.35000000000000        0.3900000000000000E-01 00
 # routs_end= 150.00;    Maxwellian,    elliptOrb=Off                                                                                        
 # Numerical parameters: GridKl=10  GridKf=09  GridKV=05  epsV= 0.0000100  epssJon=.0010000                                                  
 # Numerical parameters: GridKl=10  GridKf=09  GridKV=05  epsV= 0.0000100  epssJon=.0010000; tessel128                                                                                                                                                                                                                                                                                                                                                                                                                                                                 
# Axis to the Sun: alpha_ecl= 324.8880000000000000 delta_Ecl= 0.0980000000000000 delta_Ax= 90.0000000000000000  repoint= 00160
 #  flag_atom: He                                                   
 #  flag_general:                                                   
 #                                                                  
 #                                                                  
  # Ly_a_Profil: zero                                               
  # flag_Itot: zero                                                 
 #  v_SW_Eqtr: speed3D.hybrid2026c_patched.dat                      
 #  n_SW_Eqtr: density3D.hybrid2026c_patched.dat                    
 #  phot_Eqtr: 0.8500000  phion_Helium_T12F107_2026c.dat            
 #  sigma_SW: p+He->H +He+, He + alpha (2 chnls);src:simuLosses.nb  
 #  flag_el:slow  swEqtrElectrons5.2026c.patched.dat                
 #  SW_lati: interpolation                                          
 #  phot_lati: analit pole-flattened after Pryor & Auchere          
 #
 #
 #
 #Spin  flux speed	speed^2 speed^3    long_ecl lat_ecl
   0.5000000000000000        14.01277545570798        31.92517903603623        1024.233292941996        33019.64839480866        223.7988870656893        89.49048424130599    
    1.500000000000000        14.93831081128426        32.46862867802084        1059.385140303693        34733.21550859487        231.1508442058413        88.49680030090362    
    2.500000000000000        15.92959707477882        33.02053292027703        1095.685442501767        36532.55869849178        232.6445817644906        87.49807865095381    
    3.500000000000000        16.99166748117767        33.58070019962305        1133.148759576816        38420.73832809371        233.2861349102225        86.49862747052286    
    4.500000000000000        18.13019668381639        34.14891870439061        1171.787769923221        40400.77992919414        233.6429909746653        85.49893270528051    
    5.500000000000000        19.35106196119109        34.72492325943625        1211.611073805482        42475.56648545110        233.8703410233022        84.49912715666957    
    6.500000000000000        20.66071089960913        35.30847553516399        1252.628179998148        44648.06888193978        234.0279324510164        83.49926193973114    
    7.500000000000000        22.06598506924390        35.89938670034080        1294.851449943838        46921.46255423337        234.1436606986205        82.49936091670720    
    8.500000000000000        23.57472256853764        36.49733030906160        1338.282817878473        49298.42019456727        234.2322979725838        81.49943672314298    
    9.500000000000000        25.19609275324698        37.10207615375622        1382.930216909653        51781.97741092000        234.3023980830310        80.49949667530997    
    10.50000000000000        26.93892819161092        37.71334237654719        1428.796794289475        54374.93640993675        234.3592568744094        79.49954530273777    
    11.50000000000000        28.81386064876995        38.33089914081727        1475.888601509325        57080.29265884227        234.4063284595213        78.49958555966595    
    12.50000000000000        30.83253450946388        38.95441866600448        1524.202896741126        59900.54258660111        234.4459617957013        77.49961945508552    
    13.50000000000000        33.00758294605740        39.58358681707259        1573.736824113463        62838.18781303568        234.4798099475850        76.49964840279615    
    14.50000000000000        35.35296781654020        40.21810641615878        1624.487289533448        65895.70148043336        234.5090700232720        75.49967342662764    
    15.50000000000000        37.88443912012923        40.85760072809823        1676.443239243646        69075.05496601723        234.5346302430224        74.49969528622745    
    16.50000000000000        40.61962017738031        41.50175371381383        1729.597349250952        72378.44669965550        234.5571635339475        73.49971455711122    
    17.50000000000000        43.57790857411385        42.15021296644307        1783.937655912682        75807.75466700930        234.5771890379980        72.49973168326908    
    18.50000000000000        46.78128995283551        42.80264318931771        1839.452106538895        79364.82056997162        234.5951136730180        71.49974701271150    
    19.50000000000000        50.25380267310864        43.45872469934193        1896.128426361595        83051.43363265156        234.6112609067012        70.49976082207863    
    20.50000000000000        54.02340287660238        44.11804594015177        1953.944251080238        86868.64178957969        234.6258911094496        69.49977333404712    
    21.50000000000000        58.11987718683629        44.78025476707843        2012.880676537866        90817.65606531349        234.6392162277039        68.49978472987969    
    22.50000000000000        62.57775272549205        45.44492468525581        2072.910080201102        94899.00888008592        234.6514105446020        67.49979515862790    
    23.50000000000000        67.43559397529685        46.11168765777020        2134.008279214420        99113.38314700584        234.6626186933781        66.49980474398589    
    24.50000000000000        72.73701981933462        46.78017653921792        2196.149426600010        103461.2627284292        234.6729617083967        65.49981358946508    
    25.50000000000000        78.53129443641829        47.45000419035338        2259.303669213973        107942.7310172975        234.6825416524822        64.49982178235204    
    26.50000000000000        84.87428776903789        48.12078445292517        2323.439143880900        112557.6023831159        234.6914451966048        63.49982939676971    
    27.50000000000000        91.82814464076165        48.79208019468758        2388.516766108657        117305.0194341567        234.6997464185831        62.49983649607100    
    28.50000000000000        99.46380077897192        49.46346849462189        2454.496719062562        122183.9294086152        234.7075090126189        61.49984313472854    
    29.50000000000000        107.8610696408249        50.13453693791594        2521.338144515545        127193.0544775587        234.7147880494620        60.49984935983990    
    30.50000000000000        117.1111036521936        50.80487287011255        2588.998003594550        132330.7908182404        234.7216313903363        59.49985521233700    
    31.50000000000000        127.3171722791302        51.47406261362968        2657.430803018221        137595.1606292588        234.7280808315678        58.49986072796478    
    32.50000000000000        138.5960808591349        52.14162632037387        2726.581801305659        142983.2681499028        234.7341730379151        57.49986593807965    
    33.50000000000000        151.0801086650781        52.80711776488614        2796.397396415827        148492.1024773175        234.7399403087551        56.49987087030460    
    34.50000000000000        164.9189908905715        53.47007884500823        2866.820459472306        154118.1656518949        234.7454112110363        55.49987554907061    
    35.50000000000000        180.2833713882629        54.13002241369004        2937.788368751847        159857.2935065886        234.7506111052698        54.49987999606638    
    36.50000000000000        197.3645598080056        54.78650275750059        3009.240349818026        165705.2163234396        234.7555625850740        53.49988423061439    
    37.50000000000000        216.3813581427355        55.43900052773761        3081.105269011327        171656.5746279770        234.7602858464070        52.49988826998653    
    38.50000000000000        237.5797715257268        56.08703277687501        3153.313455510758        177705.8641901897        234.7647989992742        51.49989212967078    
    39.50000000000000        261.2388057393039        56.73009609279800        3225.790664223668        183846.9418587988        234.7691183321028        50.49989582359726    
    40.50000000000000        287.6723612115302        57.36767761795260        3298.459010923739        190073.0686660030        234.7732585369671        49.49989936433086    
    41.50000000000000        317.2336766132722        57.99925301359863        3371.236796110486        196376.8872237534        234.7772329022681        48.49990276323601    
    42.50000000000000        350.3184508710431        58.62429349393835        3444.039423760674        202750.5011156479        234.7810534782277        47.49990603061827    
    43.50000000000000        387.3714751249046        59.24227397712327        3516.780371878094        209185.5522189028        234.7847312195736        46.49990917584626    
    44.50000000000000        428.8878844561510        59.85264131365312        3589.367394386889        215672.8687074461        234.7882761090039        45.49991220745734    
    45.50000000000000        475.4166152537910        60.45486078937341        3661.708224974037        222202.9809179125        234.7916972643887        44.49991513324922    
    46.50000000000000        527.5661969677867        61.04838367431871        3733.706603215067        228765.7472514608        234.7950030321569        43.49991796035994    
    47.50000000000000        586.0052617538493        61.63267664752624        3805.266113475865        235350.7213261182        234.7982010689075        42.49992069533747    
    48.50000000000000        651.4617045649317        62.20720408208286        3876.288072938745        241946.9563892057        234.8012984129430        41.49992334420108    
    49.50000000000000        724.7266668784263        62.77146033204779        3946.675732740928        248543.4083288237        234.8043015471523        40.49992591249504    
    50.50000000000000        806.6514685757270        63.32495466979787        4016.332655493749        255128.8038014897        234.8072164544437        39.49992840533599    
    51.50000000000000        898.1422844259785        63.86720653512850        4085.162133268026        261691.5810212012        234.8100486667409        38.49993082745493    
    52.50000000000000        1000.154197569370        64.39776613594131        4153.070049021528        268220.1836209490        234.8128033084011        37.49993318323425    
    53.50000000000000        1113.678981145905        64.91620418354492        4219.963851767023        274702.9883656439        234.8154851347873        36.49993547674082    
    54.50000000000000        1239.730967415363        65.42213001599586        4285.755232437039        281128.5964912308        234.8180985666176        35.49993771175526    
    55.50000000000000        1379.331475352956        65.91518085971553        4350.358896706818        287485.7309236024        234.8206477206246        34.49993989179828    
    56.50000000000000        1533.479333449031        66.39503323697997        4413.694358527238        293763.4431818430        234.8231364369862        33.49994202015403    
    57.50000000000000        1703.134378533769        66.86139617644235        4475.685196948264        299951.0569417879        234.8255683039180        32.49994409989119    
    58.50000000000000        1889.163194734125        67.31399372562437        4536.256930239493        306037.9777614410        234.8279466797730        31.49994613388188    
    59.50000000000000        2092.317804240986        67.75258892927113        4595.340527060542        312014.0813810840        234.8302747129391        30.49994812481863    
    60.50000000000000        2313.185406082246        68.17699147488652        4652.873691311952        317869.8735742055        234.8325553597945        29.49995007522975    
    61.50000000000000        2552.138305424142        68.58704108615834        4708.798778661995        323596.3003307254        234.8347914009406        28.49995198749325    
    62.50000000000000        2809.303133899089        68.98261957556734        4763.064659089398        329184.9664288411        234.8369854559100        27.49995386384938    
    63.50000000000000        3084.489528745756        69.36363180137131        4815.624254537027        334627.9032537308        234.8391399965166        26.49995570641207    
    64.50000000000000        3377.146213742064        69.73000335204596        4866.434274115532        339917.5526369018        234.8412573589996        25.49995751717928    
    65.50000000000000        3686.323445020502        70.08168205185231        4915.455608345346        345046.8338135604        234.8433397550914        24.49995929804251    
    66.50000000000000        4010.627605393206        70.41863485203599        4962.652970331542        350009.1198878879        234.8453892821243        23.49996105079541    
    67.50000000000000        4348.192033028807        70.74084864493378        5007.995053729624        354798.2651976919        234.8474079322785        22.49996277714173    
    68.50000000000000        4696.645651001165        71.04832811447078        5051.454380738827        359408.6113061192        234.8493976010627        21.49996447870249    
    69.50000000000000        5053.129328349728        71.34108586307430        5093.005858362517        363834.8349345336        234.8513600951044        20.49996615702275    
    70.50000000000000        5414.273423261483        71.61914715458062        5132.627577920244        368072.0523219753        234.8532971393244        19.49996781357768    
    71.50000000000000        5776.256555690908        71.88254839347516        5170.300541796209        372115.7895544605        234.8552103835561        18.49996944977822    
    72.50000000000000        6134.839951878238        72.13132966228129        5206.007664364342        375961.8880273869        234.8571014086673        17.49997106697633    
    73.50000000000000        6485.438780989189        72.36553996735326        5239.734472248209        379606.5790529081        234.8589717322359        16.49997266646987    
    74.50000000000000        6823.236868181320        72.58523250863581        5271.468438293674        383046.4184457092        234.8608228138226        15.49997424950704    
    75.50000000000000        7143.238798917505        72.79045994866239        5301.198358716021        386278.2301470466        234.8626560598849        14.49997581729066    
    76.50000000000000        7440.466746278916        72.98128328943588        5328.915516625510        389299.2233765438        234.8644728283654        13.49997737098206    
    77.50000000000000        7710.059352868833        73.15775545612101        5354.611352112763        392106.7484930006        234.8662744329908        12.49997891170471    
    78.50000000000000        7947.413047614933        73.31992826279081        5378.278468771008        394698.4098024698        234.8680621473109        11.49998044054777    
    79.50000000000000        8148.366346400007        73.46785522803465        5399.910968174700        397072.0969421180        234.8698372085041        10.49998195856929    
    80.50000000000000        8309.270001992465        73.60157564556960        5419.502148249047        399225.7383373533        234.8716008209770        9.499983466799252    
    81.50000000000000        8427.159112253044        73.72112418661446        5437.045844435864        401157.4440058855        234.8733541597788        8.499984966242573    
    82.50000000000000        8499.850092657374        73.82652831342337        5452.536043988021        402865.4648781709        234.8750983738531        7.499986457881840    
    83.50000000000000        8525.980359542558        73.91779723047358        5465.965275527166        404348.0187871438        234.8768345891471        6.499987942679930    
    84.50000000000000        8505.097867314562        73.99493451611072        5477.326397819308        405603.4819447640        234.8785639115959        5.499989421582653    
    85.50000000000000        8437.653497104871        74.05793522388934        5486.612197825602        406630.3490712186        234.8802874299988        4.499990895521157    
    86.50000000000000        8324.971761820039        74.10677568791223        5493.813875611973        407427.0656568655        234.8820062188059        3.499992365414282    
    87.50000000000000        8169.246299741038        74.14142890916702        5498.923307681118        407992.2789297871        234.8837213408271        2.499993832170948    
    88.50000000000000        7963.006177941659        74.16242536470186        5502.016443307166        408334.1432369512        234.8854338498814        1.499995296692386    
    89.50000000000000        7741.083505880517        74.16801851199956        5502.831914888270        408423.3196335035        234.8871447933982       0.4999967598743261    
    90.50000000000000        7476.366853283509        74.15985298845945        5501.613690637960        408286.9629275849        234.8888552149862      -0.5000017773907351    
    91.50000000000000        7183.816457541143        74.13729854317890        5498.268759644482        407914.7751816746        234.8905661569819       -1.500000314211389    
    92.50000000000000        6868.239666552646        74.10028272854639        5492.788299045294        407305.9867128511        234.8922786629917       -2.499998849695179    
    93.50000000000000        6534.568931706447        74.04873156936081        5485.164490755805        406460.0740838339        234.8939937804405       -3.499997382946348    
    94.50000000000000        6187.717995524856        73.98256575003070        5475.389992102953        405376.7046154133        234.8957125631401       -4.499995913063674    
    95.50000000000000        5832.485277442015        73.90170284837461        5463.458333788856        404055.7871669504        234.8974360738913       -5.499994439138292    
    96.50000000000000        5471.061642126904        73.80570068073416        5449.310997235471        402491.5787658591        234.8991653871322       -6.499992960251346    
    97.50000000000000        5114.786774459043        73.69555656499014        5433.104357199767        400702.3977244214        234.9009015916480       -7.499991475471720    
    98.50000000000000        4760.367570545449        73.57011819309105        5414.677341758470        398671.3813830038        234.9026457933573       -8.499989983853641    
    99.50000000000000        4413.541120944741        73.42966378081626        5394.082423287071        396405.5719236959        234.9043991181878       -9.499988484434260    
    100.5000000000000        4077.197008396226        73.27413037828816        5371.322917374253        393906.6885040905        234.9061627150614       -10.49998697623102    
    101.5000000000000        3753.725045028576        73.10344981568517        5346.402776253190        391176.6613808080        234.9079377590027       -11.49998545823906    
    102.5000000000000        3445.016555742384        72.91756502117681        5319.329007602957        388217.8978291159        234.9097254543906       -12.49998392942843    
    103.5000000000000        3152.494189276635        72.71642619584712        5290.111116536968        385033.2176271317        234.9115270383735       -13.49998238874115    
    104.5000000000000        2877.138115030624        72.49999899553789        5258.762330487515        381625.9867535619        234.9133437844676       -14.49998083508811    
    105.5000000000000        2619.533128642874        72.26827335350769        5225.300865708673        378000.2496662971        234.9151770063631       -15.49997926734591    
    106.5000000000000        2379.900672990078        72.02125560489546        5189.748707863413        374160.5837709451        234.9170280619628       -16.49997768435326    
    107.5000000000000        2158.146421065898        71.75897251701987        5152.132186279852        370112.1560187532        234.9188983576805       -17.49997608490744    
    108.5000000000000        1953.919407793626        71.48146624334663        5112.481140242817        365860.6161202823        234.9207893530300       -18.49997446776033    
    109.5000000000000        1766.658614531044        71.18880671343507        5070.830654208835        361412.2738339952        234.9227025655383       -19.49997283161415    
    110.5000000000000        1595.641686325951        70.88109723879541        5027.221771401571        356774.1607422236        234.9246395760180       -20.49997117511703    
    111.5000000000000        1440.023612565569        70.55845431215840        4981.698446375234        351953.6806790332        234.9266020342431       -21.49996949685815    
    112.5000000000000        1298.870266139277        70.22101631579869        4934.308706596693        346958.7205092987        234.9285916650702       -22.49996779536243    
    113.5000000000000        1171.198383112601        69.86896319906805        4885.107410363071        341797.9358595231        234.9306102750581       -23.49996606908493    
    114.5000000000000        1056.009914068121        69.50250492993065        4834.154369622417        336480.5204068320        234.9326597596408       -24.49996431640478    
    115.5000000000000        952.3068778344112        69.12188572668238        4781.514833318066        331016.2400241134        234.9347421109190       -25.49996253561833    
    116.5000000000000        859.1131412730576        68.72736207024479        4727.256131301575        325415.0462563907        234.9368594261391       -26.49996072493213    
    117.5000000000000        775.4833892441011        68.31919351665444        4671.446203628268        319686.8983082492        234.9390139169409       -27.49995888245479    
    118.5000000000000        700.5203994369433        67.89767956999552        4614.158787390375        313842.3084315773        234.9412079194644       -28.49995700618852    
    119.5000000000000        633.3852422785043        67.46315610583402        4555.472740173487        307892.2494427966        234.9434439054170       -29.49995509401963    
    120.5000000000000        573.2958059502313        67.01597918167737        4495.469533680369        301847.8634009446        234.9457244942161       -30.49995314370797    
    121.5000000000000        519.5284260169943        66.55649947318075        4434.229514613891        295720.0506186800        234.9480524663400       -31.49995115287585    
    122.5000000000000        471.4170758394429        66.08505243308473        4371.830447744260        289519.3070453606        234.9504307780335       -32.49994911899514    
    123.5000000000000        428.3588123345418        65.60200313314553        4308.353748094095        283256.3748313261        234.9528625775417       -33.49994703937353    
    124.5000000000000        389.8097213651192        65.10775056566878        4243.884848938963        276942.2569427659        234.9553512230631       -34.49994491113917    
    125.5000000000000        355.2768149136119        64.60268466687447        4178.507191931792        270587.5865362397        234.9579003026470       -35.49994273122374    
    126.5000000000000        324.3166923842406        64.08716839285198        4112.299676353446        264202.3559415957        234.9605136562916       -36.49994049634330    
    127.5000000000000        296.5326930031007        63.56155102800417        4045.338529623392        257796.1148093776        234.9631954005355       -37.49993820297752    
    128.5000000000000        271.5726948594860        63.02622303763082        3977.704614161548        251378.7041763504        234.9659499558869       -38.49993584734616    
    129.5000000000000        249.1236009975092        62.48158771770157        3909.479324484383        244959.8154645314        234.9687820774816       -39.49993342538271    
    130.5000000000000        228.9073148521279        61.92802821749018        3840.740258383763        238548.5660555394        234.9716968894308       -40.49993093270518    
    131.5000000000000        210.6746985228021        61.36587847094706        3771.557411605432        232153.1279506821        234.9746999233908       -41.49992836458309    
    132.5000000000000        194.2066251432745        60.79551337953109        3702.005005422337        225781.8977815451        234.9777971619796       -42.49992571590023    
    133.5000000000000        179.3098004551371        60.21731368292368        3632.156736679053        219443.0188100464        234.9809950877703       -43.49992298111293    
    134.5000000000000        165.8127854350325        59.63166578522537        3562.085606486733        213144.3546454306        234.9843007387207       -44.49992015420252    
    135.5000000000000        153.5637161995900        59.03893154475784        3491.860033680442        206893.1184351643        234.9877217710539       -45.49991722862159    
    136.5000000000000        142.4272964624825        58.43945912712344        3421.545323319445        200696.0274586384        234.9912665307879       -46.49991419723289    
    137.5000000000000        132.2855389630413        57.83364393759648        3351.211201484512        194560.0092417861        234.9949441353422       -47.49991105223947    
    138.5000000000000        123.0335690457310        57.22186909400943        3280.924301442756        188491.4949210677        234.9987645669206       -48.49990778510479    
    139.5000000000000        114.5786832911151        56.60452502537419        3210.750468071295        182496.6286100501        235.0027387797072       -49.49990438646117    
    140.5000000000000        106.8382628769597        55.98195851060068        3140.748598273567        176580.7150273037        235.0068788233244       -50.49990084600412    
    141.5000000000000        99.73938434116796        55.35453663726519        3070.978362906867        170748.9285046458        235.0111979855112       -51.49989715237029    
    142.5000000000000        93.21789849583966        54.72265523027279        3001.501231476374        165006.4132138303        235.0157109576090       -52.49989329299609    
    143.5000000000000        87.21618342530448        54.08669651293670        2932.375157025471        159357.7927979992        235.0204340272311       -53.49988925395281    
    144.5000000000000        81.68340166009588        53.44706404565756        2863.658774658587        153807.5550115374        235.0253853034767       -54.49988501975398    
    145.5000000000000        76.57425323869981        52.80412426185302        2795.404449491632        148359.4430016193        235.0305849812927       -55.49988057312947    
    146.5000000000000        71.84811988975535        52.15823862814060        2727.662211711029        143016.8209001198        235.0360556531652       -56.49987589475878    
    147.5000000000000        67.46942686955025        51.50980217132252        2660.483931716488        137783.0258288640        235.0418226783335       -57.49987096295535    
    148.5000000000000        63.40641379841066        50.85922594360608        2593.921279575393        132661.1974479929        235.0479146223121       -58.49986575329071    
    149.5000000000000        59.63048433396699        50.20689987217711        2528.021619465596        127653.9462675324        235.0543637828567       -59.49986023814462    
    150.5000000000000        56.11632594812084        49.55325326384636        2462.834294213707        122763.8544510266        235.0612068228844       -60.49985438616387    
    151.5000000000000        52.84093517797805        48.89865693784460        2398.400665367468        117992.7232592508        235.0684855366216       -61.49984816160708    
    152.5000000000000        49.78386097399737        48.24349157991927        2334.760912461032        113342.0904200161        235.0762477828875       -62.49984152354658    
    153.5000000000000        46.92653745794473        47.58812391947087        2271.951931445250        108813.1053844697        235.0845486296655       -63.49983442488946    
    154.5000000000000        44.25272378431519        46.93296001064553        2210.012697556515        104406.9442537156        235.0934517679574       -64.49982681116867    
    155.5000000000000        41.74752750536001        46.27839054606891        2148.978660480231        100124.3868002333        235.1030312718614       -65.49981861903768    
    156.5000000000000        39.39781805264316        45.62483022190371        2088.885431105235        95966.08549306681        235.1133738079956       -66.49980977438106    
    157.5000000000000        37.19165507741506        44.97264493879914        2029.762121093472        91932.11779972776        235.1245814340617       -67.49980018992109    
    158.5000000000000        35.11826571029228        44.32224216727317        1971.639630233221        88022.56596723571        235.1367751783520       -68.49978976215679    
    159.5000000000000        33.16811916399958        43.67399433581959        1914.543669037205        84237.05009397342        235.1500996668489       -69.49977836740656    
    160.5000000000000        31.33197685771975        43.02825615109406        1858.496512951211        80574.86697485355        235.1647291739580       -70.49976585663394    
    161.5000000000000        29.60220472372430        42.38539460764361        1803.519611974885        77035.17160292064        235.1808756355090       -71.49975204859454    
    162.5000000000000        27.97160312135563        41.74574520155609        1749.629914064963        73616.75483246347        235.1987994088813       -72.49973672063417    
    163.5000000000000        26.43299402351661        41.10970648458616        1696.848144563259        70318.59372492855        235.2188239456076       -73.49971959614068    
    164.5000000000000        24.98142376769699        40.47759233619044        1645.186097127088        67139.03990123171        235.2413561432270       -74.49970032713877    
    165.5000000000000        23.61061074621871        39.84975164670950        1594.657047374870        64076.50329801343        235.2669151178230       -75.49967846968305    
    166.5000000000000        22.31605656855804        39.22654602133726        1545.273712412364        61129.32259294339        235.2961737630331       -76.49965344831597    
    167.5000000000000        21.09294494170526        38.60830614781529        1497.044439786343        58295.52159407228        235.3300202550200       -77.49962450346661    
    168.5000000000000        19.93708493830633        37.99536995220561        1449.977024044145        55573.09244912388        235.3696516425860       -78.49959061140818    
    169.5000000000000        18.84468345534151        37.38804894108946        1404.075476288365        52959.77395633913        235.4167209087048       -79.49955035848309    
    170.5000000000000        17.81212804719147        36.78666311538010        1359.343410886388        50453.29545144977        235.4735768950459       -80.49950173590206    
    171.5000000000000        16.83606684891007        36.19151877593811        1315.781937104354        48051.23537363601        235.5436735449961       -81.49944178972130    
    172.5000000000000        15.91332995186201        35.60289501190565        1273.389090669368        45751.02008401240        235.6323064445241       -82.49936599086385    
    173.5000000000000        15.04103787776461        35.02108617400284        1232.162864456955        43550.08949851013        235.7480289888658       -83.49926702378717    
    174.5000000000000        14.21642763322544        34.44637555829603        1192.099440980097        41445.81192619132        235.9056126738987       -84.49913225419968    
    175.5000000000000        13.43687975317436        33.87897496001614        1153.189217709432        39435.29146508739        236.1329516139307       -85.49893782221457    
    176.5000000000000        12.69997722810721        33.31916807680764        1115.426589073804        37515.87162518981        236.4897904111044       -86.49863261779396    
    177.5000000000000        12.00358380559277        32.76714996364947        1078.799273120181        35684.60484422866        237.1313130831067       -87.49808385232164    
    178.5000000000000        11.34537079630190        32.22314258266967        1043.296250674411        33938.66357662775        238.6249827156326       -88.49680562578699    
    179.5000000000000        10.72344608596624        31.68729142192276        1008.900941232868        32275.00245760164        245.9766735230585       -89.49049012015588    
    180.5000000000000        10.13594327357368        31.15978240507087        975.5992662672787        30690.77786707366        43.79955316827202       -89.49048028928136    
    181.5000000000000        9.580904214617807        30.64084760588018        943.3793433686061        29183.28467386766        51.15105220067976       -88.49679562918982    
    182.5000000000000        9.056802754657244        30.13056080825247        912.2192970336058        27749.44261934725        52.64470592632765       -87.49807384210141    
    183.5000000000000        8.561944224226234        29.62905127205537        882.1007539895968        26386.40803043215        53.28622420056734       -86.49862260381079    
    184.5000000000000        8.094753288307471        29.13647697581254        853.0067582494844        25091.46754460371        53.64306118604258       -85.49892780668156    
    185.5000000000000        7.653915998301724        28.65288059840324        824.9138392602865        23861.70820108038        53.87039920857015       -84.49912223788196    
    186.5000000000000        7.237787425417485        28.17835993247448        797.8015622149486        22694.41777291348        54.02798236577430       -83.49925700701795    
    187.5000000000000        6.845523339127841        27.71303638764666        771.6513451858526        21587.05953460791        54.14370457890600       -82.49935597381142    
    188.5000000000000        6.475305342092391        27.25685980255069        746.4347923182033        20536.74417431833        54.23233725706300       -81.49943177247945    
    189.5000000000000        6.126493657136218        26.81001028349723        722.1371031133311        19541.25494580674        54.30243375178525       -80.49949171852751    
    190.5000000000000        5.797400085559240        26.37233194786105        698.7248064625235        18597.65956070667        54.35928962509546       -79.49954034101189    
    191.5000000000000        5.487555388599148        25.94407630912425        676.1877138949156        17704.08992373897        54.40635880636592       -78.49958059386441    
    192.5000000000000        5.195306115371187        25.52497281941040        654.4871788305054        16857.57076070602        54.44599012862115       -77.49961448586697    
    193.5000000000000        4.920251991629726        25.11528578043716        633.6145185438344        16056.44651301224        54.47983656926730       -76.49964343067245    
    194.5000000000000        4.660982033818766        24.71472367911299        613.5313829740531        15297.92473222159        54.50909517338979       -75.49966845200439    
    195.5000000000000        4.416916522244257        24.32347444935539        594.2259662853154        14580.36868512478        54.53465411459324       -74.49969030943151    
    196.5000000000000        4.187070569238414        23.94137186411904        575.6678936068796        13901.45860986969        54.55718628470770       -73.49970957840993    
    197.5000000000000        3.970669363159209        23.56832860031521        557.8324258020333        13259.20038142098        54.57721079851055       -72.49972670288382    
    198.5000000000000        3.766974075507594        23.20441368688756        540.7026628642139        12651.93943183094        54.59513455257790       -71.49974203082768    
    199.5000000000000        3.575159947790980        22.84934832936571        524.2454935354415        12077.49760028905        54.61128099771964       -70.49975583885302    
    200.5000000000000        3.394663012846631        22.50325594669067        508.4483246473669        11534.52200720699        54.62591049076436       -69.49976834961366    
    201.5000000000000        3.224713824812376        22.16584722115359        493.2789380933479        11020.99459632721        54.63923496711612       -68.49977974435348    
    202.5000000000000        3.064773709683364        21.83716782702894        478.7223991781723        10535.59944859699        54.65142870084698       -67.49979017210873    
    203.5000000000000        2.914223660320484        21.51701851988477        464.7524286428416        10076.65695549710        54.66263631767566       -66.49979975656079    
    204.5000000000000        2.772506639920155        21.20529896270330        451.3485116042214        9642.760443763233        54.67297884568303       -65.49980860121047    
    205.5000000000000        2.639102614643615        20.90191895030179        438.4911408347304        9232.584330131085        54.68255834240028       -64.49981679333533    
    206.5000000000000        2.513516862935057        20.60669189435865        426.1571251521968        8844.726773429191        54.69146147430650       -63.49982440705064    
    207.5000000000000        2.395293159319604        20.31955741685973        414.3298343389393        8478.061641054272        54.69976231538545       -62.49983150570290    
    208.5000000000000        2.283962632932193        20.04030191238983        402.9863465242995        8131.291543301546        54.70752455654475       -61.49983814375904    
    209.5000000000000        2.179144801340853        19.76885280759893        392.1107830919775        7803.400314705307        54.71480326568867       -60.49984436831190    
    210.5000000000000        2.080422020772229        19.50502454161489        381.6829052865771        7493.265613687074        54.72164630157048       -59.49985022028911    
    211.5000000000000        1.987449548382362        19.24870385888743        371.6863029601589        7199.929457355363        54.72809545836068       -58.49985573543196    
    212.5000000000000        1.899869651962151        18.99973192680603        362.1032492693728        6922.427134637393        54.73418739892928       -57.49986094509371    
    213.5000000000000        1.817359059435905        18.75796739882743        352.9173640942583        6659.870238525574        54.73995442099134       -56.49986587689448    
    214.5000000000000        1.739616641584008        18.52327110885063        344.1129661310872        6411.424320927413        54.74542509002697       -55.49987055526274    
    215.5000000000000        1.666351191341439        18.29549259166917        335.6744591910395        6176.286555595854        54.75062476524573       -54.49987500188502    
    216.5000000000000        1.597297390748923        18.07449214929431        327.5872617782779        5953.713757404677        54.75557603910773       -53.49987923608182    
    217.5000000000000        1.532194543890699        17.86012551098841        319.8371156353083        5742.997825378367        54.76029910653761       -52.49988327512322    
    218.5000000000000        1.470819569921369        17.65225185565214        312.4104294457174        5543.475578102445        54.76481207661506       -51.49988713449572    
    219.5000000000000        1.412930164184178        17.45073099108284        305.2941133855377        5354.521025136445        54.76913123693642       -50.49989082812795    
    220.5000000000000        1.358338093534791        17.25542263686150        298.4755389471533        5175.542888359077        54.77327127882805       -49.49989436858350    
    221.5000000000000        1.306825395175748        17.06618809332133        291.9426023338243        5005.985272133995        54.77724549001561       -48.49989776722577    
    222.5000000000000        1.258226586090905        16.88289230778767        285.6837399153096        4845.325591112151        54.78106592011002       -47.49990103435918    
    223.5000000000000        1.212358240362865        16.70540414993966        279.6879700287292        4693.075609533305        54.78474352328503       -46.49990417935140    
    224.5000000000000        1.169064649617569        16.53359516014940        273.9447652473973        4548.774991779338        54.78828828173522       -45.49990721073902    
    225.5000000000000        1.128194394277918        16.36733439183393        268.4438949318643        4411.987032386689        54.79170931287192       -44.49991013631892    
    226.5000000000000        1.089602174393739        16.20649871242471        263.1757584916575        4282.306011635995        54.79501496270592       -43.49991296322837    
    227.5000000000000        1.053159434626066        16.05096540967124        258.1310910073408        4159.347911717500        54.79821288745362       -42.49991569801477    
    228.5000000000000        1.018740835633480        15.90061621723974        253.3011214941430        4042.754425421403        54.80131012506712       -41.49991834669681    
    229.5000000000000       0.9862297842798121        15.75533633804684        248.6774797345180        3932.188480606695        54.80431315811417       -40.49992091481813    
    230.5000000000000       0.9555176493061595        15.61501135067408        244.2521009378503        3827.331594568729        54.80722796920798       -39.49992340749490    
    231.5000000000000       0.9265031517882484        15.47953236962265        240.0173795752710        3727.886800765499        54.81006009000065       -38.49992582945767    
    232.5000000000000       0.8990906515092382        15.34879183627329        235.9660067469463        3633.573605387878        54.81281464459941       -37.49992818508843    
    233.5000000000000       0.8731920563237672        15.22268729608127        232.0910893375030        3544.130446322553        54.81549638813659       -36.49993047845356    
    234.5000000000000       0.8487244768646610        15.10111822537587        228.3860264457952        3459.310814141734        54.81810974111706       -35.49993271333342    
    235.5000000000000       0.8256100123592544        14.98398827831122        224.8445687724617        3378.884061738197        54.82065882007678       -34.49993489324838    
    236.5000000000000       0.8037748967568110        14.87120345433476        221.4607472858831        3302.633091512198        54.82314746501109       -33.49993702148219    
    237.5000000000000       0.7831520742932636        14.76267298574415        218.2288923088292        3230.354326352974        54.82557926396704       -32.49993910110332    
    238.5000000000000       0.7636786695582767        14.65830913893521        215.1436137339219        3161.856684370824        54.82795757514087       -31.49994113498363    
    239.5000000000000       0.7452954348414085        14.55802780840762        212.1998097732414        3096.961331994277        54.83028554677549       -30.49994312581532    
    240.5000000000000       0.7279471702099589        14.46174865732414        209.3926587049778        3035.500995530336        54.83256613511416       -29.49994507612654    
    241.5000000000000       0.7115825371663945        14.36939461380247        206.7175945312591        2977.319011366981        54.83480212063328       -28.49994698829511    
    242.5000000000000       0.6961528662912143        14.28089120595395        204.1702780613776        2922.268295548944        54.83699612274887       -27.49994886456101    
    243.5000000000000       0.6816128454303868        14.19616684053258        201.7465962439036        2870.210964718020        54.83915061316677       -26.49995070703800    
    244.5000000000000       0.6679206458658962        14.11515269887904        199.4426516837523        2821.017794567958        54.84126792802567       -25.49995251772394    
    245.5000000000000       0.6550374671200188        14.03778332949393        197.2547728909251        2774.568154753742        54.84335027896433       -24.49995429851008    
    246.5000000000000       0.6429267773043069        13.96399619945300        195.1794923674319        2730.749211865100        54.84539976322795       -23.49995605118994    
    247.5000000000000       0.6315547284051020        13.89373254868279        193.2135655641698        2689.456105671873        54.84741837291611       -22.49995777746720    
    248.5000000000000       0.6208895922198547        13.82693526632585        191.3539018214083        2650.590180560619        54.84940800346212       -21.49995947896267    
    249.5000000000000       0.6109020056758927        13.76354989767264        189.5975882128810        2614.059298898303        54.85137046142380       -20.49996115722132    
    250.5000000000000       0.6015644392513867        13.70352496293604        187.9418922608466        2579.777679350748        54.85330747165700       -19.49996281371825    
    251.5000000000000       0.5928516515664507        13.64681199303632        186.3842598846082        2547.665713466829        54.85522068393485       -18.49996444986422    
    252.5000000000000       0.5847405213577380        13.59336558044394        184.9223105278165        2517.649657540340        54.85711167906958       -17.49996606701114    
    253.5000000000000       0.5772094820945609        13.54314357382265        183.5538384932450        2489.661511506024        54.85898197458727       -16.49996766645681    
    254.5000000000000       0.5702385414675875        13.49610510551470        182.2767515572152        2463.637539271556        54.86083303000132       -15.49996924944928    
    255.5000000000000       0.5638095558471539        13.45221190140979        181.0891048115709        2439.518871445290        54.86266625172506       -14.49997081719133    
    256.5000000000000       0.5579055369481578        13.41142838541341        179.9891009437091        2417.251411698181        54.86448299766075       -13.49997237084426    
    257.5000000000000       0.5525114491772315        13.37372259321747        178.9751122407640        2396.786184176921        54.86628458149818       -12.49997391153141    
    258.5000000000000       0.5476134886953944        13.33906472559042        178.0456364329239        2378.078291824879        54.86807227675322       -11.49997544034190    
    259.5000000000000       0.5431991290408337        13.30742670061657        177.1992811861989        2361.086495781532        54.86984732057380       -10.49997695833379    
    260.5000000000000       0.5392571776096339        13.27878260950735        176.4347743324595        2345.773350102170        54.87161091733868       -9.499978466536918    
    261.5000000000000       0.5357770981542461        13.25310922519374        175.7509759280379        2332.105385714972        54.87336424207209       -8.499979965956209    
    262.5000000000000       0.5327503083456897        13.23038697336506        175.1469043003216        2320.053613561297        54.87510844369562       -7.499981457574239    
    263.5000000000000       0.5301695456608896        13.21059759075170        174.6216677366947        2309.592010685183        54.87684464813699       -6.499982942353787    
    264.5000000000000       0.5280280208182861        13.19372518024096        174.1744923799398        2300.698056796515        54.87857396131427       -5.499984421240667    
    265.5000000000000       0.5263199249883579        13.17975639915159        173.8047263087660        2293.352781993043        54.88029747201274       -4.499985895166041    
    266.5000000000000       0.5250410957066427        13.16867965605342        173.5118159013694        2287.540234392668        54.88201625467034       -3.499987365048654    
    267.5000000000000       0.5241884805298098        13.16048627310086        173.2953376883608        2283.248126560236        54.88373137208768       -2.499988831797445    
    268.5000000000000       0.5237598441011472        13.15517026057664        173.1549908264825        2280.467644995200        54.88544387807656       -1.499990296313675    
    269.5000000000000       0.5237540122937846        13.15272752362436        173.0905744704476        2279.192959946127        54.88715482006186      -0.4999917594929879    
    270.5000000000000       0.5241710370949897        13.15315552012761        173.1019778610113        2279.421006450404        54.88886524164988       0.5000067777720862    
    271.5000000000000       0.5250118581614938        13.15645458832843        173.1892175110172        2281.152265611955        54.89057618517712        1.500005314590099    
    272.5000000000000       0.5262786520053480        13.16262806286310        173.3524403776512        2284.390830288986        54.89228869425229        2.500003850068668    
    273.5000000000000       0.5279748726650718        13.17168068342171        173.5918794537937        2289.143475513675        54.89400381630495        3.500002383311988    
    274.5000000000000       0.5301051224929955        13.18361986919614        173.9078901416503        2295.420442403772        54.89572260515408        4.500000913418789    
    275.5000000000000       0.5326747513276757        13.19845524070828        174.3009367993366        2303.235159330939        54.89744612360979        5.499999439480266    
    276.5000000000000       0.5356906993722159        13.21619872646686        174.7715973321986        2312.604379858174        54.89917544612207        6.499997960577501    
    277.5000000000000       0.5391607100989134        13.23686500142435        175.3205764023332        2323.548489946006        54.90091166149067        7.499996475779307    
    278.5000000000000       0.5430931010473983        13.26047019104945        175.9486695090587        2336.090771159633        54.90265587565071        8.499994984139995    
    279.5000000000000       0.5474983327276634        13.28703366423254        176.6568163766097        2350.258605882379        54.90440921454962        9.499993484696605    
    280.5000000000000       0.5523874925433546        13.31657690226556        177.4460691689732        2366.082821998953        54.90617282713133        10.49999197646651    
    281.5000000000000       0.5577732985632636        13.34912411963422        178.3176130363077        2383.598211579921        54.90794788844525        11.49999045844491    
    282.5000000000000       0.5636703800574550        13.38470165431323        179.2727503410951        2402.843247550634        54.90973560289817        12.49998892960175    
    283.5000000000000       0.5700945812235599        13.42333856022688        180.3129202274262        2423.860584084568        54.91153720766907        13.49998738887893    
    284.5000000000000       0.5770631782243097        13.46506570120145        181.4396753741168        2446.696640322752        54.91335397630796        14.49998583518742    
    285.5000000000000       0.5845953327207108        13.50991678249047        182.6547141224704        2471.402377497458        54.91518722254206        15.49998426740367    
    286.5000000000000       0.5927108422712132        13.55792912269446        183.9599059285519        2498.033953110868        54.91703830431447        16.49998268436631    
    287.5000000000000       0.6014324683391905        13.60914122345582        185.3572254374917        2526.651419203899        54.91890862808295        17.49998108487262    
    288.5000000000000       0.6107841777022019        13.66359475937256        186.8488129484294        2557.320141460424        54.92079965340905        18.49997946767434    
    289.5000000000000       0.6207923748321856        13.72133372321554        188.4369537577341        2590.110485744802        54.92271289787111        19.49997783147357    
    290.5000000000000       0.6314857201420288        13.78240509402383        190.1241024403664        2625.098506594233        54.92464994233774        20.49997617491844    
    291.5000000000000       0.6428944641008982        13.84685769847822        191.9128536885466        2662.365455218287        54.92661243664296        21.49997449659797    
    292.5000000000000       0.6550512376314681        13.91474387104809        193.8059958520766        2701.999129869678        54.92860210570824        22.49997279503694    
    293.5000000000000       0.6679906607356844        13.98611923578797        195.8065097629230        2744.094036244998        54.93062075616216        23.49997106869039    
    294.5000000000000       0.6817498216501667        14.06104081782965        197.9175188362670        2788.750488119482        54.93267028351408        24.49996931593723    
    295.5000000000000       0.6963694085527569        14.13957066669117        200.1424025340390        2836.077357693471        54.93475267994552        25.49996753507368    
    296.5000000000000       0.7118938777042355        14.22177331149284        202.4847274710042        2886.190783749232        54.93687004278975        26.49996572430617    
    297.5000000000000       0.7283699975809322        14.30771495825368        204.9482314460875        2939.214097678531        54.93902458378025        27.49996388174318    
    298.5000000000000       0.7458487560382116        14.39746559771258        207.5368914913725        2995.279584205893        54.94121863915763        28.49996200538665    
    299.5000000000000       0.7643842198263498        14.49109847693980        210.2549184397641        3054.528729433400        54.94345468073727        29.49996009312280    
    300.5000000000000       0.7840346785528141        14.58869112424390        213.1067964680961        3117.113456657692        54.94573532805310        30.49995814271130    
    301.5000000000000       0.8048623940674625        14.69032113005558        216.0971598022115        3183.193576127357        54.94806336170843        31.49995615177410    
    302.5000000000000       0.8269345761148845        14.79607129050488        219.2309659567082        3252.941311259580        54.95044173808314        32.49995411778299    
    303.5000000000000       0.8503241374851518        14.90602679195235        222.5134152258988        3326.539777751201        54.95287360556733        33.49995203804536    
    304.5000000000000       0.8751081037971399        15.02027441572280        225.9499325315253        3404.182907558752        54.95536232251597        34.49994990968908    
    305.5000000000000       0.9013703195096680        15.13890973106859        229.5464161946360        3486.082104947539        54.95791147714733        35.49994772964556    
    306.5000000000000       0.9291967629056938        15.26202076373427        233.3087152635271        3572.453908900319        54.96052490964162        36.49994549463055    
    307.5000000000000       0.9586845079209862        15.38971047973526        237.2433728526889        3663.538727137365        54.96320673673466        37.49994320112335    
    308.5000000000000       0.9899331210236937        15.52207605078253        241.3569631871947        3759.585188340721        54.96596137914754        38.49994084534340    
    309.5000000000000        1.023051814129315        15.65922261189939        245.6565550509485        3860.862197632726        54.96879359224680        39.49993842322380    
    310.5000000000000        1.058157687445343        15.80125960407929        250.1496077008335        3967.657100969269        54.97170850039366        40.49993593038207    
    311.5000000000000        1.095373668573440        15.94829340651764        254.8437391826327        4080.270628591097        54.97471163551597        41.49993336208735    
    312.5000000000000        1.134836085479352        16.10044467260618        259.7473236995393        4199.032759100064        54.97780898052682        42.49993071322293    
    313.5000000000000        1.176686066681827        16.25782674720828        264.8687810140323        4324.285612047136        54.98100701832050        43.49992797824446    
    314.5000000000000        1.221081163633321        16.42056310435416        270.2171851744510        4456.399903837711        54.98431278720525        44.49992515113282    
    315.5000000000000        1.268185692437894        16.58877706975300        275.8019323382489        4595.767463504739        54.98773394378647        45.49992222533993    
    316.5000000000000        1.318177399423371        16.76259026190901        281.6327013270461        4742.801181455614        54.99127883450068        46.49991919372771    
    317.5000000000000        1.371250878144949        16.94213297015445        287.7198350598435        4897.946180289532        54.99495657722595        47.49991604849856    
    318.5000000000000        1.427610875839933        17.12753767304184        294.0741317449853        5061.675499843150        54.99877715466956        48.49991278111506    
    319.5000000000000        1.487478465317213        17.31893587667674        300.7067581115637        5234.489250833249        55.00275152156965        49.49990938220849    
    320.5000000000000        1.551093045049745        17.51646626656963        307.6295533736891        5416.923960045860        55.00689172815972        50.49990584147343    
    321.5000000000000        1.618703612025601        17.72026685769062        314.8547708762345        5609.547139228680        55.01121106285385        51.49990214754538    
    322.5000000000000        1.690596871082860        17.93047950529751        322.3952716270272        5812.964393398735        55.01572421774145        52.49989828785937    
    323.5000000000000        1.767048938724014        18.14724331169749        330.2642881307265        6027.814149074828        55.02044748126686        53.49989424848536    
    324.5000000000000        1.848394625979452        18.37070778798423        338.4759370966473        6254.783741284800        55.02539896345473        54.49989001393534    
    325.5000000000000        1.934950605193856        18.60101666957953        347.0446663602640        6494.596664525884        55.03059886028574        55.49988556693731    
    326.5000000000000        2.027099639536957        18.83831205951804        355.9853717058685        6748.016058887955        55.03606976540391        56.49988088816890    
    327.5000000000000        2.125210842261014        19.08275086092037        365.3141083126996        7015.868989717691        55.04183703935030        57.49987595594131    
    328.5000000000000        2.229711392851599        19.33447080262139        375.0467820567818        7299.010159839655        55.04792924910777        58.49987074582349    
    329.5000000000000        2.341044381338842        19.59362420364886        385.2004402179412        7598.360581111703        55.05437869409374        59.49986523019251    
    330.5000000000000        2.459687296224605        19.86035605966470        395.7925284459754        7914.890955621869        55.06122203911423        60.49985937769190    
    331.5000000000000        2.586141936992481        20.13480611668390        406.8408832841317        8249.620671789173        55.06850108055087        61.49985315257654    
    332.5000000000000        2.720998295636460        20.41712653472247        418.3645438759199        8603.647421165280        55.07626367969363        62.49984651391466    
    333.5000000000000        2.864776065001108        20.70745558363706        430.3826641791615        8978.115597731146        55.08456490737112        63.49983941460850    
    334.5000000000000        3.018187342295203        21.00593791881123        442.9153803610624        9374.246442400954        55.09346845787976        64.49983180018536    
    335.5000000000000        3.181863618026386        21.31270694145546        455.9830932404225        9793.318659603925        55.10304840915241        65.49982360729227    
    336.5000000000000        3.356540965472657        21.62791099129016        469.6075327996273        10236.70317716051        55.11339143229819        66.49981476180612    
    337.5000000000000        3.543002541394213        21.95167876016876        483.8104312219284        10705.82834153080        55.12459959031233        67.49980517644025    
    338.5000000000000        3.742125112821641        22.28411344083890        498.6130159455762        11202.15758460165        55.13679391777026        68.49979474768298    
    339.5000000000000        3.954691659809674        22.62535949965772        514.0391768474708        11727.30470106457        55.15011904817042        69.49978335184005    
    340.5000000000000        4.181802640157620        22.97550660075079        530.1111484371334        12282.89145842882        55.16474926498389        70.49977083985948    
    341.5000000000000        4.424361408360238        23.33466054532249        546.8524302310822        12870.63897740156        55.18089651507715        71.49975703047835    
    342.5000000000000        4.683547967808161        23.70291926084390        564.2872546459758        13492.37386342984        55.19882116940320        72.49974170101943    
    343.5000000000000        4.960427382448968        24.08035491480548        582.4390097408225        14149.94883540482        55.21884669637837        73.49972457484195    
    344.5000000000000        5.256373339941595        24.46705252649853        601.3326600483601        14845.35380475835        55.24138001480974        74.49970530393466    
    345.5000000000000        5.572707377060008        24.86307184236421        620.9925884144775        15580.62962104278        55.26694026795449        75.49968344430631    
    346.5000000000000        5.910732723235363        25.26843988482633        641.4421785982568        16357.85368001054        55.29620038473126        76.49965842043966    
    347.5000000000000        6.272043708333790        25.68321127408655        662.7069284065443        17179.26473232631        55.33004858795839        77.49962947268510    
    348.5000000000000        6.658330505795431        26.10740576134373        684.8110141849463        18047.12425607925        55.36968198945256        78.49959557720970    
    349.5000000000000        7.071223366162039        26.54102449750825        707.7783271230397        18963.76758443773        55.41675365941727        79.49955532020893    
    350.5000000000000        7.512588206477746        26.98407382573208        731.6336126406889        19931.64923710289        55.47361256383251        80.49950669268446    
    351.5000000000000        7.984403186089405        27.43655074621452        756.4015188883931        20953.29970462666        55.54371282951575        81.49944674038473    
    352.5000000000000        8.488871381188888        27.89842615741413        782.1057944337434        22031.30112577007        55.63235032486183        82.49937093375958    
    353.5000000000000        9.028125677480055        28.36965964738467        808.7699279167355        23168.30908387331        55.74807890369359        83.49927195650022    
    354.5000000000000        9.604786529775149        28.85022639223569        836.4187125179441        24367.12442048683        55.90567085926489        84.49913717298718    
    355.5000000000000        10.22136478419047        29.34002836583603        865.0729415480935        25630.45813611734        56.13302182545569        85.49894272081320    
    356.5000000000000        10.88068053481920        29.83902247134616        894.7570033440616        26961.27319743409        56.48987970169635        86.49863748450565    
    357.5000000000000        11.58607079797438        30.34713701710246        925.4938897077089        28362.56364519614        57.13143724543747        87.49808866117316    
    358.5000000000000        12.34060053350771        30.86428235138342        957.3054756726316        29837.35154778858        58.62519071189805        88.49681029749887    
    359.5000000000000        13.14826607341799        31.39032287828876        990.2108925114311        31388.61683086411        65.97733964007712        89.49049407215804    
