 # author: MA Kubiak / Space Research Center PAS Warsaw Poland, contact: mkubiak@cbk.waw.pl                          
 # code version Program.keplerV_ellipt_V2      , Dates: calkV:20/04/2026  ; part_pr:20/04/2026                       
 # czas no T v_mas, kier.naplywu(dl, szer) macierz obrotu (ecl to helio), r, theta, phi(ecl,spher), V_detector(ecl,cart), IBEX_energy_channel
 #     2026.158747000000        0.8088930000000000E-03     9480.000000000000        -11.28000000301609         251.5700000000000         11.95000000000000        0.2459841265748581        0.9692738567985851         0.000000000000000       -0.9615244635393438        0.2440174711049008        0.1261989691358298        0.1223213615382913       -0.3104294319752456E-01    0.9920049496797150        0.9806410000000000         158.8926260000000        0.3615900000000000E-01    -11.07000000000000        -27.65200000000000        0.2800000000000000E-01 00
 # routs_end= 150.00;    Maxwellian,    elliptOrb=Off                                                                                        
 # Numerical parameters: GridKl=10  GridKf=09  GridKV=05  epsV= 0.0000100  epssJon=.0010000                                                  
 # Numerical parameters: GridKl=10  GridKf=09  GridKV=05  epsV= 0.0000100  epssJon=.0010000; tessel128                                                                                                                                                                                                                                                                                                                                                                                                                                                                 
# Axis to the Sun: alpha_ecl= 334.9350000000000000 delta_Ecl= 0.0910000000000000 delta_Ax= 90.0000000000000000  repoint= 00170
 #  flag_atom: He                                                   
 #  flag_general:                                                   
 #                                                                  
 #                                                                  
  # Ly_a_Profil: zero                                               
  # flag_Itot: zero                                                 
 #  v_SW_Eqtr: speed3D.hybrid2026c_patched.dat                      
 #  n_SW_Eqtr: density3D.hybrid2026c_patched.dat                    
 #  phot_Eqtr: 0.8500000  phion_Helium_T12F107_2026c.dat            
 #  sigma_SW: p+He->H +He+, He + alpha (2 chnls);src:simuLosses.nb  
 #  flag_el:slow  swEqtrElectrons5.2026c.patched.dat                
 #  SW_lati: interpolation                                          
 #  phot_lati: analit pole-flattened after Pryor & Auchere          
 #
 #
 #
 #Spin  flux speed	speed^2 speed^3    long_ecl lat_ecl
   0.5000000000000000        7.699507995731996        31.77574624650665        1014.607856015259        32552.41700293705        234.6203330439120        89.49178416452342    
    1.500000000000000        8.196405106334396        32.31664368014508        1049.429985458651        34241.82323911365        241.4641062640343        88.49724032679272    
    2.500000000000000        8.727492419512986        32.86591696292469        1085.386764538608        36015.62392013701        242.8516793334993        87.49834289416698    
    3.500000000000000        9.295385733838259        33.42331732560198        1122.488488263942        37876.61324934303        243.4475005365614        86.49881616660932    
    4.500000000000000        9.902498046844810        33.98863425313800        1160.747696203902        39827.76955154770        243.7788952208673        85.49907937059756    
    5.500000000000000        10.55185820913338        34.56164836979861        1200.175584978384        41872.05224423490        243.9900173687192        84.49924704209494    
    6.500000000000000        11.24665287890666        35.14209645227223        1240.779794293860        44012.29686564155        244.1363576993042        83.49936326133503    
    7.500000000000000        11.99027203684212        35.72978058842884        1282.571846807102        46251.59487181703        244.2438225560201        82.49944860545945    
    8.500000000000000        12.78669587423948        36.32448258001379        1325.561435561354        48593.00772625318        244.3261302947606        81.49951397018101    
    9.500000000000000        13.63998160443892        36.92594610802510        1369.754358873885        51039.40865202877        244.3912243105512        80.49956566425773    
    10.50000000000000        14.55475361329006        37.53395064780686        1415.158068728771        53593.79310388523        244.4440224500395        79.49960759341816    
    11.50000000000000        15.53627511898953        38.14817228834996        1461.771062560352        56258.66606942767        244.4877322489081        78.49964230502678    
    12.50000000000000        16.58981267701089        38.76830019485067        1509.591513169344        59036.51811014747        244.5245349630181        77.49967153137418    
    13.50000000000000        17.72182595123551        39.39404086670753        1558.617721780158        61929.85662445401        244.5559656287776        76.49969649153033    
    14.50000000000000        18.93887204404659        40.02501007279517        1608.839466815128        64940.67837921600        244.5831358759741        75.49971806830479    
    15.50000000000000        20.24869740571479        40.66091846842998        1660.252743666048        68071.34738835572        244.6068704993275        74.49973691671087    
    16.50000000000000        21.65968160562721        41.30140313645840        1712.846304392715        71323.77996259098        244.6277943720816        73.49975353299135    
    17.50000000000000        23.18121080535417        41.94616360167553        1766.612410726311        74700.07648370956        244.6463895629799        72.49976829997939    
    18.50000000000000        24.82375347218907        42.59484156265463        1821.536892199744        78201.89439605485        244.6630339301006        71.49978151774872    
    19.50000000000000        26.59867029988674        43.24704384112532        1877.600770799386        81830.52608615483        244.6780278404039        70.49979342483331    
    20.50000000000000        28.51910932745102        43.90243118600723        1934.787705638131        85587.35685968415        244.6916130693648        69.49980421323680    
    21.50000000000000        30.59943549574921        44.56061955343404        1993.075797914417        89473.34978987940        244.7039864265629        68.49981403925322    
    22.50000000000000        32.85622965173417        45.22126082223829        2052.444688129222        93489.50828087553        244.7153097479572        67.49982303140258    
    23.50000000000000        35.30782038218313        45.88400452689719        2112.871927608147        97636.60697893487        244.7257173370576        66.49983129634015    
    24.50000000000000        37.97524466971651        46.54847096517256        2174.330404081029        101914.9975471178        244.7353215838498        65.49983892331876    
    25.50000000000000        40.88139533304481        47.21426689405358        2236.789583141269        106324.6696447288        244.7442172616786        64.49984598760122    
    26.50000000000000        44.05293017236836        47.88098629803898        2300.215834034565        110865.2846526789        244.7524848512946        63.49985255309996    
    27.50000000000000        47.51932719712343        48.54824713921813        2364.575927964841        115536.4181787839        244.7601931396888        62.49985867444098    
    28.50000000000000        51.31452693752815        49.21568190775309        2429.836050758606        120337.4710753892        244.7674012718317        61.49986439859325    
    29.50000000000000        55.47683552558736        49.88287401455523        2495.955369898792        125267.1690882282        244.7741603851326        60.49986976616661    
    30.50000000000000        60.04928228478646        50.54941449355601        2562.891433264411        130323.9385201116        244.7805149223866        59.49987481245446    
    31.50000000000000        65.08138001010377        51.21488517231642        2630.598957771515        135505.8421455802        244.7865036946552        58.49987956827785    
    32.50000000000000        70.62876737405374        51.87889259957481        2699.033096522235        140810.8072477097        244.7921607479394        57.49988406067375    
    33.50000000000000        76.75520135936353        52.54103038690413        2768.145600559966        146236.3154016361        244.7975160746448        56.49988831346005    
    34.50000000000000        83.53235089785552        53.20083831970803        2837.879875182954        151778.9535273752        244.8025962013284        55.49989234770226    
    35.50000000000000        91.04229420313033        53.85787862600310        2908.179688488578        157435.1433683767        244.8074246771245        54.49989618210146    
    36.50000000000000        99.37857950703660        54.51174203155369        2978.989813490564        163201.1890743101        244.8120224818949        53.49989983331833    
    37.50000000000000        108.6473550290261        55.16196368130791        3050.246823906651        169072.5043591206        244.8164083690916        52.49990331624557    
    38.50000000000000        118.9683765847814        55.80808235084397        3121.884999965913        175044.0389477437        244.8205991552005        51.49990664423762    
    39.50000000000000        130.4785906959384        56.44958832635749        3193.830886860284        181109.8429290062        244.8246099652341        50.49990982930567    
    40.50000000000000        143.3324720250178        57.08601917732016        3266.014229697911        187263.9975411674        244.8284544418715        49.49991288228375    
    41.50000000000000        157.7062150019211        57.71690507783909        3338.361753998481        193500.0717031895        244.8321449243743        48.49991581297083    
    42.50000000000000        173.7982471002332        58.34173640112368        3410.793046940133        199810.7198827305        244.8356926022625        47.49991863025281    
    43.50000000000000        191.8309028545285        58.95996122376494        3483.220246192181        206187.6426710770        244.8391076478073        46.49992134220776    
    44.50000000000000        212.0553472772063        59.57105224096350        3555.556134755166        212622.3138301992        244.8423993306781        45.49992395619700    
    45.50000000000000        234.7537014587753        60.17451087578032        3627.715006105086        219106.0848596158        244.8455761174862        44.49992647894408    
    46.50000000000000        260.2407478665003        60.76980930943414        3699.605280339450        225629.4680041384        244.8486457585032        43.49992891660369    
    47.50000000000000        288.8656281420231        61.35639040004907        3771.129483613754        232182.1247641084        244.8516153634417        42.49993127482187    
    48.50000000000000        321.0130733043778        61.93369133273720        3842.187241080989        238753.1426669334        244.8544914678801        41.49993355878868    
    49.50000000000000        357.1068072037327        62.50116437500303        3912.678192797147        245331.3338394141        244.8572800916546        40.49993577328462    
    50.50000000000000        397.6083526913794        63.05829745461833        3982.504785614268        251905.5115618564        244.8599867903318        39.49993792272153    
    51.50000000000000        443.0171437514875        63.60457870908714        4051.567666879549        258464.0344839875        244.8626167007063        38.49994001117867    
    52.50000000000000        493.8654826841405        64.13949410238855        4119.765590868973        264994.8126457102        244.8651745811167        37.49994204243475    
    53.50000000000000        550.7179771387677        64.66255842893170        4186.999581187528        271485.7231061875        244.8676648472635        36.49994401999638    
    54.50000000000000        614.1630694251630        65.17330941631408        4253.172545631025        277924.6081264591        244.8700916041045        35.49994594712343    
    55.50000000000000        684.8059114318708        65.67133229200400        4318.192778409197        284299.6468825489        244.8724586743252        34.49994782685159    
    56.50000000000000        763.2543906534597        66.15624597705423        4381.972395335782        290599.2251647190        244.8747696238090        33.49994966201261    
    57.50000000000000        850.1103168880776        66.62771259207348        4444.428753254443        296812.0932892564        244.8770277844742        32.49995145525245    
    58.50000000000000        945.9432698762845        67.08541975842991        4505.482394177929        302927.1916476400        244.8792362747947        31.49995320904758    
    59.50000000000000        1051.278437043978        67.52908207636497        4565.057334094089        308933.6924230477        244.8813980182765        30.49995492571959    
    60.50000000000000        1166.561519086801        67.95844950075602        4623.082632188173        314821.2062500420        244.8835157601304        29.49995660744855    
    61.50000000000000        1292.138229132616        68.37331232634689        4679.493154840779        320579.8738934117        244.8855920823457        28.49995825628487    
    62.50000000000000        1428.221937847927        68.77350553041971        4734.230597059049        326200.5198571205        244.8876294173472        27.49995987416020    
    63.50000000000000        1574.866964027032        69.15891116828260        4787.243927853109        331674.7163731992        244.8896300603926        26.49996146289723    
    64.50000000000000        1731.936153834249        69.52944210580043        4838.487342735956        336994.5974550937        244.8915961808482        25.49996302421875    
    65.50000000000000        1899.066569376366        69.88503273698711        4887.919008126582        342152.7374199783        244.8935298324667        24.49996455975564    
    66.50000000000000        2075.640039849407        70.22564238728388        4935.501775472476        347142.2572572032        244.8954329627718        23.49996607105451    
    67.50000000000000        2260.764491314098        70.55125340751616        4981.202887203751        351956.7969519056        244.8973074216463        22.49996755958437    
    68.50000000000000        2453.243085420424        70.86186336731417        5024.993086217758        356590.4498505426        244.8991549692059        21.49996902674297    
    69.50000000000000        2651.580061878930        71.15749477695176        5066.847907864028        361037.8970886428        244.9009772830340        20.49997047386252    
    70.50000000000000        2853.966606154982        71.43817116806922        5106.744479544644        365294.0936133343        244.9027759648429        19.49997190221497    
    71.50000000000000        3058.306374275627        71.70394263053963        5144.665095321648        369354.6495293241        244.9045525466211        18.49997331301689    
    72.50000000000000        3262.220638426390        71.95486056370459        5180.593707182388        373215.4701118590        244.9063084963176        17.49997470743402    
    73.50000000000000        3463.090256252270        72.19098323977444        5214.516641484471        376872.8291600567        244.9080452231116        16.49997608658541    
    74.50000000000000        3658.109540219250        72.41236550713921        5246.421083536750        380323.2065858442        244.9097640823098        15.49997745154732    
    75.50000000000000        3844.336802037774        72.61906655989344        5276.296294444193        383563.4355678105        244.9114663799081        14.49997880335688    
    76.50000000000000        4018.792592153682        72.81115539028609        5304.134289105800        386590.7682105384        244.9131533768530        13.49998014301544    
    77.50000000000000        4178.523195750759        72.98869004911968        5329.926917667305        389402.5718966033        244.9148262930331        12.49998147149170    
    78.50000000000000        4320.711232840697        73.15173747008623        5353.668649989170        391996.6259343139        244.9164863110301        11.49998278972479    
    79.50000000000000        4442.748906496464        73.30035918045481        5375.354499571566        394370.8986444231        244.9181345796519        10.49998409862699    
    80.50000000000000        4542.319411465368        73.43460326560081        5394.978829796130        396523.4175161363        244.9197722172755        9.499985399086416    
    81.50000000000000        4617.497546520121        73.55452161641594        5412.537824894285        398452.5372891767        244.9214003150174        8.499986691969536    
    82.50000000000000        4666.800569581835        73.66014497598890        5428.025827227913        400156.5390318061        244.9230199397530        7.499987978123578    
    83.50000000000000        4689.261021054691        73.75149462404551        5441.437015257628        401633.8130452643        244.9246321370038        6.499989258378786    
    84.50000000000000        4684.450736419556        73.82858932127786        5452.766413022098        402882.9707713492        244.9262379337086        5.499990533550671    
    85.50000000000000        4652.491220158922        73.89141929984302        5462.006055501744        403902.4223692985        244.9278383408947        4.499991804442112    
    86.50000000000000        4594.061123141149        73.93997411271923        5469.149057095638        404690.8238160172        244.9294343562644        3.499993071845367    
    87.50000000000000        4510.358822781795        73.97422939326891        5474.187656282666        405246.8614114225        244.9310269667115        2.499994336544150    
    88.50000000000000        4394.297727046516        73.99351916750823        5477.020358717245        405558.9467359834        244.9326171507811        1.499995599315540    
    89.50000000000000        4274.233897153344        73.99966609801609        5477.915183500380        405656.6513489105        244.9342058810848       0.4999968609318712    
    90.50000000000000        4126.356871527502        73.99076294503257        5476.589406196673        405508.5345064926        244.9357941266866      -0.5000018778373079    
    91.50000000000000        3962.112274683246        73.96736609821836        5473.126135929835        405123.9095524978        244.9373828554689       -1.500000616223385    
    92.50000000000000        3784.374010800583        73.92941513146698        5467.518421723838        404502.2240847457        244.9389730364933       -2.499999353456851    
    93.50000000000000        3596.086825417341        73.87683292325679        5459.758100575336        403642.9283386203        244.9405656423668       -3.499998088765344    
    94.50000000000000        3400.190124222278        73.80952984961931        5449.836465821709        402545.5539957787        244.9421616516275       -4.499996821371794    
    95.50000000000000        3199.542038239110        73.72742417596764        5437.747275251501        401210.0460866308        244.9437620511599       -5.499995550492541    
    96.50000000000000        2996.849949179031        73.63042342006038        5423.484051666220        399636.4685387650        244.9453678386546       -6.499994275335307    
    97.50000000000000        2794.615923015273        73.51843704811274        5407.042001565360        397825.2200232111        244.9469800251246       -7.499992995097248    
    98.50000000000000        2595.095302029407        73.39138834521097        5388.419791883246        395777.2316044950        244.9485996374921       -8.499991708962881    
    99.50000000000000        2400.260730219562        73.24920140792636        5367.617668173662        393493.7602853943        244.9502277212592       -9.499990416101994    
    100.5000000000000        2211.785674637121        73.09181292245526        5344.639159926714        390976.5713584403        244.9518653432796       -10.49998911566739    
    101.5000000000000        2031.031845302674        72.91916303439817        5319.489729638159        388227.7853958634        244.9535135946451       -11.49998780679264    
    102.5000000000000        1859.062951985929        72.73119164395213        5292.176224965407        385249.8142355692        244.9551735937052       -12.49998648858967    
    103.5000000000000        1696.657338221039        72.52786291163848        5262.710554842017        382045.7713530140        244.9568464892375       -13.49998516014626    
    104.5000000000000        1544.323743190480        72.30915613859690        5231.108289092075        378619.3066906433        244.9585334637903       -14.49998382052332    
    105.5000000000000        1402.341320783984        72.07507836816369        5197.390495091127        374974.8033518179        244.9602357372156       -15.49998246875221    
    106.5000000000000        1270.773737431066        71.82565342265983        5161.582025017268        371117.1729966350        244.9619545704201       -16.49998110383165    
    107.5000000000000        1149.501418720937        71.56091598531343        5123.710606281645        367051.7466951072        244.9636912693562       -17.49997972472458    
    108.5000000000000        1038.260544004984        71.28092736614336        5083.809097411706        362784.5124264013        244.9654471892833       -18.49997833035481    
    109.5000000000000        936.6714276558969        70.98578698764850        5041.917067867033        358322.2726733244        244.9672237393298       -19.49997691960338    
    110.5000000000000        844.2651688608440        70.67561486719275        4998.078077645669        353672.3237533433        244.9690223873896       -20.49997549130461    
    111.5000000000000        760.5102709705394        70.35056386044141        4952.341384036858        348842.6299715922        244.9708446653916       -21.49997404424207    
    112.5000000000000        684.8328629691982        70.01081258006128        4904.760814835404        343841.6854168604        244.9726921749840       -22.49997257714388    
    113.5000000000000        616.6397215828723        69.65657050809014        4855.395325077120        338678.5499611112        244.9745665936813       -23.49997108867792    
    114.5000000000000        555.3361170302614        69.28807504446262        4804.308406876914        333362.7640116296        244.9764696815249       -24.49996957744662    
    115.5000000000000        500.3352913565172        68.90560404000769        4751.569700200149        327904.4978110359        244.9784032883177       -25.49996804198103    
    116.5000000000000        451.0662839361237        68.50943565188820        4697.249087376691        322313.8966465070        244.9803693614973       -26.49996648073475    
    117.5000000000000        406.9856078894331        68.09987334454429        4641.420178817174        316601.4430470936        244.9823699547241       -27.49996489207697    
    118.5000000000000        367.5829292965386        67.67724643456879        4584.160290084319        310777.9410133010        244.9844072372652       -28.49996327428510    
    119.5000000000000        332.3830839621359        67.24190164802738        4525.549009201566        304854.3361650825        244.9864835042714       -29.49996162553665    
    120.5000000000000        300.9472862677197        66.79419362160802        4465.666728327690        298841.5455361883        244.9886011880525       -30.49995994390007    
    121.5000000000000        272.8734960766256        66.33446996932770        4404.592420717296        292750.2090991123        244.9907628704744       -31.49995822732521    
    122.5000000000000        247.7957475871163        65.86309459971608        4342.406943489323        286591.0404141428        244.9929712966149       -32.49995647363223    
    123.5000000000000        225.3843915673815        65.38044715501309        4279.192748156864        280374.7740610927        244.9952293898367       -33.49995468049971    
    124.5000000000000        205.3426240022054        64.88689770413677        4215.030290648523        274111.7834609739        244.9975402684592       -34.49995284545142    
    125.5000000000000        187.4037064557438        64.38279576232539        4149.996484561817        267811.9181842918        244.9999072642343       -35.49995096584176    
    126.5000000000000        171.3305179833912        63.86850681234741        4084.169551564892        261484.9893323035        245.0023339428658       -36.49994903883915    
    127.5000000000000        156.9120734183378        63.34440973517815        4017.628706084079        255140.7418771552        245.0048241268449       -37.49994706140826    
    128.5000000000000        143.9612430094955        62.81087677143901        3950.451304494940        248788.5526298265        245.0073819209194       -38.49994503028960    
    129.5000000000000        132.3116570088334        62.26825134660657        3882.709902867815        242437.1395101505        245.0100117405626       -39.49994294197686    
    130.5000000000000        121.8158794705939        61.71687345915215        3814.475621652631        236094.8986463646        245.0127183438669       -40.49994079269173    
    131.5000000000000        112.3446298834814        61.15709901165464        3745.820612731818        229770.1446115202        245.0155068673593       -41.49993857835540    
    132.5000000000000        103.7833270438302        60.58929844925271        3676.817638741331        223471.0487433973        245.0183828663161       -42.49993629455648    
    133.5000000000000        96.03089972082476        60.01381233037248        3607.534471543130        217205.1120175800        245.0213523602571       -43.49993393651496    
    134.5000000000000        88.99830350845450        59.43098009795687        3538.037511948139        210979.5119908008        245.0244218844161       -44.49993149904137    
    135.5000000000000        82.60709341719196        58.84114959827374        3468.393022386719        204801.2268790714        245.0275985481297       -45.49992897649022    
    136.5000000000000        76.78800659815737        58.24468092388852        3398.667340915484        198677.0354510614        245.0308901012579       -46.49992636270752    
    137.5000000000000        71.48020635338165        57.64192873642043        3328.924656349157        192613.3125232232        245.0343050099616       -47.49992365097041    
    138.5000000000000        66.62973118354395        57.03323982496754        3259.226793510572        186616.0221471578        245.0378525434153       -48.49992083391837    
    139.5000000000000        62.18891509271337        56.41897783331650        3189.636135876350        180690.9842720774        245.0415428733461       -49.49991790347420    
    140.5000000000000        58.11568505650273        55.79951129375539        3120.214040629814        174843.7242978228        245.0453871886743       -50.49991485075296    
    141.5000000000000        54.37263678684938        55.17519622798869        3051.018747672904        169079.2904148267        245.0493978279992       -51.49991166595670    
    142.5000000000000        50.92657999041373        54.54640381607106        2982.108360860430        163402.5026594449        245.0535884332659       -52.49990833825262    
    143.5000000000000        47.74854682961367        53.91348164576506        2913.536881499604        157817.6581139287        245.0579741286727       -53.49990485563082    
    144.5000000000000        44.81243517790899        53.27685131378119        2845.364619163296        152329.3727806676        245.0625717297987       -54.49990120473824    
    145.5000000000000        42.09542598897780        52.63688742979325        2777.645120318604        146941.5258811202        245.0673999890838       -55.49989737068387    
    146.5000000000000        39.57671255291633        51.99399091290509        2710.432597344336        141657.8324648436        245.0724798852567       -56.49989333680881    
    147.5000000000000        37.23786913155980        51.34852031045553        2643.774884039728        136481.3097440428        245.0778349661782       -57.49988908441400    
    148.5000000000000        35.06265552300933        50.70085077777301        2577.719643665978        131414.7775793750        245.0834917569710       -58.49988459243626    
    149.5000000000000        33.03631423805353        50.05137939271365        2512.315104638983        126460.9417856321        245.0894802484174       -59.49987983706026    
    150.5000000000000        31.14599822391623        49.40049968025291        2447.607154070612        121622.1536336894        245.0958344846752       -60.49987479125198    
    151.5000000000000        29.37991080320462        48.74859751364956        2383.638869236906        116900.3786336545        245.1025932747045       -61.49986942419376    
    152.5000000000000        27.72778367493167        48.09606965648102        2320.452310652676        112297.3371889022        245.1098010588934       -62.49986370059602    
    153.5000000000000        26.18017375984088        47.44330190676466        2258.086517044987        107814.3768110220        245.1175089718816       -63.49985757985330    
    154.5000000000000        24.72882224025917        46.79068169461497        2196.578316055977        103452.5095226871        245.1257761554365       -64.49985101500185    
    155.5000000000000        23.36593000816212        46.13854100554060        2135.957415352266        99212.11033442397        245.1346713928241       -65.49984395142160    
    156.5000000000000        22.08485019713989        45.48731646816533        2076.261765880374        95094.03785233446        245.1442751604382       -66.49983632520701    
    157.5000000000000        20.87941549328101        44.83740727473396        2017.523707710890        91098.62538986829        245.1546822264946       -67.49982806110356    
    158.5000000000000        19.74412405367503        44.18920648322267        1959.773113732920        87225.92651366368        245.1660049748991       -68.49981906986817    
    159.5000000000000        18.67394366738153        43.54311678174070        1903.038624642109        83475.79415799394        245.1783777019003       -69.49980924485710    
    160.5000000000000        17.66434102760819        42.89951925217858        1847.345055370264        79847.73018977932        245.1919622347124       -70.49979845756449    
    161.5000000000000        16.71121931459069        42.25878000071633        1792.713988182757        76340.93399552039        245.2069553722887       -71.49978655171323    
    162.5000000000000        15.81085647617225        41.62128706096300        1739.167113367429        72954.53657880904        245.2235988770615       -72.49977333532065    
    163.5000000000000        14.95989027187345        40.98738396835156        1686.720441721226        69687.23210387967        245.2421930998032       -73.49975856987876    
    164.5000000000000        14.15514247275192        40.35742916325476        1635.389457075353        66537.61961078960        245.2631158782520       -74.49974195534651    
    165.5000000000000        13.39378799469019        39.73173096498372        1585.183920798067        63503.90003178102        245.2868492552358       -75.49972310893236    
    166.5000000000000        12.67332800901667        39.11059192075874        1536.111666147644        60584.12693886887        245.3140180704585       -76.49970153444744    
    167.5000000000000        11.99124892108620        38.49435673885493        1488.182457526548        57776.44724563533        245.3454470744478       -77.49967657694964    
    168.5000000000000        11.34534872963100        37.88333804245067        1441.402216361935        55078.76797012600        245.3822478375566       -78.49964735372521    
    169.5000000000000        10.73370110448800        37.27786268254539        1395.776497900894        52488.95887282114        245.4259553143241       -79.49961264583622    
    170.5000000000000        10.15447945153889        36.67822142954362        1351.306862211442        50004.65972288579        245.4787506446246       -80.49957072117962    
    171.5000000000000        9.606080363378961        36.08472698451998        1307.995321740089        47623.54355170612        245.5438411942011       -81.49951903266607    
    172.5000000000000        9.086744812155219        35.49767534460981        1265.841312819992        45343.14054949755        245.6261445503225       -82.49945367498805    
    173.5000000000000        8.595074546541062        34.91736524286095        1224.843530703723        43160.96817183307        245.7336036914725       -83.49936834006560    
    174.5000000000000        8.129502291899607        34.34405444069375        1184.996646517686        41074.34719765760        245.8799362596439       -84.49925213335291    
    175.5000000000000        7.688857198271505        33.77801088149511        1146.295054942599        39080.61261477097        246.0910472642853       -85.49908447990086    
    176.5000000000000        7.271787299340137        33.21948980390911        1108.731659968397        37177.07119134425        246.4224246120811       -86.49882130413776    
    177.5000000000000        6.877060573404614        32.66871273646657        1072.296050860762        35360.89036372313        247.0182151696065       -87.49834808206465    
    178.5000000000000        6.503626747047602        32.12589486262238        1036.977053073594        33629.26438595075        248.4057196633232       -88.49724562990120    
    179.5000000000000        6.150364089564105        31.59122913237701        1002.761308065668        31979.32639940187        255.2492174899849       -89.49178998941731    
    180.5000000000000        5.816249899297197        31.06486703904758        969.6326443209268        30408.15047341798        54.62099475438364       -89.49178013339686    
    181.5000000000000        5.500351351114978        30.54703324657420        937.5789923388938        28913.05156245452        61.46431348798045       -88.49723563037556    
    182.5000000000000        5.201743091949327        30.03783660876842        906.5807499709713        27491.07103795636        62.85180319930670       -87.49833807078575    
    183.5000000000000        4.919531308935920        29.53741457313945        876.6200142653807        26139.39841125277        63.44758967190766       -86.49881128961351    
    184.5000000000000        4.652918613549770        29.04585866913202        847.6762047780528        24855.18420795651        63.77896533712731       -85.49907446404023    
    185.5000000000000        4.401088133864480        28.56328012974904        819.7296764675701        23635.68758184682        63.99007548971096       -84.49924211681552    
    186.5000000000000        4.163299818527431        28.08976379256785        792.7596175537927        22478.20708140008        64.13640756772074       -83.49935832313898    
    187.5000000000000        3.938831488584699        27.62539132060081        766.7450391769194        21380.10719164988        64.24386640130298       -82.49944365781712    
    188.5000000000000        3.727005455229424        27.17020845688226        741.6632042865141        20338.76034964723        64.32616955185782       -81.49950901533190    
    189.5000000000000        3.527145714765844        26.72427059057336        717.4922975119518        19351.66250435756        64.39125995728996       -80.49956070373096    
    190.5000000000000        3.338697779203582        26.28757637011392        694.2076855546877        18416.27110592993        64.44405518263079       -79.49960262830425    
    191.5000000000000        3.160917075694908        25.86020029668219        671.7892748161537        17530.31001664373        64.48776258060917       -78.49963733613065    
    192.5000000000000        2.993344074797804        25.44207977058906        650.2101490752990        16691.30999314905        64.52456328307136       -77.49966655930692    
    193.5000000000000        2.835393951102761        25.03323509916249        629.4482628724469        15897.07324799231        64.55599223938657       -76.49969151676686    
    194.5000000000000        2.686566549442578        24.63361908012616        609.4786359492807        15145.36535977089        64.58316101645603       -75.49971309122145    
    195.5000000000000        2.546309894940697        24.24320928470411        590.2782176217157        14434.10501534793        64.60689436243229       -74.49973193761102    
    196.5000000000000        2.414253750262584        23.86194252113051        571.8224155830470        13761.22240954656        64.62781711534062       -73.49974855212297    
    197.5000000000000        2.289757889229036        23.48975466367926        554.0874452122446        13124.75782729385        64.64641131679623       -72.49976331754796    
    198.5000000000000        2.172642189847696        23.12661006832107        537.0513529845064        12522.88063133649        64.66305480364281       -71.49977653392632    
    199.5000000000000        2.062258411618165        22.77235393897860        520.6874468199704        11953.66778785292        64.67804792598193       -70.49978843976548    
    200.5000000000000        1.958392111013446        22.42700802202532        504.9778448889434        11415.56648475714        64.69163244573424       -69.49979922704772    
    201.5000000000000        1.860554226985222        22.09037098038508        489.8951097685839        10906.75724572813        64.70400516145773       -68.49980905204980    
    202.5000000000000        1.768464563667913        21.76241930152263        475.4206997421323        10425.78883527488        64.71532790005712       -67.49981804327744    
    203.5000000000000        1.681751076397143        21.44299332194415        461.5305669537504        9971.078935785361        64.72573495753578       -66.49982630737408    
    204.5000000000000        1.600107779910760        21.13199894286969        448.2044034150089        9541.229721907985        64.73533871760361       -65.49983393358265    
    205.5000000000000        1.523236412279982        20.82929947957162        435.4206864249612        9134.854700548793        64.74423394831786       -64.49984099715761    
    206.5000000000000        1.450856387721800        20.53477485142625        423.1593765777100        8750.668338851870        64.75250112594307       -63.49984756200437    
    207.5000000000000        1.382692842436743        20.24828675146086        411.4003522708165        8387.430667772454        64.76020903363943       -62.49985368274287    
    208.5000000000000        1.318500372507264        19.96969940869898        400.1242791075708        8043.972336292009        64.76741681308638       -61.49985940633685    
    209.5000000000000        1.258041622213953        19.69887551627153        389.3124599713375        7719.188251931485        64.77417559885048       -60.49986477339170    
    210.5000000000000        1.201091059191520        19.43567513459874        378.9467538383561        7412.031652508922        64.78052983125860       -59.49986981919692    
    211.5000000000000        1.147438799091262        19.17995093516313        369.0093528308239        7121.504508180478        64.78651831921879       -58.49987457457013    
    212.5000000000000        1.096893154676449        18.93156630939225        359.4835426346185        6846.679467472166        64.79217510684505       -57.49987906654536    
    213.5000000000000        1.049258292769879        18.69037096624407        350.3526480702607        6586.663915077109        64.79753018488239       -56.49988331893788    
    214.5000000000000        1.004369911263834        18.45622675001677        341.6010665866245        6340.629593653023        64.80261007842103       -55.49988735281085    
    215.5000000000000       0.9620570929414558        18.22898342770101        333.2133201183004        6107.782840465835        64.80743833529431       -54.49989118686330    
    216.5000000000000       0.9221674423193154        18.00849917612060        325.1747779494000        5887.382287987211        64.81203593420700       -53.49989483775412    
    217.5000000000000       0.8845558336828709        17.79463166109834        317.4713450254412        5678.729281081194        64.81642162757815       -52.49989832037432    
    218.5000000000000       0.8490869206537457        17.58723553154277        310.0893062394079        5481.160457113260        64.82061223096885       -51.49990164807691    
    219.5000000000000       0.8156312525585363        17.38617343496487        303.0157388253490        5294.058144763863        64.82462286856153       -50.49990483287178    
    220.5000000000000       0.7840740885690240        17.19130485475250        296.2380706594274        5116.836198451995        64.82846718228733       -49.49990788559175    
    221.5000000000000       0.7542944627142275        17.00249539212536        289.7443998648577        4948.947163318359        64.83215751073345       -48.49991081603474    
    222.5000000000000       0.7261979004869421        16.81961106030365        283.5232577240235        4789.874103621605        64.83570504280911       -47.49991363308570    
    223.5000000000000       0.6996732027902453        16.64251549853880        277.5635197116184        4639.127551299481        64.83911995023205       -46.49991634482177    
    224.5000000000000       0.6746394661114179        16.47108519752828        271.8548710010485        4496.255186620053        64.84241150216815       -45.49991895860354    
    225.5000000000000       0.6510007607883137        16.30518731634461        266.3870761648590        4360.823044401336        64.84558816477076       -44.49992148115380    
    226.5000000000000       0.6286795151426245        16.14470240374095        261.1506859539539        4232.431150736100        64.84865768789311       -43.49992391862659    
    227.5000000000000       0.6075999354277193        15.98950695486226        256.1364638441037        4110.698745145762        64.85162718086563       -42.49992627666732    
    228.5000000000000       0.5876876608528042        15.83948173153353        251.3356331005126        3995.269077063477        64.85450317891674       -41.49992856046553    
    229.5000000000000       0.5688782269167353        15.69451152653288        246.7398473902826        3885.807597175603        64.85729170156134       -40.49993077480120    
    230.5000000000000       0.5511078263637065        15.55448386139327        242.3411487097728        3782.000437982072        64.85999830407140       -39.49993292408568    
    231.5000000000000       0.5343178961061828        15.41928871006140        238.1319197191931        3683.551807648260        64.86262812296980       -38.49993501239780    
    232.5000000000000       0.5184539543771458        15.28882065988097        234.1049581187066        3590.185519883569        64.86518591634547       -37.49993704351596    
    233.5000000000000       0.5034646947898933        15.16297531834099        230.2533352571904        3501.640527867366        64.86767609966832       -36.49993902094630    
    234.5000000000000       0.4893024751609517        15.04165312172325        226.5705095141702        3417.673116811261        64.87010277768320       -35.49994094794838    
    235.5000000000000       0.4759219640805153        14.92475788455792        223.0502640790522        3338.054703923900        64.87246977287872       -34.49994282755765    
    236.5000000000000       0.4632814226987386        14.81219578061611        219.6866613375246        3262.570142017801        64.87478065095608       -33.49994466260547    
    237.5000000000000       0.4513423974845604        14.70387738522396        216.4740985710408        3191.018571388061        64.87703874366507       -32.49994645573757    
    238.5000000000000       0.4400675598086735        14.59971597084816        213.4072398005970        3123.211223144217        64.87924716932289       -31.49994820943021    
    239.5000000000000       0.4294230347460360        14.49962787546058        210.4810169814053        3058.970991839511        64.88140885129060       -30.49994992600469    
    240.5000000000000       0.4193767228259602        14.40353196900467        207.6906046598153        2998.131440323828        64.88352653464413       -29.49995160764090    
    241.5000000000000       0.4098987805175307        14.31135091681200        205.0314480943450        2940.537019644366        64.88560280124777       -28.49995325638909    
    242.5000000000000       0.4009611115007829        14.22301090366349        202.4992462900304        2886.042317884054        64.88764008341006       -27.49995487418062    
    243.5000000000000       0.3925379745932652        14.13843992606536        200.0898927690193        2834.510389949466        64.88964067628038       -26.49995646283810    
    244.5000000000000       0.3846050397881623        14.05756973039136        197.7995233512481        2785.813462784727        64.89160674912468       -25.49995802408416    
    245.5000000000000       0.3771388899087690        13.98033447024273        195.6244703120480        2739.831650866910        64.89354035560206       -24.49995955954947    
    246.5000000000000       0.3701189431719012        13.90667204857989        193.5612931835681        2696.453327937411        64.89544344314938       -23.49996107078053    
    247.5000000000000       0.3635253989783305        13.83652270421605        191.6067317732248        2655.573864584378        64.89731786156847       -22.49996255924628    
    248.5000000000000       0.3573398680800058        13.76982922439128        189.7577060933576        2617.095392350421        64.89916537089988       -21.49996402634426    
    249.5000000000000       0.3515455525763531        13.70653812572969        188.0113432843251        2580.927143478095        64.90098764865721       -20.49996547340660    
    250.5000000000000       0.3461265820820880        13.64659883089161        186.3649489499856        2546.984643936865        64.90278629648806       -19.49996690170520    
    251.5000000000000       0.3410682357939724        13.58996264195667        184.8159731656304        2515.188810483815        64.90456284632067       -18.49996831245646    
    252.5000000000000       0.3363569603912613        13.53658371176415        183.3620322955877        2485.466226711715        64.90631876604827       -17.49996970682605    
    253.5000000000000       0.3319802853699907        13.48641903618612        182.0009051323542        2457.748923087020        64.90805546479864       -16.49997108593301    
    254.5000000000000       0.3279266855490564        13.43942788841269        180.7305126266417        2431.973801877295        64.90977429783077       -15.49997245085341    
    255.5000000000000       0.3241856789802346        13.39557314506043        179.5489515684911        2408.083223668077        64.91147657109659       -14.49997380262438    
    256.5000000000000       0.3207475300727300        13.35482039462852        178.4544639706247        2386.024199747800        64.91316354550224       -13.49997514224723    
    257.5000000000000       0.3176031501589077        13.31713686451643        177.4454054180348        2365.747653737025        64.91483644089961       -12.49997647069052    
    258.5000000000000       0.3147443052948728        13.28249202060458        176.5202585685624        2347.208601986823        64.91649643983624       -11.49997778889338    
    259.5000000000000       0.3121638424505997        13.25085784670164        175.6776383727935        2330.366177316921        64.91814469108971       -10.49997909776807    
    260.5000000000000       0.3098551304405296        13.22220875244041        174.9162863358334        2315.183415544435        64.91978231300915       -9.499980398202579    
    261.5000000000000       0.3078124738289398        13.19652139837098        174.2350641721273        2301.627067233294        64.92141039668607       -8.499981691063383    
    262.5000000000000       0.3060305734448847        13.17377520895164        173.6329651375106        2289.667752214048        64.92303000897391       -7.499982977197715    
    263.5000000000000       0.3045050165045132        13.15395211438868        173.1091058977361        2279.279751273307        64.92464219537476       -6.499984257435705    
    264.5000000000000       0.3032319136566702        13.13703684683015        172.6627328281122        2270.441081047823        64.92624798281045       -5.499985532592878    
    265.5000000000000       0.3022080864072361        13.12301583960791        172.2931894068207        2263.132758932277        64.92784838229389       -4.499986803472130    
    266.5000000000000       0.3014309621485329        13.11187746125351        171.9999222763862        2257.338908620731        64.92944439151556       -3.499988070865624    
    267.5000000000000       0.3008987643093726        13.10361237762486        171.7824904815594        2253.046926311596        64.93103699735993       -2.499989335557094    
    268.5000000000000       0.3006102964762492        13.09821425789311        171.6405836188256        2250.247822175248        64.93262717836484       -1.499990598323652    
    269.5000000000000       0.3005646544231157        13.09567896069495        171.5739992656091        2248.935744682549        64.93421590713746      -0.4999918599375418    
    270.5000000000000       0.3007613022973766        13.09600407322027        171.5826296158706        2249.107687072471        64.93580415273928       0.5000068788316501    
    271.5000000000000       0.3012004930107449        13.09918949206465        171.6664771019957        2250.763801223422        64.93739288305275        1.500005617215273    
    272.5000000000000       0.3018834579132019        13.10523789944142        171.8256680270819        2253.907690073489        64.93898306714169        2.500004354443892    
    273.5000000000000       0.3028119441583304        13.11415433424252        172.0604407330962        2258.546164818579        64.94057567761803        3.500003089745099    
    274.5000000000000       0.3039882803310408        13.12594577850352        172.3711343430965        2264.689018941111        64.94217169302672        4.500001822341774    
    275.5000000000000       0.3054153952861588        13.14062142040224        172.7581971443255        2272.349230626513        64.94377210026175        5.500000551450322    
    276.5000000000000       0.3070970477479928        13.15819338786249        173.2222071832336        2281.543404894187        64.94537789702566        6.499999276278402    
    277.5000000000000       0.3090375773080398        13.17867565742732        173.7638433741543        2292.291209982922        64.94699009434575        7.499997996023101    
    278.5000000000000       0.3112417376825290        13.20208495997406        174.3839115830532        2304.615952420253        64.94860971916093        8.499996709869020    
    279.5000000000000       0.3137151634030235        13.22844018681876        175.0833300296340        2318.544325941391        64.95023781699295        9.499995416985843    
    280.5000000000000       0.3164645217468940        13.25776198018933        175.8631194063076        2334.106253315650        64.95187545471759        10.49999411652630    
    281.5000000000000       0.3194969753382948        13.29007428470077        176.7244476036992        2351.335872182081        64.95352372345150        11.49999280762403    
    282.5000000000000       0.3228204237069243        13.32540283162941        177.6685902779226        2370.270790202791        64.95518374157180        12.49999148939086    
    283.5000000000000       0.3264439826956452        13.36377567753810        178.6969477786863        2390.952504734677        64.95685665788706        13.49999016091445    
    284.5000000000000       0.3303771140088928        13.40522389667533        179.8110666180152        2413.426925991345        64.95854365497898        14.49998882125580    
    285.5000000000000       0.3346299774820995        13.44978096615590        181.0126257355249        2437.744192667189        64.96024595273677        15.49998746944613    
    286.5000000000000       0.3392141955172260        13.49748268735089        182.3034373922057        2463.958791750222        64.96196481210738        16.49998610448404    
    287.5000000000000       0.3441422281375477        13.54836744030650        183.6854576317584        2492.129888867620        64.96370153908715        17.49998472533253    
    288.5000000000000       0.3494271870253413        13.60247633070156        185.1607938764366        2522.321606804806        64.96545748898315        18.49998333091526    
    289.5000000000000       0.3550835449089964        13.65985297891216        186.7317031182843        2554.603124589702        64.96723407097531        19.49998192011313    
    290.5000000000000       0.3611270800557088        13.72054377692197        188.4006033419465        2589.049063493676        64.96903275301321        20.49998049176052    
    291.5000000000000       0.3675746835774723        13.78459789834108        190.1700786216217        2625.739759565050        64.97085506708589        21.49997904464080    
    292.5000000000000       0.3744444721422560        13.85206751280789        192.0428899344914        2664.761663666565        64.97270261490651        22.49997757748195    
    293.5000000000000       0.3817563578722480        13.92300725210136        194.0219654369505        2706.207326646141        64.97457707405930        23.49997608895189    
    294.5000000000000       0.3895311528141201        13.99747474261755        196.1104217303198        2750.176069065749        64.97648020466077        24.49997457765280    
    295.5000000000000       0.3977916913595231        14.07553032298809        198.3115613610735        2796.774141604095        64.97841385659460        25.49997304211561    
    296.5000000000000       0.4065624952416568        14.15723780023842        200.6289012054160        2846.115584029852        64.98037997738561        26.49997148079386    
    297.5000000000000       0.4158698230378186        14.24266392193349        203.0661647334192        2898.322333740183        64.98238062078745        27.49996989205655    
    298.5000000000000       0.4257419613674671        14.33187780129884        205.6272719864056        2953.524278423972        64.98441795616787        28.49996827418089    
    299.5000000000000       0.4362092802337329        14.42495169258750        208.3163706635039        3011.860259835425        64.98649427878568        29.49996662534427    
    300.5000000000000       0.4473040880760398        14.52196103236699        211.1378449663637        3073.478587464323        64.98861202106713        30.49996494361498    
    301.5000000000000       0.4590613861386094        14.62298404698840        214.0963129928068        3138.537347037168        64.99077376500321        31.49996322694257    
    302.5000000000000       0.4715184320173603        14.72810245564363        217.1966571944844        3207.205473826710        64.99298225580633        32.49996147314708    
    303.5000000000000       0.4847150549681673        14.83740036942136        220.4440004263818        3279.662616841402        64.99524041698447        33.49995967990686    
    304.5000000000000       0.4986938923930694        14.95096492537822        223.8437364562263        3356.100305694433        64.99755136701339        34.49995784474537    
    305.5000000000000       0.5135002869395650        15.06888780955597        227.4015856788466        3436.723673037659        64.99991843781376        35.49995596501677    
    306.5000000000000       0.5291840307650640        15.19126356821659        231.1235576260378        3521.751182653133        65.00234519527146        36.49995403788924    
    307.5000000000000       0.5457976632327951        15.31819059161783        235.0159921350507        3611.416114944653        65.00483546207458        37.49995206032705    
    308.5000000000000       0.5633981493259222        15.44977033965508        239.0855479312497        3705.966911789465        65.00739334318389        38.49995002907043    
    309.5000000000000       0.5820452193111311        15.58610607053640        243.3391777127921        3805.667279902004        65.01002325430311        39.49994794061273    
    310.5000000000000       0.6018037945632612        15.72730629568820        247.7842486511496        3910.799686581929        65.01272995377472        40.49994579117515    
    311.5000000000000       0.6227429455868814        15.87348067633207        252.4284314070035        4021.663592378587        65.01551857839695        41.49994357667855    
    312.5000000000000       0.6449376530043658        16.02474353487810        257.2798226993044        4138.579077807425        65.01839468374114        42.49994129271104    
    313.5000000000000       0.6684683100133265        16.18121370828850        262.3469603151262        4261.888175353735        65.02136428964813        43.49993893449206    
    314.5000000000000       0.6934192503172202        16.34300980610262        267.6386885696132        4391.952599984946        65.02443393170184        44.49993649683164    
    315.5000000000000       0.7198849893490821        16.51025767635215        273.1644094514351        4529.160653966534        65.02761071962102        45.49993397408370    
    316.5000000000000       0.7479606809092178        16.68308257064228        278.9338631063221        4673.923410014130        65.03090240368391        46.49993136009348    
    317.5000000000000       0.7777599466808962        16.86161902596719        284.9574571394958        4826.683632787426        65.03431745050963        47.49992864813752    
    318.5000000000000       0.8093852538083693        17.04599135337069        291.2456322615441        4987.901040468071        65.03786512977587        48.49992583085446    
    319.5000000000000       0.8429738994013844        17.23635166118660        297.8102001720694        5158.088483134753        65.04155561376359        49.49992290016617    
    320.5000000000000       0.8786403771297840        17.43282145978206        304.6623292263091        5337.760596007090        65.04540009200338        50.49991984718682    
    321.5000000000000       0.9165472058198356        17.63556223107130        311.8150318028363        5527.500636379802        65.04941090376944        51.49991666211744    
    322.5000000000000       0.9568227322240636        17.84469952548101        319.2805250118333        5727.892504666949        65.05360169175437        52.49991333412385    
    323.5000000000000       0.9996519676336296        18.06039045406028        327.0726168216824        5939.585355850729        65.05798758098676        53.49990985119503    
    324.5000000000000        1.045191147984328        18.28277577698946        335.2050367150277        6163.250832846657        65.06258538797061        54.49990619997639    
    325.5000000000000        1.093637018434867        18.51200247485562        343.6922800273777        6399.608472383924        65.06741386617861        55.49990236557526    
    326.5000000000000        1.145184315255325        18.74821350581497        352.5491906517303        6649.413958516507        65.07249399549669        56.49989833133097    
    327.5000000000000        1.200053843437123        18.99157081412206        361.7919863905749        6913.494541843430        65.07784932508648        57.49989407854241    
    328.5000000000000        1.258465484390213        19.24218964478406        371.4355371113481        7192.665801222604        65.08350638153735        58.49988958614394    
    329.5000000000000        1.320681995178254        19.50026741272408        381.4987075329940        7487.899794891111        65.08949515729226        59.49988483031779    
    330.5000000000000        1.386935813118060        19.76587075579007        391.9955945646241        7800.055306180739        65.09584969839626        60.49987978402692    
    331.5000000000000        1.457546584543352        20.03924856165804        402.9484772845930        8130.283290822716        65.10260881596257        61.49987441645014    
    332.5000000000000        1.532779952579460        20.32043506839286        414.3713833364050        8479.516088730732        65.10981695284768        62.49986869229411    
    333.5000000000000        1.612990166742548        20.60965003882953        426.2867717930631        8848.993681309939        65.11752524653411        63.49986257094889    
    334.5000000000000        1.698490034908142        20.90699639516787        438.7128915356155        9239.867365803522        65.12579284208006        64.49985600544541    
    335.5000000000000        1.789676719054908        21.21257670857506        451.6686455104124        9653.355650724978        65.13468852658261        65.49984894115769    
    336.5000000000000        1.886920156853824        21.52658919828906        465.1777614062160        10090.88236456513        65.14429278092156        66.49984131417310    
    337.5000000000000        1.990647856312235        21.84905697591482        479.2571398904814        10553.70257881456        65.15470037860003        67.49983304922867    
    338.5000000000000        2.101284966763318        22.18018506137322        493.9323092791545        11043.40806178525        65.16602370980002        68.49982405707155    
    339.5000000000000        2.219349711218551        22.52002118665370        509.2226233014334        11561.44456577215        65.17839707827655        69.49981423104617    
    340.5000000000000        2.345333444419078        22.86868772238189        525.1514646316125        12109.45219965378        65.19198232029790        70.49980344263231    
    341.5000000000000        2.479724041880878        23.22629626356664        541.7424792126808        12689.14359260061        65.20697624583923        71.49979153553562    
    342.5000000000000        2.623155197825139        23.59289795793603        559.0173107561485        13302.22946004731        65.22362063088710        72.49977831775206    
    343.5000000000000        2.776203706782526        23.96860368626989        577.0009389232339        13950.59968651439        65.24221584307277        73.49976355074709    
    344.5000000000000        2.939600581704346        24.35347630653784        595.7169431803969        14636.17033555356        65.26313974136875        74.49974693444636    
    345.5000000000000        3.113937057632187        24.74758908258043        615.1900949048376        15360.97394298774        65.28687439573147        75.49972808601566    
    346.5000000000000        3.299993659077882        25.15097172629680        635.4435846453360        16127.05528728003        65.31404468108327        76.49970650921087    
    347.5000000000000        3.498580667197845        25.56368316458765        656.5028344209820        16936.62453906910        65.34547539451958        77.49968154901683    
    348.5000000000000        3.710524043413303        25.98574319236289        678.3918058934258        17791.91183759777        65.38227816927964        78.49965232262133    
    349.5000000000000        3.936757376654376        26.41717875669455        701.1354267836940        18695.26573321003        65.42598804694187        79.49961761095007    
    350.5000000000000        4.178182064104241        26.85796625605002        724.7566121853530        19649.04112799970        65.47878629139565        80.49957568170630    
    351.5000000000000        4.435907467453153        27.30812370405478        749.2808059127095        20655.77043457653        65.54388045133881        81.49952398751515    
    352.5000000000000        4.710960283853613        27.76766589225998        774.7342229335960        21718.12260835619        65.62618839565762        82.49945862263031    
    353.5000000000000        5.004628285474112        28.23658914722893        801.1423181382792        22838.81490555402        65.73365355995882        83.49937327826161    
    354.5000000000000        5.318083564696884        28.71481602462548        828.5267688493988        24020.49086696347        65.87999438073361        84.49925705863224    
    355.5000000000000        5.652687200665389        29.20230420563072        856.9115617895665        25265.98041650339        66.09111738069271        85.49908938645798    
    356.5000000000000        6.009998114915164        29.69901177886581        886.3209696618575        26578.21316983513        66.42251374767365        86.49882618113311    
    357.5000000000000        6.391586588704414        30.20482471466670        916.7751092605101        27960.01582077048        67.01833903590531        87.49835290544506    
    358.5000000000000        6.799090704890340        30.71966067436739        948.2963484622998        29414.41346722734        68.40592688868695        88.49725032631639    
    359.5000000000000        7.234488585978201        31.24332335067559        980.8993605152605        30944.12187630824        75.24987921479608        89.49179402052309    
